240 492 373
938 37 955
672 902 4
502 965 774
656 756 884
834 217 892
803 798 714
549 510 749
341 433 10
197 381 119
479 163 492
657 669 296
798 115 544
205 341 366
694 634 199
859 55 309
973 915 655
193 109 735
57 773 442
148 916 735
962 193 170
944 361 28
806 546 189
97 350 664
113 836 26
108 253 690
108 878 630
771 704 500
10 595 614
813 567 489
997 651 324
439 506 776
968 739 409
615 690 885
635 751 936
562 210 875
44 608 921
862 492 276
15 806 737
288 589 693
826 705 397
240 146 544
686 713 495
895 822 824
997 814 743
178 490 926
53 776 707
95 782 356
391 53 515
431 362 96
103 86 237
316 517 422
556 245 87
893 960 335
948 188 22
110 497 42
519 50 852
346 593 213
853 304 295
695 317 87
405 417 915
207 343 577
85 45 665
470 420 532
513 405 948
883 125 347
826 678 671
556 926 513
576 915 699
890 236 530
629 183 66
4 122 48
287 946 780
422 267 963
342 84 68
951 5 781
650 222 833
503 355 804
388 670 903
809 299 147
310 158 146
286 529 265
300 682 47
685 843 24
905 124 917
391 440 255
96 451 389
319 495 243
113 660 838
136 574 550
34 650 518
147 589 196
730 424 128
492 966 259
73 252 267
168 80 532
741 939 453
84 814 38
964 940 322
723 971 391
-1
