9184 5609 4594
4077 7529 9737
2528 3130 1451
4715 8479 2025
9511 8381 5833
7999 2063 8344
4449 8095 7259
8517 9402 2573
1466 7042 9213
6022 1341 5253
231 8287 7040
417 9169 2043
618 5911 7237
6817 1672 5422
2765 5645 5525
357 5789 9894
2188 441 2724
3344 2273 7139
5487 5971 7197
67 5536 9323
3704 307 8413
3137 7100 3541
5707 7402 1240
5438 6796 1215
1202 1559 6215
8173 2225 1890
6695 3485 5913
1834 8806 5318
1144 2542 6620
1890 8977 4095
6482 6479 6855
8712 6636 2039
9708 4910 1991
6066 3690 3623
6255 7674 7570
5968 1269 7711
5188 7210 2350
2172 606 2004
751 8042 3384
543 8007 9059
6047 3438 1150
1162 7968 8828
781 8313 328
8019 6350 1243
1001 6794 9286
2299 3424 3358
911 7965 8725
8805 5179 1964
7059 6767 9925
6675 5544 7981
90 5423 4463
1511 6409 4340
1260 40 887
7264 9544 4845
4886 8973 7710
9534 2023 411
6532 1388 1437
1005 5886 7420
8372 6387 8415
418 5474 6440
7378 2722 4701
3677 3705 1906
7981 885 4147
9988 3923 7874
3059 931 2554
896 4318 5756
4764 3777 2550
9584 2456 3433
3989 3126 8211
5418 171 6358
7085 2627 5676
883 598 4660
68 7320 2129
2966 5549 103
9319 8345 8930
302 4847 4253
5604 9324 268
612 6717 9346
4120 2984 3555
8716 6208 8250
8480 2626 6063
6123 7663 682
9007 3966 505
6161 2893 5581
3121 74 669
6091 5869 3318
2271 9114 5079
6197 2688 8350
2162 5019 9891
4690 2144 3542
8033 3289 9075
207 3183 6184
371 4751 2544
3634 7088 5940
394 6563 8793
6149 5725 514
9404 514 9713
80 2222 2287
5871 6406 1597
5586 6547 1951
7748 2443 1824
2625 47 1956
3605 6594 4032
7817 3519 7688
8705 1578 5295
2113 7691 63
4701 1924 2950
7067 4301 1192
786 2835 593
644 1158 9137
1407 999 8167
4052 4341 329
139 2602 7498
5041 381 2865
1174 1064 4900
2635 4340 5725
6448 4576 9207
5387 7813 2792
2012 5480 491
1337 1791 608
6564 9469 2336
5362 1632 792
7574 2456 446
7049 8340 973
9892 3903 1676
6218 336 1614
2050 2033 5968
3473 6082 2414
7647 7682 3829
4346 2561 2312
2399 3362 5889
2257 3276 2472
3416 3344 2141
3208 9953 376
2926 7742 4539
5962 890 6518
4799 4587 3488
195 354 7098
791 3733 8461
6368 9584 7557
9723 8537 5676
6882 5091 2274
8718 1521 7527
644 6657 7072
1692 1232 8589
5996 2267 2330
8838 84 423
8875 2566 7741
7984 1282 8493
3751 4151 2587
9654 2176 675
9347 5643 1128
5251 5547 923
5605 1173 8187
8363 9448 7655
9512 8747 9215
8060 88 9706
5948 1697 2598
8205 7798 5968
114 6812 4398
965 8555 2189
869 5615 6799
486 5276 2569
8898 3773 7884
5834 4189 4194
4952 1113 1449
1823 2015 101
108 2910 662
3765 9587 8172
790 7387 9777
4765 8513 270
55 6960 9131
6248 2277 9780
2183 5597 2095
3387 8815 4493
8963 782 184
4300 7914 5089
773 5312 5981
2025 1691 1354
5547 8011 5509
2361 872 1062
8152 4091 8584
3204 5290 246
5420 8333 9455
5238 2315 7501
9988 8871 5541
6151 8192 726
9956 6362 5767
7651 7860 2019
5713 9850 6357
6578 3579 4210
1631 1345 4588
8500 1973 4547
3274 6784 1356
2346 5613 5821
5838 6092 5829
9425 746 790
8472 4560 6031
4001 4575 1511
9689 3092 4161
1451 7002 6042
6688 7757 3005
2646 3843 225
3767 6852 9843
3776 7310 7714
6698 8491 4655
7983 8056 2576
9659 2114 2504
5090 9234 9678
371 1092 8131
9605 9380 9014
5409 6346 4892
9331 4202 2764
86 1114 6613
7600 1821 3404
458 4493 9660
9509 9863 2542
9527 1791 1151
1700 5449 6723
1765 8378 9165
1026 9178 77
5696 4979 1379
9051 8311 3997
991 2587 9469
8135 3336 9278
7168 3821 4535
7972 669 3030
9965 5218 392
3733 5119 8050
7217 6221 1537
2860 2564 7448
1543 2724 9423
5209 9352 5188
9897 2784 4628
8235 2897 607
8631 7686 8372
9147 1534 2062
3412 1093 8106
3698 6405 9337
2483 2134 8633
5462 1102 4732
2239 3535 3266
5459 5016 2386
1175 173 8202
3767 5696 9989
9416 203 7371
1936 6290 542
7 7603 6952
9785 4837 7286
8917 8276 2418
6312 8042 4215
9348 3379 5464
2895 7874 352
7218 1540 1641
1662 4611 8217
268 5056 5596
2019 6300 7221
4608 2365 1225
668 5107 8619
887 5830 2112
6190 7892 2638
4698 1832 873
1495 2342 6176
2688 9174 8919
3896 9109 6160
3338 8909 9903
340 1683 5199
2337 972 9847
3250 252 1488
908 9459 552
4187 238 2991
131 2866 7075
5553 7688 9555
5809 7226 515
5082 526 7494
4884 714 4200
124 8258 2442
4375 2310 1507
5005 1360 563
1481 8919 6603
6521 2143 1597
375 94 4148
140 8396 7737
5367 9644 1633
4165 724 3702
6127 2726 7677
2916 7078 4878
4477 3817 2351
8274 5545 6145
6865 409 6488
9817 888 4677
2005 6770 3507
9349 5986 66
2796 3097 734
8860 3950 1080
3706 353 6258
7871 8073 3671
218 7691 5959
4921 6274 4825
5292 1759 8612
395 6176 5199
6139 8382 2193
36 9610 9642
7170 2414 6397
4234 4183 378
1424 6332 8110
6212 3439 9099
4064 4426 6398
6283 3897 370
7722 2660 6227
2527 9983 1331
2474 240 2252
7213 9404 2266
2564 8598 8559
1111 1766 3330
9047 2383 6623
7017 3608 3222
6638 2160 1049
5477 2297 2645
3274 1709 7486
3755 6775 746
4428 3831 5565
2581 2803 8634
7741 9340 777
5345 6495 8086
3455 3225 3304
4673 9411 3431
895 4719 6807
695 9069 9361
1890 3042 4563
7410 1110 3510
7232 5415 8226
1713 3890 8484
584 6925 3181
8755 9329 2211
8346 1122 2464
9113 9570 4826
9717 5677 7228
5431 1347 695
35 4693 1987
4170 2027 2871
586 9676 9765
7150 3257 7527
5217 2216 4836
2558 9107 5782
2293 5795 2506
3235 9009 8536
5101 3730 8603
4293 2582 8087
1336 6042 1571
8937 7763 9765
955 422 8818
9590 9487 9879
4233 865 2801
3894 6781 2820
6312 6238 7643
4202 3924 6065
6986 4159 96
47 7199 6853
7958 6806 2607
2966 7639 1797
1690 9531 7658
2086 3462 4012
3381 5307 8698
8985 8154 4408
4092 121 228
2017 7885 1504
7506 6485 7811
9302 8323 1291
6695 6902 3683
9868 4673 53
2373 9058 7376
1908 6705 1279
4158 3286 5840
8449 7028 1718
9350 7733 890
4755 3694 5561
9425 3277 252
5526 1045 1333
2031 9982 9421
6720 5574 8018
4564 3773 85
2583 2957 9607
9224 6650 4227
2876 8663 7634
5199 2095 2714
3077 6045 9371
4191 2621 3201
3833 4650 8380
998 6580 5340
254 4999 91
7703 8927 4690
8486 8656 9245
4937 1309 9062
1006 667 3366
5523 1733 9251
9117 5601 9345
9343 1736 3838
3958 5748 8988
1443 5472 3967
9882 1473 8485
8655 2302 701
4427 4977 5370
7214 1995 5420
4430 2164 8548
767 459 7499
162 3592 8824
6384 1296 2551
1972 2164 4715
1969 525 703
3081 4393 5041
9367 2667 5676
1842 3456 6047
1803 6255 8454
9865 6575 658
1657 5938 9960
2212 3080 3953
9926 5991 4466
4458 6652 3621
6104 2276 4066
1733 2455 8256
1466 9903 9829
262 2485 7008
3114 2242 759
5327 5249 4127
3400 4880 5534
2306 8428 7337
8162 3611 8326
8596 269 215
1848 4277 7235
106 9838 172
8819 1131 3596
2972 8308 8656
36 3757 3376
5628 1117 1888
646 438 3728
1794 1738 9868
7269 8594 512
1255 1694 1653
5241 5184 2018
2186 1773 4980
2685 6602 4634
9844 8405 7874
4891 9168 7648
628 6205 8517
4133 363 9566
3925 6528 3758
4774 1606 7866
4934 5307 6781
232 6147 1855
140 3026 7948
6109 4218 3303
3286 1301 1154
4431 7816 2611
7503 241 3820
1815 150 3047
295 1568 1332
2526 173 170
1898 6978 4895
5130 630 810
1798 3607 2788
9952 7285 2972
8452 6292 3994
2939 9822 4961
3893 6372 7140
31 6572 4214
2230 2011 3582
3621 7180 3588
1942 1709 2047
8887 9363 7206
9321 9294 2598
5016 4991 4324
1035 3569 6091
8012 1228 8533
9231 5266 5090
181 4871 4834
861 1203 9550
2697 7238 101
2068 4409 403
4200 3054 4320
9883 6166 2686
2682 8507 8859
3845 6886 5160
8213 4390 3191
6229 1482 9693
8764 7207 9295
8032 834 7399
6070 437 2153
8936 23 4372
2516 6699 9010
7310 453 4815
8515 5566 808
8220 1703 5070
7598 738 1855
1150 4925 8973
51 1217 6390
9468 7001 7272
4280 2866 5894
9075 483 396
9811 5780 2735
5173 228 2439
3678 3175 933
4416 6335 4706
3909 9619 2868
1202 6856 9177
3607 3707 5224
3506 2760 680
7836 3782 8714
982 6011 2112
5935 6762 7762
4061 6561 1674
8501 4689 9603
9098 1971 700
4759 6901 1325
4299 1089 5103
5752 2897 2459
649 1776 424
1706 2005 5439
7602 1585 1434
8319 357 1509
5530 9580 1991
7250 6322 2734
5541 284 6305
5893 9194 4407
2477 822 6687
1563 1651 182
4510 3074 1517
2740 5531 6276
8025 5323 1013
7638 2647 7431
7081 1118 6547
1145 1192 3658
9668 2854 634
9761 9172 7765
755 9209 610
3064 2981 3883
1332 1962 2294
7109 4000 7707
1012 8734 7373
8712 5142 4447
1781 62 4180
6192 4782 2975
1066 3009 6538
2582 2537 8522
1659 1128 4014
3156 4747 9741
9079 3018 6363
317 6771 1818
58 4526 9818
7793 2105 5933
1661 7958 268
106 8783 1845
5859 4697 4324
2591 6026 3894
5209 3503 8382
1401 3684 8609
8769 794 5037
1454 240 3575
2845 1755 387
6532 757 1379
3860 4722 5555
4177 5508 6323
2177 2403 2218
1645 9759 2524
429 9789 3378
3625 8005 8638
2252 7990 3596
2730 605 897
7115 3007 426
2607 1650 9158
7870 6637 2168
7456 9583 9178
6404 7426 2578
5876 4187 5491
1169 5760 6315
4292 4860 4254
8151 7535 8286
9324 6116 4770
8001 1193 3491
1758 2740 125
7553 5019 3820
9928 6139 6687
5353 168 598
8687 2363 7791
7213 3621 3972
851 3452 5218
2704 9976 7725
197 898 7931
4721 5469 5296
2480 994 3148
3555 5663 2230
1596 9272 1290
5542 4070 9482
1651 4464 3633
9139 4587 9098
2520 3056 1950
1416 8640 6885
1821 9055 1672
9745 267 3771
6097 8563 3037
1902 2368 8253
636 4090 9089
744 5517 2497
6974 7433 6499
5883 2353 1906
7458 8296 3319
460 503 7446
8885 1539 2807
6821 575 7794
2853 4665 4486
2497 1432 2544
9250 8924 2060
5813 5953 7222
1079 1476 9103
2446 4879 4238
4886 3825 8507
79 2855 4928
6327 5823 6842
499 2396 822
8467 4093 7807
2004 6726 4258
4377 9904 3803
4807 7015 510
2741 153 8434
4838 4336 1073
5329 2115 6137
518 4590 377
4307 9588 9303
2331 1655 8988
6502 444 4315
5467 4547 4660
5462 7935 568
8853 675 4615
3717 1103 9956
9610 1717 64
3961 411 9216
6368 962 7308
9011 7469 8257
5345 4909 8722
3491 230 3020
1261 8960 2051
3623 4705 3296
1774 7917 1081
9153 1442 4910
8174 1895 5360
9816 9755 1139
9171 7973 5358
8008 904 1522
1986 5465 3645
4227 5483 774
3305 6294 7362
649 4525 5653
8482 7692 6490
3552 6162 8702
627 1706 4884
9414 6867 5298
3325 9206 2770
8630 3413 2483
4948 3859 5217
8564 2019 5632
7376 8490 5294
9883 4563 2271
9650 1316 3841
3298 1416 8281
4329 5121 815
8049 4825 6088
7756 2717 3614
3369 1006 6588
6365 9548 5543
4206 8034 7594
3000 8636 2359
9876 9132 6565
9960 9658 1961
2428 7364 4088
1122 7664 2630
2691 2272 716
5860 4821 1345
304 5816 9013
8690 1775 8782
6459 185 7196
9197 7234 742
7278 2665 6431
2988 5563 1304
2209 2074 8100
8836 5065 4335
941 3232 2028
7501 2081 1823
1238 7885 5507
241 3394 9475
2488 6735 3191
8835 2211 7049
2341 7172 3968
9262 3441 1957
2549 4236 5036
1149 278 5081
6715 6711 6569
1729 3923 2318
1817 816 4755
1781 526 9554
1175 2027 9853
2265 6281 2844
6780 592 2410
1995 9481 1854
9986 2527 716
1212 7893 891
9273 1658 6087
835 4986 4991
3808 8620 3501
4144 1347 9907
1242 4307 7196
1089 7832 8916
520 8797 8720
8408 3274 6530
9121 4416 7867
882 1398 5344
2401 9083 5461
2865 8484 8986
314 3315 4525
8846 2467 2919
6943 7758 9981
4636 5402 7485
5983 1736 4493
1900 3989 2506
2013 4337 3792
1358 8212 8439
7916 2096 7595
8518 4818 1732
234 4836 1423
4885 783 5980
5189 8685 2334
8830 1056 1333
9913 4280 3932
7277 9504 7059
6069 6174 2042
592 2766 9662
404 2469 2806
2052 2681 3603
3384 7260 8691
58 5331 1933
241 9087 8202
4489 2729 8012
5228 7541 9488
6152 9669 5290
8952 1642 9350
8892 6953 2712
5380 1209 9316
9940 589 8147
5971 6522 2800
8257 2229 9411
9340 115 9656
5006 3641 7653
968 4351 5239
8758 7528 5560
8484 7033 8958
7175 210 2491
9443 9728 1032
7686 9147 285
3927 3974 8722
3 304 6731
248 5655 8900
4670 5967 6657
6476 1463 9842
9359 4746 1134
4840 5501 1264
800 9433 6580
1472 5620 5152
8449 259 9519
9586 4327 8542
2709 4062 7319
433 657 5941
5711 6978 8727
7980 4736 4506
7944 5935 1477
4926 4869 2409
7825 4497 2552
4082 5240 712
3119 7127 6225
894 3098 4112
5354 2760 2648
9758 3357 1628
7821 7988 658
4686 534 7447
6020 8363 624
6857 536 7866
9125 4786 6619
7503 8056 2096
1004 3649 6644
4753 6490 3599
9088 7230 815
5199 7206 987
2477 1319 3669
6092 1272 3424
7923 5226 7828
1511 1766 1237
1600 405 4341
7772 7588 2434
6282 3692 4807
757 2971 3126
452 175 1353
1700 2317 922
7689 332 3424
844 6226 9285
793 2736 9381
9578 793 5782
5140 8734 3894
297 7148 3503
4211 1506 468
8413 1121 4491
2299 9212 5397
4183 797 1305
3932 5904 4983
7786 7181 7137
1179 6553 5550
9686 5750 6177
3322 304 3248
2793 801 2813
8227 1522 512
5303 2592 8524
7506 8219 3342
4622 9159 5854
1524 853 6661
875 633 2444
3580 8896 4026
6205 5406 9482
2988 8103 2671
2573 7331 2353
5401 4137 8914
8782 9363 9
596 7313 9523
4526 6538 1138
2882 7179 1909
4481 2895 8546
2999 6347 230
8720 693 4812
6082 2084 9408
308 6640 7381
133 7372 7703
5205 5665 9642
5877 3568 6696
4627 1355 746
6376 9649 8252
1288 1834 3509
258 2541 1097
3407 818 9272
6917 4428 5761
9436 1210 7918
806 657 3133
7138 4641 7865
7287 7567 6781
3365 9078 5803
2419 5128 5232
3986 271 1372
1609 8585 7766
8468 9062 4943
6808 3282 6098
9205 6787 1626
6946 7936 6824
5623 3781 893
82 5949 478
1732 6579 5774
196 9968 753
672 601 2622
1714 3455 8586
1379 1364 8383
615 9683 5745
4613 1444 3248
1200 9031 3055
7536 6894 3872
9331 9970 7583
8041 1516 7650
320 1076 5708
4507 6863 6827
2333 3132 9742
9161 1623 9054
2227 6326 132
8229 5715 1657
2131 9989 5201
169 5562 2999
6529 4293 1936
2891 4866 8101
4570 3776 9131
4080 8308 3363
949 6719 930
8805 8218 178
7 5328 4620
2785 1573 1354
8121 3942 6070
5579 7453 5546
8380 6316 1784
4140 9092 3040
9346 377 8928
3208 4684 728
3892 5969 1833
998 945 4800
2622 9330 5601
4946 3573 4697
6786 4477 2136
1060 2679 5499
8012 416 539
5816 4795 735
8727 3753 2599
2797 8997 3679
9196 9798 5398
2781 6341 8454
354 8150 8978
1201 702 8139
5513 980 9971
7652 5786 2667
108 716 9399
8181 6191 2770
5475 2533 7504
461 3130 2506
1539 7567 962
7361 6193 8046
7153 2633 2252
8831 3855 4279
6342 1699 1021
9771 3215 8343
7638 6787 8014
5991 5525 6991
1842 323 7047
9749 6361 5780
1906 326 5664
4656 3286 5088
3916 7036 4947
6293 2089 5922
9900 7116 593
676 5915 119
959 8655 1268
7045 2020 4339
2766 1448 9114
1794 8815 3737
2200 4423 1287
4603 3909 2137
3857 5789 480
512 9029 8644
2127 1448 7537
8329 4726 1140
4634 5822 2763
5332 1869 1591
6488 2569 1658
5367 4752 2376
2324 8680 8966
9358 3330 1823
8394 9075 9834
4031 997 1330
1166 8109 6359
6536 503 2132
4287 7419 4082
9898 539 5293
5176 9714 5584
5745 9666 1780
3388 1901 6269
8826 1034 1808
7018 8764 823
7478 4457 5518
2083 9529 7287
6792 7289 5259
5845 1110 786
3170 5324 1810
6854 99 1933
767 1141 9954
1182 167 9238
376 6050 6791
4286 6790 1031
344 6323 5689
9814 6018 9089
7246 3015 1549
845 792 1156
2376 7240 4768
1886 237 1094
5949 1733 9700
9263 7844 5828
9224 1638 2449
1451 2487 1640
4807 8210 701
9607 7764 3002
6899 8872 2105
8134 8452 2538
6488 7338 1409
5401 2382 8691
7541 8833 916
7479 4299 7558
2017 6318 4095
579 7410 4497
6962 3682 8460
5554 1490 508
4096 1660 2361
9793 9985 2125
4485 1306 339
1377 9288 8524
7204 352 833
4160 1551 7083
2411 2370 9934
3363 4676 2870
1952 8827 5792
3570 7532 5295
5279 6744 789
5045 2204 3410
6094 1394 1384
-1