29132 30242 23679
12280 16336 22445
18265 27198 9410
24780 10846 21320
2969 15784 31206
25501 18959 28452
27925 2148 8451
22966 8541 18644
7195 13942 5956
24555 5293 6772
27752 7779 23520
2127 30400 10466
20494 16387 9508
26225 24941 16643
18704 13103 18927
12936 11685 11078
31846 9768 8176
8735 3820 26794
19567 6610 9346
21785 5585 20193
6647 24087 18686
11301 31244 16756
21079 15112 31957
6655 22591 25589
5730 17308 24282
4877 22687 17815
22804 5404 11385
14136 19174 16587
9794 21144 24789
16407 31063 10674
8379 3585 20224
12733 6089 31879
1175 6330 10701
22228 5357 6473
26033 29620 12521
16576 836 19530
19314 23422 28222
27397 7311 31613
638 18128 24525
19751 23957 24201
20962 11883 27016
10421 12687 15375
1234 11122 18379
18760 27561 20652
15133 30088 18050
19092 12874 21655
471 7246 2608
23781 21288 6890
8946 4127 3904
31382 2133 4608
13753 15378 31082
8554 21954 3684
4974 10165 12320
30924 9198 21063
14963 24826 26158
27236 26555 16767
12236 24392 23066
9346 20641 13939
25052 14004 10728
22085 28084 1670
16546 24266 20552
17305 20281 1239
32496 4725 6755
9046 11707 18559
3401 30430 27828
9253 24809 14215
10851 21852 21176
1276 16278 27212
11916 22737 26721
29769 12218 29463
20067 30982 32123
29998 2123 1029
18069 7899 12955
27730 16439 24986
1452 8817 3108
15926 3314 6805
18963 8342 25474
10003 22614 11738
6609 22293 1979
14503 10431 11667
18096 20414 5588
17535 1962 6868
11465 12352 26311
31134 29258 14178
21170 6443 13306
12940 15559 29558
22968 10418 5239
27964 23585 31627
4590 1547 1109
14406 5108 20124
22782 24697 5393
6498 23695 16218
31733 6499 202
7985 19222 25415
29573 29453 29595
1198 10413 18614
20345 9671 17803
5860 1756 26911
20806 15278 25800
32182 20138 16197
24320 5976 8999
12002 21799 16682
28445 9213 19237
16004 15191 19392
8908 28158 8149
699 6332 25294
18382 22745 2179
10321 30453 4499
15369 25575 29692
29795 18988 18692
31830 380 18599
4996 9538 24248
21816 31807 19973
4306 14850 23518
1910 21717 12592
28653 5312 11732
3035 30257 26980
31452 16429 4667
18557 10535 8903
12605 26952 22162
20321 24605 17635
30801 1200 18376
29013 23010 30605
17353 11727 2111
24915 18202 1074
32088 19849 825
9168 8128 27329
1407 22903 27303
25279 16046 18604
21000 32222 10441
18996 14115 5552
32552 5081 302
6885 15563 3434
11848 12910 21743
30468 28846 11746
23007 17552 11313
25376 1549 21133
26600 10038 23393
22544 2082 28801
19665 14856 25758
25622 9778 9159
3839 21089 9805
2238 23930 26380
32566 29576 3538
4130 12505 17963
5254 24693 29142
20378 27721 28989
6799 23166 31154
1793 18046 6453
22325 32187 8141
4891 7506 16439
2336 30473 31500
20156 6582 30492
12957 6382 8112
4536 20072 12019
7344 27596 8751
3541 28838 8279
27782 2855 9959
10539 11399 9196
6528 17649 32712
12980 24265 32365
7306 20744 13629
14595 15411 26632
24968 26234 2559
13395 13026 18945
27122 16679 8604
27759 11281 7882
15352 9679 32721
22568 21822 24604
15312 27581 11020
30537 19907 19381
29934 23172 26287
10578 4654 21180
14173 3983 18926
4705 20744 4355
20851 29291 32344
3335 3268 157
10388 20507 15732
17163 7443 4998
5052 21722 18163
8253 21965 16455
12558 6406 4451
14826 25642 12253
2974 8508 30064
19095 25358 27224
22816 23237 6156
21758 19842 27867
28497 5341 29216
12946 25281 20242
24370 3210 5256
4332 20826 22324
30824 9202 15761
32495 10065 25383
24929 8049 4403
30092 9046 12905
272 4583 22447
4450 10069 12227
15704 20203 7786
18872 18205 10997
7560 5356 1304
9852 19915 20954
17003 31338 30088
6738 11061 30136
28128 20673 3774
1750 5781 5299
4597 29773 15389
24726 26141 2211
9205 13505 22467
13694 13112 29621
18931 29197 25456
21410 29099 22692
31148 2349 26000
18342 13267 3952
21984 2472 24631
12610 168 18643
4973 14265 13879
20874 28765 25070
466 26701 13973
2560 19113 14046
2787 7004 266
5282 11810 15931
11221 11849 5716
23660 27184 20658
7665 25427 15739
23304 15743 26418
12167 7218 867
2983 10498 8042
15863 21878 3126
11307 3036 18825
26612 32081 18066
32053 22218 29564
31557 31679 24188
18101 26090 9503
25522 31572 8843
27139 1519 7712
2271 2327 30658
3001 26142 12676
10048 18227 2323
11958 19121 9220
21619 355 9610
18208 19309 2505
6556 17250 19586
10039 22666 21806
28311 28878 18816
341 13385 27529
30498 6968 2432
24955 6595 30257
16199 15960 4568
17966 31195 5431
26284 29599 17665
13206 7509 26259
17053 26015 31718
3357 10113 20394
3302 8445 31363
258 30465 28796
18898 9196 31998
11928 19082 28389
14833 3681 5765
15148 28082 11683
31861 25728 28045
4805 5679 22059
3387 16881 6474
26943 5137 11638
5609 30752 4728
1386 6101 19266
11165 10899 24015
17204 10090 18568
6948 25566 24756
23315 30593 9479
25526 8922 16649
11290 20670 19774
1189 21289 22310
21380 155 8498
23686 21810 9571
6049 9256 29116
6326 30999 2748
25952 28391 28010
10829 27983 3702
9965 31348 14093
29155 27889 16588
24346 15296 12171
26021 17106 20746
2200 253 10642
28089 19967 13228
2332 26518 6454
8414 26941 4941
26632 7110 10925
32707 14997 23953
13622 31657 21146
22425 20760 6482
30706 30172 12205
9409 26205 26028
26441 16391 18561
13480 26212 6604
25646 23530 8699
29227 23526 2946
819 25027 10653
18979 22592 5898
14013 15645 19589
32229 13677 11403
11260 1398 7955
6094 30169 30773
31767 28218 618
6723 22763 16398
16450 507 3144
31658 19606 24265
12986 2812 27367
8767 862 25916
8161 16229 25066
26841 29572 29777
20975 4531 7809
20984 12123 24458
9959 30276 20546
182 12286 11367
29662 5401 371
26478 8916 7507
2486 19225 25784
27188 24481 14058
28372 8311 1882
1916 12325 9389
32378 534 24231
887 21359 7808
27091 10744 19487
8981 30309 650
24525 18202 18274
18864 2113 20302
14426 12109 11811
22722 11498 6163
13481 17899 6534
4925 26738 502
2421 22657 21937
3675 17949 25152
18829 3765 897
30721 712 18129
13832 15645 21919
16133 30080 6075
18162 707 4450
1023 25253 11629
14936 10111 20806
14699 25852 14583
28912 17788 18915
4157 30063 17481
9946 29303 21412
19008 9583 28299
31787 28063 2740
24023 10556 27855
5183 23843 17359
3828 9845 20947
9220 29378 12297
20321 12481 16274
26303 28939 8861
27829 16758 31689
28157 4872 21349
23682 6268 31944
27813 22143 32145
26536 9199 30240
18028 11553 11688
7118 6432 17674
9242 13104 17159
22120 9477 27298
25186 19079 26710
32483 21313 5706
13366 28429 25507
11711 21062 11467
4829 22006 27177
7366 24640 18708
25924 31584 27894
24739 16321 31141
29997 14892 27354
9854 25720 2568
9300 30760 2417
4211 26441 2533
11428 25826 23083
25074 3752 2967
24070 21432 4495
2418 8965 21062
4481 27146 26168
18175 12451 27644
15508 16528 6717
18307 3900 3622
285 17225 11519
6877 23862 2941
5409 7547 11405
32550 24414 28766
15190 26551 25900
9651 14169 20195
4161 11241 4763
26290 29269 5733
31035 14293 2601
24184 24218 2615
22984 12430 26046
15316 12812 6568
10489 31182 22373
10508 9413 4029
25558 23098 18931
16711 2624 23331
31493 25074 7907
662 30936 7989
2338 2811 646
12501 646 25923
11402 25455 18182
14367 13093 12624
6790 24432 19457
23949 18333 32767
15125 17745 31643
879 11976 23409
9163 4208 10073
582 12277 21301
28030 14267 24103
10791 23627 18341
29621 2779 598
30803 1919 13121
24089 25958 16754
31519 14743 31971
13138 22974 26947
21127 11958 29668
29213 15707 15444
17921 23326 29576
6270 16045 11734
6251 22765 23890
27220 28908 8126
10534 29254 12812
32698 5213 12129
7614 30170 8092
30979 25080 7178
20912 32023 28169
31022 22400 12346
12845 4707 24640
2331 32095 8583
2536 2856 28014
5371 29157 25703
9555 15527 15886
8865 15810 18495
12761 17350 9215
31429 9167 9613
23283 14160 26429
6235 21119 19211
32301 6502 18704
6272 10132 30746
27508 2071 7629
27324 9964 25049
6470 22093 24962
29818 27514 19889
3228 11671 17951
3088 17874 1852
672 28285 31229
28329 32205 12501
16016 2134 23506
29162 21804 30004
18533 17121 3438
32054 1860 17881
30988 17168 26847
8142 9760 25919
30545 16828 21443
12361 28565 19719
21726 17990 23287
5914 5437 24479
23752 4174 29925
2326 2134 4622
28072 774 21276
22586 14070 9708
30517 10696 23542
28711 23063 29873
30677 8444 19325
24843 3167 1245
12453 8050 9932
22251 28604 30381
18140 23481 12183
21647 15398 6483
16291 26138 28076
20607 15391 31467
16308 6978 17032
14290 3027 21670
19029 23744 24395
11707 30181 8678
29591 5084 28598
28699 5443 19507
10199 30846 27905
26752 1440 28509
24314 30997 24992
28246 29794 8229
23511 16828 847
27199 25125 9533
2251 4118 31491
13249 26919 1411
10353 3732 2707
31181 30511 32712
32236 11559 3632
7125 10709 16250
21068 9859 11273
23653 29237 16138
25840 26755 28332
6007 24944 5100
29429 15185 5893
30206 4488 10621
9748 5725 14601
17759 5756 1848
30074 25410 17007
29902 20912 29690
25472 20017 27907
5063 30204 27466
6474 125 26238
21534 5383 15074
15806 3407 13790
22360 16042 3558
5964 16828 10936
16975 8597 30861
8314 16549 31998
849 18547 4657
17725 10292 17449
13869 4398 9459
4987 16845 8903
28408 25653 16768
21326 16071 32738
16243 4041 27288
19425 4950 31159
21573 4027 24420
32765 28263 30132
24221 1059 7356
31136 26710 24512
29645 14840 19700
24115 7117 24365
28661 32404 23235
3388 17200 4587
2540 4995 1885
2463 31322 20179
30167 2609 3298
29126 14241 5673
309 10067 19879
25937 16461 17311
20039 15394 9739
30486 7184 22396
3614 14267 31178
16538 10278 21692
8118 7492 22297
26698 13847 20550
8166 7079 22768
32290 27481 29057
2320 18946 7999
2686 11852 24304
21194 6168 3852
6473 8759 29099
24841 25711 26029
32716 22356 8383
20329 29149 20891
9667 13592 29150
4264 13480 2180
19078 5162 28402
17267 13203 1464
9582 19148 14430
21779 4968 3324
27826 27051 23071
24472 25566 3429
20598 24644 7689
29852 31468 23763
24518 1894 16334
1712 10217 20504
11180 30076 14232
13068 23049 15608
24741 21409 22102
6694 3611 19076
2338 31659 15126
4398 1419 27000
19416 18094 19192
4009 32026 12713
20234 28845 23968
9119 25551 680
1552 8559 20025
15381 772 29982
8399 21424 9566
3284 11939 14227
11484 19239 10884
32671 236 11420
18036 24349 27585
26219 26461 22949
2982 25219 16639
16191 28306 15566
28205 13257 3069
9654 22841 17817
4339 19944 2221
22371 12903 16216
9275 24924 31177
18309 17911 19871
16347 22270 27588
29648 18880 31269
7436 30720 15445
20275 6325 4305
22981 7548 8016
30939 15704 29173
11667 3918 2444
25843 15113 27608
15463 27957 20744
27081 7691 25637
3556 28277 32139
8027 26722 28377
12285 17251 18287
30850 1489 13248
16914 16811 10849
17456 7072 1190
8648 3890 20527
10877 22776 5574
17740 2264 31751
3188 29425 14113
1738 31119 6321
16103 17317 2235
21302 11136 11425
14253 9709 15603
25279 16434 19712
16917 12173 25459
27525 24049 17654
31351 27125 15469
12126 28649 6367
31275 11759 1820
27613 17326 25901
5196 24776 28606
8145 2599 26408
6413 4564 139
23534 31514 20938
6290 28006 5718
31857 25036 31591
24454 13962 9419
18381 32360 231
14053 2856 24473
4806 15157 16822
7606 11869 29923
17551 1473 9142
3749 800 15047
30141 31622 28890
15552 21912 21735
31531 22199 26678
22979 7086 14379
2603 29495 23199
15796 1467 25153
21905 11498 28468
31432 7779 26498
7042 4060 1648
22970 25853 30016
10758 10232 12933
14885 20506 24493
29905 313 29241
12160 3588 6624
194 27305 22401
16065 14163 23450
14849 7557 5505
10725 3043 3035
20428 22362 10691
3520 19665 6255
32077 4349 706
3046 26195 497
18708 5545 14878
7568 29303 24825
19714 9388 17163
19911 14901 21620
5841 19810 24034
18490 19552 29267
13688 10361 18393
14213 6728 19222
8732 17066 2639
10470 22588 9689
29520 19569 3889
25724 13351 7669
16333 16233 18521
12462 24306 3151
20975 30037 22017
7252 30085 30183
24469 30204 15518
32423 7282 26189
29242 22630 29880
11569 11691 30722
6493 18715 32676
18221 14809 9709
30099 27247 16931
13082 26416 10350
13533 9479 16982
22126 30155 26040
18707 28180 6282
30888 30203 12399
1919 22008 31425
31289 5901 204
3336 11609 22795
23795 30070 21421
17525 1990 5386
24327 1377 14418
21680 10869 2357
27321 13075 8390
6936 23253 25779
11337 9382 4639
14903 21464 26344
3279 16644 10517
16259 14917 21006
27636 20015 23720
750 1914 3691
3021 11574 19396
14704 24410 1
2378 1123 1067
20430 29029 3790
16628 6286 24591
5457 11816 26107
29418 15509 9498
5676 4485 2178
10851 10854 19162
21426 22403 6710
11291 23333 1995
23740 29870 12854
19578 7242 19318
13005 27686 18478
22868 15831 29021
30923 27885 24563
3213 23023 2990
11886 19745 3936
5134 28786 30189
18360 21779 26746
28876 29043 16152
21001 9607 17991
4557 26524 14329
8372 11135 1245
29041 20443 23962
14617 22872 23955
27244 24052 16660
31418 4139 1628
18219 1481 17722
22971 5548 24491
2472 12145 24523
720 29178 32385
25291 4221 20266
30090 28193 18534
6127 20218 14038
7806 30527 13694
31277 25358 9234
19645 13190 12548
26218 12869 27010
5774 28048 2757
22120 11240 23456
28542 28615 3187
10823 20468 4445
26118 19660 7145
20280 4744 13133
18827 13083 28607
4940 3053 26915
26979 6506 19892
8106 26999 26737
17427 7788 8921
2456 11769 22760
27159 12803 5000
10 4228 394
6602 22278 30091
7867 16031 20359
16964 21538 4346
12553 837 4808
14669 20355 5307
32249 26178 5450
5305 25674 29100
25650 20431 18907
20925 4598 23519
26586 10873 986
21804 17736 4970
11662 29108 19712
26006 30550 24256
1269 9646 20328
7353 19131 24200
27285 19773 14665
32719 30764 10098
7165 5370 19740
1690 4832 26746
19032 18152 19500
26424 640 25746
30475 22590 25277
4392 21410 15540
25325 13092 1102
27663 256 962
1069 16517 2977
16146 26337 26564
25 6731 17808
11235 32625 29794
32047 18585 7895
29915 8705 8365
5956 3296 19546
26541 6235 3728
8873 5091 17043
20121 17589 11397
3224 1033 31783
18476 6127 23137
22089 20359 14553
27115 2829 22609
13691 2638 21841
11392 59 13152
8289 20928 29037
24635 11966 9503
17455 10387 7710
24330 23185 1095
27827 4984 3322
27957 25520 613
2247 21331 2826
19586 564 5884
2683 24619 15744
32135 7117 12953
13132 21534 29269
6489 21573 13517
15294 22524 12290
8666 7688 13841
815 27477 22223
12624 28908 4847
24529 8216 27504
8720 15531 22556
4082 9763 21987
11609 31177 18229
1323 23883 20690
11454 14052 14944
5906 9406 17634
11181 31132 16652
28271 21727 10421
24299 4498 31349
31543 19679 2449
30253 24883 703
22196 20412 27098
8202 29516 19906
24734 9342 31220
4861 17812 5863
279 7101 9501
3638 20402 12184
4805 20690 20315
7006 19307 32307
24451 18256 17059
30380 28152 32140
8024 30088 30893
29900 27574 4441
23742 29520 31814
5773 5807 7705
21083 28738 22517
18520 32174 4956
5559 22310 16709
8148 29909 3445
32665 11346 14122
21575 12791 28671
3598 21278 28455
16020 30239 27827
17740 2744 66
29674 27403 25224
11236 11526 3055
6775 13958 28441
13324 6744 1144
31167 7907 185
1764 21260 28038
4211 17167 16835
2045 7295 24284
14281 11751 26123
22162 16601 31332
8397 16350 18808
24371 4504 15900
21036 23320 31533
3026 25321 28545
19795 15741 21196
6504 18986 8593
14348 20859 5564
25019 5165 22395
25557 18793 4214
19682 14357 21900
24230 25288 27715
29084 4579 7943
28900 1501 1011
31902 31756 15074
6830 27475 6773
5711 435 29341
22222 21731 11355
31680 27477 9653
13291 1850 12712
10941 26126 20830
17624 25239 6018
10815 2496 24452
3857 1231 4501
28594 7363 328
2750 6845 12626
30411 13285 6261
2526 16455 1358
9442 17378 20637
1127 21893 28007
20994 30113 21473
25975 21668 24703
8506 8405 20624
6636 18333 9963
32467 18642 7200
23300 19935 6376
30315 26043 30001
4044 375 21171
27697 14417 2454
13961 18522 6170
27572 28935 18074
9064 2524 24475
1020 9008 26878
5127 10628 16753
23535 25433 3930
12228 24497 24862
6956 7221 3317
6867 24013 26705
17118 10140 13346
22144 28424 24633
28478 8597 5833
21301 18380 12964
1462 18784 8365
26899 17769 28288
23779 10484 17026
29252 19630 9106
17132 13689 30196
3658 4450 22400
15334 15261 561
14336 10721 19075
13631 16600 26002
24577 14668 3160
3166 7933 29816
15280 1 21074
30213 4520 26229
32032 5471 9618
24853 17765 601
17021 16130 27858
10938 18092 11974
19415 6392 5959
13111 769 12355
31823 24478 22149
27077 30935 7961
26653 30505 29554
2878 17170 28250
17128 5633 28314
25229 29485 2776
31333 3713 22163
11037 14707 29701
14142 27059 7976
5308 15576 2540
29346 10269 23175
9642 19530 29373
22812 24261 4521
8913 20878 16301
25470 21998 11174
3921 12813 11284
29947 7231 27577
3051 9249 17164
31189 31820 7198
13302 32696 14083
1053 15304 4111
22740 18279 5118
19576 21180 20878
32298 9036 120
23275 11926 8123
2124 22859 18987
31 26621 26854
31633 1674 21279
16785 25496 14241
18071 3124 26839
31662 30040 11389
10899 22000 29296
21206 6882 9782
15432 27285 1039
10412 3367 14451
32065 10228 5369
15680 4696 5496
79 12501 8984
31743 28838 10569
15753 127 18924
17000 30621 25906
31040 22880 3092
17132 6394 12478
16029 27820 5611
4249 19262 12657
14822 14093 25845
28751 16254 11500
1952 12993 21266
21167 8474 16705
9479 14771 21927
26134 29013 7586
25490 21102 8261
4654 27156 22956
25721 14598 6008
30467 31276 5122
637 20804 27579
18337 13052 12532
32612 25014 7626
7330 12878 30814
6112 3959 25802
13621 1209 32271
7129 8394 17404
7559 31726 16976
8795 8408 24821
26518 20923 24675
14227 10553 11413
8141 31664 32536
18588 26124 51
30984 7328 7106
25612 28617 15794
25546 22648 16953
30601 25105 7296
29384 17444 25768
20931 14636 26289
8983 3702 23638
11694 2035 20649
26788 8270 14515
14028 5720 6942
20415 8561 29769
8168 31946 8788
10968 23767 32610
23704 27430 11997
12229 14931 24196
9042 2551 6989
10795 15582 28433
24837 23342 32664
4316 31733 20140
2159 15262 24087
27210 13258 29236
30376 14560 5995
4193 6956 16243
21401 26470 434
7780 32638 2259
12377 21222 13518
13212 1555 11445
32425 5999 16553
19462 12227 25157
9216 15289 25538
19512 9882 31702
12263 5524 18271
4151 18161 11056
28830 26498 5182
25855 3151 11867
4660 4834 11675
25303 24543 19392
29598 15411 23003
13017 2411 15046
14965 10071 26448
29748 1293 4646
14684 28645 16575
17926 3871 10165
17986 9695 14513
237 9487 1364
29942 20851 25542
30618 21791 17725
8142 139 31092
14347 20540 23542
2897 22358 12279
20282 6255 8323
4889 14611 13157
3933 11160 21427
32111 4290 293
23829 32109 3484
8276 6542 26671
8724 17662 25765
15855 21762 996
17444 24863 25511
14228 12655 2662
30110 13457 3349
15845 19728 2222
28837 9662 18216
18875 21187 30167
16582 14179 12666
15579 13176 13397
14036 18050 7846
23202 2984 29459
4364 12134 19636
10279 26221 14763
21995 16047 3462
138 22544 4664
27202 13459 27780
5486 10284 2160
7005 4063 4393
31940 1975 26882
15463 9049 13903
9336 10641 7547
8782 29585 7237
22943 5218 18
19399 21577 28691
21558 15095 24620
27477 1010 19584
14738 25689 31613
26451 26878 18857
5904 16212 14608
18548 26603 5714
17322 13606 19096
2365 23121 25148
12915 15763 19926
22871 20074 796
22837 10895 27394
15831 13245 17929
13722 11316 3697
5068 17652 23939
175 15824 2801
27821 10255 24664
5020 21282 32654
5250 13674 26642
12780 2333 5825
24544 27474 7610
11446 24532 28216
13318 5915 31248
28550 11095 32185
9669 32249 14980
21210 1958 30921
7162 7947 7837
22921 16396 14879
10429 21838 31115
5495 21625 6419
22679 31617 4627
9564 10164 26751
6487 3354 16161
24714 30600 7119
8805 26326 14747
9970 7210 31287
1699 3733 19534
15076 16013 12613
23608 7548 28941
22322 19816 20294
16600 22672 5714
12221 1812 828
365 844 19212
931 647 17238
25129 21728 30299
12153 19486 31780
101 1044 8034
4955 31477 31238
6627 26380 11651
29625 10745 11137
15682 31584 920
3369 3063 30332
5579 8250 30988
12965 29789 29594
14560 12167 2521
19200 13922 18987
9654 17495 13022
11640 15051 27747
6167 11257 25097
1702 12437 26336
30056 3205 14912
26187 22306 10151
1838 1735 14624
11166 8378 24594
30897 21193 8406
2342 25218 17016
13730 23922 29387
6738 829 10091
26054 4852 22490
21571 11365 28635
26135 5368 6468
18564 31115 4241
23005 27857 22942
2981 4091 26799
20126 10524 8049
27382 32015 10297
1035 5009 2882
17369 17349 27870
17705 5877 20795
5207 12905 10862
29281 22131 21169
4106 32628 16839
29770 11961 3632
30065 22768 9246
23876 11958 7393
24394 5123 23018
5171 22731 10844
10896 4714 3045
3340 32451 20554
5407 21010 4565
25578 6658 4451
16949 32522 24093
13792 28310 26534
10572 23173 11853
24268 25402 2019
26875 27050 2085
26064 4461 12523
23265 13661 1984
27204 30752 9992
26313 73 12016
24883 16564 27782
17029 19157 3818
30667 31033 28272
22841 21703 7377
2371 22575 18648
20482 6848 5830
22306 23860 2112
22343 8671 25221
10486 16232 30197
32529 20001 4023
13518 25969 7046
27196 4196 30593
17438 27738 19867
20326 32524 8183
212 22992 18641
2013 30911 25981
17603 19295 19312
19455 21180 17727
14774 6078 11535
31183 23720 19264
8896 14423 20864
11688 16884 27575
22445 16509 1702
24141 5411 17069
24988 29977 29942
25810 11161 9759
21543 4787 22741
11789 28862 30222
170 18718 20248
5781 3472 29502
2435 15158 10571
29551 15880 28831
14691 13931 3720
22786 32725 15499
26379 10517 13320
7911 32340 30302
10242 28607 17593
15021 19932 31258
13617 12522 12659
9388 15535 28432
14945 31741 11182
24954 18988 10184
26125 2910 2748
20385 17694 12439
275 13019 24570
19623 14392 30633
11799 31484 6260
30083 14364 13426
16065 32460 19187
1562 26752 28081
24864 9530 18282
30804 13906 1172
20937 4138 14648
20203 25320 20641
20374 27332 16328
16647 8344 27498
21524 28071 22886
4916 15191 7221
8184 19210 27245
8044 10284 13094
3384 3573 7958
12568 27796 24715
24727 7949 28812
15197 11057 80
4814 26291 17945
24337 21852 15061
19854 14182 4485
809 6506 5007
13076 7323 29175
15742 13255 21313
1795 10647 27394
17215 23863 32436
1477 16617 9636
24428 15068 3112
13215 22677 3925
21279 1231 6407
16183 18446 3972
22179 7793 20086
19274 1172 1553
894 10175 16085
8630 9621 26017
3827 12616 8025
1579 28181 4838
14775 17570 10297
10528 14676 20011
1216 29031 27436
11231 22573 24257
25722 4897 25386
19650 31191 4143
8908 7863 12709
16120 30231 24356
13742 1582 15557
29553 2057 2203
21315 14304 32574
16568 4093 6082
19881 31356 9691
30187 6180 8050
4107 31075 24544
2318 27394 4702
17300 19777 24253
19310 23514 14667
32333 15096 14037
28369 16530 10469
14104 22319 30279
15513 22979 24847
24894 18217 10223
15419 20717 32200
22349 1967 26666
14467 24073 9715
28723 2351 32245
11175 23793 16031
2787 7263 26238
10266 28754 27058
23524 11531 14926
26766 4904 3323
9617 12494 6791
23485 31470 6927
3839 3560 14832
20671 15377 10635
22206 8822 26822
28443 3905 6282
30192 3760 7049
29150 12722 15729
15725 1274 1090
16205 29554 14177
23022 14573 21231
32542 28253 24038
19822 8865 23832
20274 25940 10953
6984 15841 5573
15170 16066 9740
29122 17681 13888
13835 16020 18285
22257 13799 3438
4817 25397 786
6222 16975 28321
29782 26148 24359
17226 14860 31286
25240 11328 3726
4803 2550 18776
19183 15078 12541
20527 13289 13246
9829 24171 4886
30924 11958 16708
28771 25500 10590
22084 32707 12968
3073 26954 5920
30585 10256 13269
16535 12303 28317
24959 15588 3971
9838 15816 2587
14827 18512 28437
17050 30590 30125
25337 26683 8953
15713 20402 28622
22337 8906 28407
8390 8265 6942
22001 7474 13110
29954 3719 9711
29121 24152 21982
28444 15581 31832
9248 6351 23194
18914 24957 8198
29514 12306 27760
23521 27106 3350
21828 23310 5027
7484 29398 13700
4857 31311 13468
9844 22947 9508
21990 636 5652
19824 22116 24095
4121 19420 23529
30834 14525 604
24942 15895 29034
5820 22362 30831
20048 15228 6401
32012 22538 31453
23402 29029 4223
14396 31061 30414
16135 23455 16508
21159 18384 23438
9242 26323 4735
6436 30890 3692
17434 16997 7409
12980 20517 11986
13374 11343 9483
27195 22001 17584
30656 25045 22074
27602 29349 26508
3107 30248 19372
32666 14545 30422
1468 11353 29702
2593 24919 11349
16875 9252 16506
24230 13837 14277
452 16765 18341
18920 5851 16124
15132 17635 23052
15435 17614 8241
26417 7912 18703
12394 31704 15422
23915 13170 8865
26490 28466 27889
11752 4506 13109
26372 17828 12230
17098 11059 3215
23524 2582 1954
8328 25447 27531
13451 31285 14439
15535 28139 28652
30967 31 21884
24532 179 212
12516 17735 14488
12966 22572 15739
6425 31758 26739
16226 4718 19760
3812 2766 20272
10265 32741 4825
1315 32325 28305
26500 18515 1892
6249 25246 5218
30045 14662 7144
32 10644 31635
26742 20316 20329
14520 26968 22266
1 7641 28026
26438 21320 2241
10953 12424 566
12569 4759 21977
32338 29150 17729
8756 8821 18194
26895 5072 24785
21425 26715 12717
4657 998 23286
24429 19074 8063
7879 9062 22163
24735 25525 4853
18201 25266 11976
22805 11510 32166
6282 2864 27323
24921 19124 16437
16235 1357 262
7658 28290 16547
4471 20612 10549
7751 16270 8309
7420 16744 24336
6789 19278 28203
2523 32292 3755
2720 27922 26110
28896 11253 29050
24273 13959 1001
17188 24699 17357
17028 31821 23896
15992 16389 30594
23498 4392 797
3336 19993 13276
30554 16250 7294
23993 26598 7092
5498 1031 4721
20464 14444 19069
26220 15919 3683
18622 17528 3547
1329 18723 21022
170 193 25787
13760 3781 5802
8336 20175 3626
10243 28716 15935
26958 19834 16732
21304 10503 18848
30004 12303 21930
30087 27219 15220
29552 23439 31849
12781 7711 29821
7414 27523 2022
15053 26964 10682
24456 2122 25079
455 25021 29147
9972 14078 6613
5536 24000 6538
5534 3901 9274
15712 4232 1654
13548 7542 23047
3069 8334 32559
31545 14471 16588
10778 24521 16933
18506 18397 1555
31698 5092 108
31368 29512 8506
9855 8788 8473
20076 2114 6463
24314 18210 14414
9937 6242 17104
25304 3770 26964
30776 808 16497
8056 27184 3405
10778 20849 29093
24592 12973 107
10464 4902 8021
30707 7176 30122
26646 24588 25320
20682 16307 13695
2035 17088 21199
7282 24709 17924
594 16700 14956
14527 7438 15224
679 30851 23715
10072 18797 26170
10655 26941 18290
26205 27370 20356
18533 12647 25698
1698 7869 2184
26818 4979 1205
8861 25288 18383
3733 25952 31127
25951 4660 16092
21594 25262 10171
13093 16682 1667
10155 29253 17202
19823 18978 2681
19472 19874 19290
2718 9343 3330
14706 10470 18483
32127 20337 16847
14597 5024 392
17238 3408 11106
7831 22631 15771
12099 10995 26777
30072 13722 22631
16408 27563 2089
16248 29666 1423
18933 15853 22071
18870 12118 7823
3914 26064 31818
28206 11837 19406
15630 8676 17996
10823 27888 29342
27721 17434 32607
4567 10312 27477
32580 7079 12187
9045 14485 27133
31489 11823 8230
11560 3354 2383
28099 28061 32030
7519 7293 23284
6607 9579 17729
3123 14508 4418
1967 5455 1384
26399 29992 5616
26010 26760 12841
9589 17590 32375
16856 16440 23612
12472 12253 6675
19503 11410 3187
31267 6089 7849
28351 971 23149
25635 29024 4348
18653 22282 23879
436 21165 14833
30409 9413 30712
1755 8434 7640
10065 9560 19229
27825 14332 19441
23745 31157 21599
4294 5006 19369
26803 28022 1977
19132 27135 14911
19092 13512 2375
25703 21345 9941
9984 25562 11880
24543 6856 13332
8775 8409 9044
21569 16266 19953
4778 4771 3707
13590 2704 10037
20283 7607 23876
24974 18 1486
26221 28167 7684
12318 28754 30240
21413 26552 31050
8224 2606 7364
28019 12796 4303
15998 10407 23418
20039 30335 21676
27542 12467 10558
30635 29989 20387
24534 18148 9912
29811 32522 4511
22979 31961 28550
22630 7423 19386
7015 25713 15884
15426 25854 29538
5723 19251 31441
19251 8011 27261
11491 19052 4498
13072 10038 18585
5087 26862 13709
23291 15550 1412
29814 20862 27579
15418 5000 32747
15818 11593 3306
10079 8422 15052
30229 5116 19193
13339 19930 17118
6140 19284 27558
9296 4959 2362
29701 20032 12459
13123 30309 13041
30566 22508 6173
12272 9783 30032
28845 2377 4426
28153 31559 9466
16374 16374 16783
6824 3485 12845
9120 27537 20948
27635 24911 30402
21444 10970 18611
32138 3280 2762
11749 19502 32377
5204 4100 23262
8062 1346 3964
31464 9287 1907
6536 25644 9859
18918 27894 14032
28689 12308 23595
17717 27932 2947
28774 14889 2443
5016 21065 28510
32152 4013 7061
2074 19902 26467
30261 9265 473
3385 11390 16177
22409 30558 3765
4060 29655 6852
20945 31707 22555
7286 19331 29616
7709 11563 12148
19181 16250 17179
12750 24739 27721
9745 13053 11294
13567 450 22711
463 2960 29277
14393 9354 24535
16227 30164 30450
23352 14521 32169
24881 32644 27132
14769 16108 11548
6164 26880 26997
21594 15628 31818
12867 22060 30240
7078 24992 22530
6168 14738 3490
3819 24021 22327
23900 17914 25898
24047 3157 9199
28141 12805 16954
29715 3917 25276
4815 30308 22373
7058 14891 31474
2322 15045 26917
19593 27650 12567
13834 11920 25358
3790 1425 29233
15562 25088 16
26299 29274 18957
26351 10564 18567
25709 24157 6034
1810 30380 32579
27196 14919 31154
17782 14860 13014
27208 11825 29864
14303 728 6850
1137 8012 17012
19331 12204 16483
25882 1804 29408
29851 12599 16807
23166 6831 15977
22789 8135 20466
6537 14383 3307
21474 27113 30654
27758 18943 31706
20047 2000 19934
21618 25906 31085
3449 12940 25954
21922 24009 8463
20666 28465 32151
32372 31589 15079
31375 7554 14743
5756 27798 25436
5498 30394 31581
1726 8556 16609
25142 21636 14951
21323 26151 7532
20160 332 29245
12572 32021 1628
20003 2663 8065
13432 8947 4300
5905 25029 16972
4927 27516 22903
25509 24621 4878
21489 19425 7866
30438 14893 4899
19789 1889 14431
31971 2382 29910
25557 5698 1070
24708 30754 3738
18856 6600 28539
32346 15175 15252
31329 4113 25897
15900 6785 16328
4098 20690 25816
9365 13411 4245
12058 30829 13117
28197 11349 21050
30625 22747 15569
17965 26057 407
30012 24662 15196
18937 8451 11634
17646 13268 17411
17924 3270 25823
24417 4007 26341
4782 32182 10402
32324 27361 19056
12733 18268 19356
14453 27219 31723
24631 31753 21161
1014 30262 23537
18558 28682 7803
7640 20963 26824
28346 4595 2637
14241 30510 481
26089 19677 16522
1749 16175 26338
26163 2806 25274
16051 8364 31238
3415 23991 21585
25922 4188 188
30793 7818 4155
11323 27062 3778
4438 21981 32558
19320 18197 18239
28783 12231 22838
7666 26190 31867
4965 3271 18161
17269 13069 16969
4670 8786 18285
6282 25235 4167
22510 29219 26040
17231 17588 26742
25106 28809 5491
12086 7193 27611
10884 20778 12300
27356 1080 10797
13283 28401 5228
17018 13701 6838
20061 28454 26939
30367 26814 23534
7268 26847 1544
25139 16491 25736
14098 20803 8695
5108 3041 3034
8289 613 9921
7913 31083 2280
1428 13717 32047
639 30059 3715
15957 2942 25683
22099 4745 20534
1394 2922 30508
11985 31570 20213
11850 12413 31868
18218 10189 7629
9801 30417 2800
12891 29173 11780
29686 13235 32757
30771 14875 28524
11658 11115 20939
25752 10391 31959
7954 7263 30128
16007 19540 30182
7283 10864 31038
26998 28187 24244
22012 1754 6738
28452 32428 13064
1607 12291 11027
26884 6657 7693
1679 514 30707
1976 17485 18635
21200 23482 17340
23649 21920 16587
22850 9702 21012
23212 3885 26042
10518 24680 29420
7140 8613 26586
17023 20403 8672
2671 3628 31396
32352 18222 8820
6791 21451 17909
20037 11998 7846
24581 22897 9606
1387 4544 16223
31385 2268 14770
513 3986 3734
18639 10501 32178
31209 18427 16720
26531 18151 22224
28840 3676 23483
1947 29104 11588
1085 15527 3098
24986 19395 27327
23832 8468 10553
25838 1043 966
12660 5513 1952
25926 17347 18543
1712 8462 25799
27280 2566 28193
15237 25260 2543
7666 25786 26461
31789 17025 4206
30296 32308 32711
7628 20720 28569
3156 10545 8668
4295 9527 16515
12345 31220 31006
12740 17363 32339
20158 10215 7840
20363 27253 2530
12173 30057 30510
20484 25213 28113
30342 17289 12687
2299 31789 23660
23456 21980 14478
12668 25618 13025
5810 11954 16331
22243 29025 1474
21376 26200 9099
3312 10035 26822
30695 37 29434
12926 15322 22594
26883 5766 31130
11444 24789 29911
7571 21321 18392
30920 2826 12865
31512 7115 25600
30889 28230 16471
2137 12516 17408
31013 4157 24971
15185 20639 17855
12407 5756 9366
25020 15387 24309
27187 4102 7959
10929 28208 32450
21003 18079 25927
32015 24489 27255
24811 27881 7951
22962 31799 3148
26707 5593 21796
22940 30559 1539
9726 5956 28927
14234 4889 12958
15928 7261 192
4627 12764 27051
1390 3715 11355
31998 19521 7142
12764 27062 31659
25908 9868 5144
29803 24451 9526
32150 31931 6255
9237 9808 11211
17343 23526 10204
10607 19526 9536
27970 5652 27654
16424 11339 12025
3996 14817 1020
668 2264 25857
25693 18802 21675
6090 9087 14042
30790 9398 25532
22100 14720 16724
12097 18670 13944
20307 27850 30464
8316 15324 4525
2585 7722 26918
13594 17209 6357
22084 26785 321
31019 31041 31220
2983 5908 32622
495 30062 24797
26619 25813 11350
32149 11461 10205
2128 28343 28015
16365 28468 29962
20660 15781 24758
15558 4091 31391
32407 5368 24876
11253 25880 13863
12995 32260 26548
23608 28195 7536
1550 14223 13356
20841 11561 31095
18447 2860 6359
32708 7265 3788
26996 25527 13935
6450 16851 28705
23506 10082 377
17099 15939 17153
28425 7446 6576
30740 26368 10207
30863 22539 25250
11941 4722 11774
27445 5614 30939
18486 19820 4326
1618 31471 8486
23114 17334 16476
31065 29828 14289
6636 20552 13592
21806 5836 1021
7998 31279 9133
30451 20944 14170
1991 10515 3175
20468 13086 23777
4034 10449 16900
7416 23911 6506
23007 13748 6796
21296 17196 30510
6711 21280 25796
21357 21157 4504
1118 11482 16873
25705 28758 26869
1493 18221 30381
6983 11037 32219
19792 23703 30650
17816 20381 8801
13453 2000 13603
10884 14917 17286
9641 20283 17794
8424 20082 22350
22074 25383 23744
5770 7773 11397
407 29294 17332
18608 25283 7975
30991 29006 7453
10431 12959 16601
15369 7313 31137
18349 19011 26368
9020 30559 24540
14696 28333 22609
20863 3157 20129
15747 25849 4595
25058 27308 12024
11462 24374 24714
32275 16027 30853
17270 30475 25535
31033 4155 18001
28270 9194 4904
2760 13966 4923
21860 24011 4510
8703 29826 7282
1769 7841 6229
22033 5119 19906
31494 1026 5477
35 14179 28325
10124 16326 20858
25508 5120 22608
11623 8572 7906
16050 26730 7225
18584 7176 18493
32640 22467 32705
13476 4563 16241
32001 28485 23825
13717 14147 32186
16444 3508 8771
31205 20095 11232
31003 15491 8048
9194 12460 5636
29842 22740 26943
2459 22558 12421
9068 16017 6403
12224 15420 7134
18475 4695 29834
16890 6912 13212
1967 22257 22319
23321 5470 22710
11179 16769 25292
27065 6902 25062
14100 19387 23196
27435 22235 31969
19456 26045 25391
11016 29274 24958
8117 29017 2561
16386 25604 5149
9446 28414 15436
11986 28769 9981
32059 2174 2097
597 20257 579
31422 90 29778
21556 25248 18641
20172 3175 14693
17320 26905 1099
18319 22756 1655
16444 21981 27866
32311 27989 972
27810 26211 29062
26460 32457 20899
16870 23063 11334
9313 29514 5968
5551 17708 14614
4009 2221 11354
18003 5592 2478
5874 17666 18602
9689 24777 22448
24135 8519 18922
22859 13497 21872
11067 20276 19368
21475 24158 16789
2919 8507 23766
28149 32053 7246
23147 2058 22716
26023 24271 31950
2782 23351 8833
27605 6577 31815
13042 19165 2504
18865 8679 26535
10421 30288 17438
15365 24779 31669
17204 18485 31273
26395 1734 26477
27892 29341 14551
21175 10467 16039
26993 17919 30209
16299 5519 31594
21166 13333 5435
28906 29415 13952
13556 11280 17608
16426 32338 28705
7759 12197 29677
6763 30819 10192
17530 6361 23317
23302 14647 11974
24357 5781 25482
31759 26824 8818
19940 31340 32680
18731 13292 25856
26669 7196 1498
15918 25083 18406
15136 26543 12220
3357 14416 225
19487 12609 19514
32610 28704 31728
2132 13790 20107
5209 30816 15653
10427 21236 32072
29569 8360 23409
20301 1606 27681
4846 27488 14762
19797 18028 28624
25303 29848 5508
11302 18495 12132
30038 26702 23600
2206 24515 9975
1448 15899 732
26427 27498 12131
1177 10627 30033
10677 11983 15269
30693 13643 5980
4176 15916 18398
6308 9642 26051
109 11842 16183
16684 20539 2551
30461 13418 13591
29926 27110 16331
26847 20740 869
11526 10823 20170
11356 4741 727
11053 24894 8452
11827 2511 29553
28507 1695 16247
31222 14488 6850
8383 13643 16465
20650 10508 27280
20793 14865 3523
31210 2544 32223
4538 13349 27680
31472 11501 13213
25029 2070 23667
15454 11468 30050
11952 26506 29920
12959 24523 7675
26497 16160 6754
9770 7766 18108
12413 18767 16324
4118 24769 21450
3519 8226 31719
29890 22240 14052
32364 16652 32184
2427 29321 23886
2661 23903 11877
4964 31330 26855
17034 22274 17060
7438 11413 32155
14306 15478 8754
11650 20788 25517
2120 18512 30943
26288 27249 21637
24431 10157 1709
10866 1287 19213
16727 26710 27894
27826 5464 29127
12170 14973 21658
32339 24105 6164
19648 31592 28061
12258 9236 17777
6832 5471 704
31810 31993 23697
23618 30390 15349
19155 27930 6550
6746 1237 16581
5565 19367 24036
21487 20858 18432
11371 9957 310
4665 18362 21577
13143 9265 4871
9 21348 30049
14770 12945 26729
20404 206 29760
4765 26265 20956
15641 3138 25687
25305 3260 12749
24994 8060 16020
21831 31595 14265
28241 24819 31484
30601 153 3377
17475 19437 9210
11682 32366 6448
24100 22925 10937
18029 31061 29569
7556 8786 26132
21564 3497 1315
25890 7372 11788
21506 3502 29684
1396 18797 968
13009 30873 9992
29464 17597 14974
13469 8656 15988
5888 12385 12255
28790 19375 5241
22120 30892 25310
21948 15218 5965
17654 32699 11745
19203 29712 20990
23973 30794 9666
17041 25649 8217
12088 2496 12590
27077 30599 6942
12145 1058 25663
12236 13867 8683
29759 17911 6752
5476 31950 14755
29851 20285 15591
23207 28383 17594
15059 9209 12000
273 8190 30764
12403 26132 1795
1847 9284 24591
28681 16760 9927
4340 20306 31737
25457 14005 27153
10737 30759 20722
30076 20366 11511
18900 11299 4593
21510 9785 19840
2171 26057 273
15311 13127 11640
22023 11296 15095
6592 24421 7338
23988 1465 2865
1378 11632 3607
19356 30412 878
18084 18078 6929
19717 25582 10458
19795 5537 11580
8135 15165 29194
19143 16145 17630
12521 17447 21821
3767 29832 17164
29581 31250 6617
28206 11555 30614
4282 28807 20840
26649 2423 191
9647 32693 7056
31976 25110 24350
18877 28267 30125
22322 1840 2626
21979 2770 8730
360 23805 25329
14192 13710 31823
2282 5103 9744
17680 23319 9822
10535 3297 3999
26387 17760 12655
31119 22712 16205
16209 9261 1615
12154 52 14473
8820 13474 13365
24916 11234 5667
31374 8437 15161
27312 11637 19930
24063 5958 13633
10508 8932 14945
5839 17159 15178
22383 16676 8904
22020 22149 24147
25383 5982 11345
11169 14951 21086
15952 7400 8204
26442 22336 20281
1260 27498 16345
3781 20873 32271
20408 29694 7838
28373 2716 23545
23544 6436 7636
16407 22919 6397
20984 12516 26293
15603 17624 30783
31734 22903 32690
9916 8865 24921
15784 4166 3838
26508 30320 31753
8352 28202 334
2959 15605 9911
25663 7464 14363
1962 9079 11664
16373 23337 9486
31948 32127 11029
31991 31317 24670
11846 13617 15480
18620 6936 26177
1789 850 806
13279 9479 19398
7253 496 6715
18744 6933 30132
28452 14616 483
5953 7382 15418
2578 10032 23506
31276 2508 31894
23082 3783 31572
32566 7398 30212
2445 4596 4261
27153 17856 397
3464 26532 27290
19334 21067 19600
20596 20834 15029
17558 30424 19480
13619 30845 18240
5060 15296 13156
29984 3997 21511
29272 7975 25127
23244 4642 5570
9642 7816 3938
27363 19682 3411
3298 12032 31736
31239 5156 32606
28081 15523 17469
18831 14566 12781
25318 26682 2612
24156 977 32026
9716 14388 14905
11337 18029 23795
2237 7359 10825
13804 878 25109
26438 20530 22567
13199 21806 27575
12573 5210 9481
1461 9654 20754
30865 25165 11679
30344 3558 22895
18969 9665 21379
27385 22931 26946
30833 24099 18814
28554 19642 28698
6749 20193 1569
21995 27163 13904
15632 5539 30882
12273 13778 31412
23209 22633 18946
10651 20173 12210
1604 5824 26852
26398 20531 25758
1934 20632 10394
27939 18444 21293
24038 31322 27734
2252 17115 29255
26471 26954 15751
31251 988 9897
17012 21609 22717
7834 4130 32543
155 1344 16052
21529 18139 11575
30698 12650 16209
4309 27471 27837
31761 176 21172
5620 21889 7008
6876 19726 30899
29318 1145 12110
12274 269 20823
8089 6555 22191
20952 28193 16687
7355 26272 9024
20133 22550 19089
29094 16389 3200
14586 5047 24882
9497 17419 6191
30215 17956 28557
25096 19110 27658
25552 24477 7693
31650 19684 15631
6891 10159 14859
5608 21169 20395
4463 27134 28395
15299 27665 22939
3281 23074 28162
27866 30489 24946
28373 27220 12816
31904 1620 252
3561 25568 20850
18760 13141 1778
897 24978 24148
11427 6053 10685
15178 11158 13961
25115 6741 8260
9296 12686 27870
17474 19151 22254
16750 19139 13305
2475 12739 26205
2202 19892 30500
23568 26441 16023
6385 18308 10135
5609 27006 29842
23949 28904 17697
29190 12630 6495
18314 16803 24376
21962 27475 18792
29641 1211 18392
27154 6239 1916
24905 24290 968
16374 16126 19104
25403 9681 15370
5600 20367 14045
17938 644 8875
18097 32352 6274
16702 29074 28979
20456 11440 13974
22361 7197 29016
32008 5632 15465
17647 2319 28874
30135 26948 9099
8735 6554 10034
31040 19911 32399
30159 30006 440
19842 8679 6751
14636 18579 2473
8315 5623 28441
16543 22585 17432
8935 12260 6815
15246 13007 1681
18347 21613 28261
3704 6203 24880
9989 14613 18218
17233 16920 30913
21948 11799 16530
14889 28476 2992
24511 4607 12259
14463 14144 29423
21244 2231 30801
32725 3142 19497
12877 20013 4250
17498 16499 11466
4557 16601 17642
17100 12760 21967
21763 6860 12598
24792 15039 28249
23694 20497 28561
17832 32146 24435
13412 16263 21287
16479 27360 5523
21702 24441 5097
12459 17698 15546
5993 24996 22539
2497 14672 4670
28562 618 24537
599 13422 13218
3854 25951 3486
9338 15758 29708
15184 5498 26254
17999 6402 18999
32030 2438 19175
4391 9389 26355
23180 32181 21200
11885 1723 2193
15935 6485 19104
2634 16160 14796
24618 17438 1161
27171 16820 27409
17216 20627 28389
26940 16837 19247
30932 18792 26002
22550 6512 219
9633 19949 23072
2930 1583 30861
3494 3568 448
28152 8521 29334
867 12178 2355
13300 22071 27534
19480 18942 11822
29350 29208 28002
11793 13839 23271
9497 3780 25004
16171 21052 19404
26242 24869 11802
30990 2412 12436
28295 9689 18959
26070 1143 28967
13841 22609 10443
13088 31878 5137
11114 24544 21931
29362 14484 1914
4823 15233 2163
5949 27310 3806
11507 16438 21912
8421 29140 9973
3698 1869 766
16532 2947 7823
19732 246 945
19019 19531 15949
21492 5352 15741
28127 22796 29308
25977 7689 4463
10987 25246 20868
7046 12114 15528
8167 25624 24230
9929 16237 6407
32152 10236 23545
13370 26044 7574
24407 13018 12267
19485 3781 19649
24038 29278 8626
16431 18235 4794
13765 1471 19821
26305 17441 154
6991 12546 31720
32491 29617 24864
9725 7827 21310
15913 30223 27165
27045 2852 27859
16884 11767 23017
12176 26067 4688
54 30945 12926
6842 25342 1719
26544 23374 3076
10653 2644 8605
15785 22848 14071
19790 30978 29230
30846 7176 10798
222 30484 27794
28391 15857 4967
15672 11094 8119
16916 26993 24876
9461 15199 27328
31982 15589 21288
8408 3472 28799
3355 25859 6726
12535 16678 27844
2711 28551 25648
16315 21683 25198
18696 17610 26118
6969 28059 10870
31245 21057 10347
11920 21353 2933
19004 2324 2866
30809 2064 32337
27277 15183 16726
23626 641 28694
30303 26461 30214
7568 785 31266
10847 29896 29151
23702 20906 307
31481 5753 950
11830 959 16628
22804 17897 12924
7039 15473 19739
27217 26626 26147
24726 17263 21050
13825 30627 21385
26207 24440 12241
23178 23300 7131
1523 10115 12862
22267 8296 18919
30216 2552 3743
25338 5094 14422
8665 11143 7113
17235 17201 465
26163 1912 27354
5069 26011 30831
7337 31118 10003
12052 3539 21505
17960 7630 22519
17370 22538 24352
23903 19662 4589
21115 17027 30979
11950 31575 8398
20677 22458 22146
22181 31354 5420
6583 6310 5848
2357 4466 10285
11605 31425 4355
21277 15583 29527
10465 8413 17614
29761 5954 20640
23063 1774 9960
3306 7362 11412
28734 30800 8606
28953 12451 30591
9267 9524 11270
23679 5368 976
19635 22329 22470
18097 30060 20279
18061 28249 14780
2732 19526 16685
28808 18100 11304
17876 21735 9436
18719 15584 10548
4581 378 23984
4193 2501 29411
23188 4493 23791
14997 28723 31193
23252 1481 1066
4216 1450 1649
5878 20742 13164
8233 3348 8219
16418 24939 4966
11807 13666 7426
8921 31840 2839
14273 26437 14433
25985 32372 3477
24950 29821 6167
15655 27789 22535
26694 16502 23119
11773 30197 8438
29544 11557 10849
14911 7970 29042
31814 2158 2105
23939 23379 13768
1003 13677 28635
11169 28494 22202
717 10877 30438
12722 8678 11636
31863 26585 21541
7387 3864 13240
29312 5152 10633
32224 30933 16118
10950 17197 25379
4530 15580 12360
27386 24821 7676
5743 14640 7308
32718 7545 24534
12692 28935 22292
12394 22498 1342
5970 16974 20130
12028 13924 15737
19517 18 8101
15725 9601 17455
20954 24681 28668
10673 13495 22239
9128 27836 26534
1832 32718 14473
28101 6519 14116
13057 23341 12
10040 26251 26490
20394 7954 32290
2440 31818 30997
1962 122 19985
3111 12420 28161
8832 14354 12384
26075 19947 4393
22098 5785 12588
28462 27689 28582
22424 25459 25596
26757 12594 23104
1029 19802 15647
27509 1202 13484
14426 7792 21754
617 9385 9521
30958 7210 15312
21180 13968 12985
8964 20671 1255
17617 29346 22645
29011 16164 26145
29386 28447 23970
18502 960 17749
12793 28566 9489
3798 29528 24337
5142 169 31609
24349 14055 27284
5342 8897 31940
9705 32347 19731
7604 26275 18388
27380 32107 8881
27720 13562 13681
914 19726 11694
2689 5666 29279
28664 20784 11444
13589 16855 1487
10080 13746 16213
7057 5791 17572
12731 18161 27669
8136 26369 18254
11693 10540 7560
29656 24299 31513
22540 4016 5246
32081 11732 10571
26133 24469 27435
2328 12916 7530
5652 29538 27079
28445 11066 16759
21046 19461 10022
5642 31417 25096
12212 12502 20526
9824 29128 9604
2217 25503 1853
31183 22795 26865
31006 28390 10454
16034 12825 31249
14399 992 30000
12440 27781 22977
11442 10977 13954
32648 9578 8920
18304 1060 2582
20883 2125 12537
13083 20535 1682
4579 7798 21
19552 15992 9206
15897 22028 18574
14760 25957 6717
29694 23699 25913
22595 7079 29094
28182 8362 26549
13039 31267 19471
14627 32014 13519
21555 28286 4328
1464 17230 26092
7584 17100 11686
24686 9923 19885
26975 10850 6850
8282 30869 11596
11686 3341 22952
20181 19455 13663
12759 16660 14877
31922 1553 10253
13187 31184 30215
14455 7833 11216
11654 13251 10401
30266 4 25945
24044 10347 25209
1317 4686 5178
14192 9042 11727
30683 8541 341
12707 16132 20273
31790 2397 24399
30508 27626 31839
21472 29682 7277
21397 31815 14306
17262 1891 25255
2723 6083 2523
11544 17663 28127
308 15947 32501
32153 1655 18797
25609 13615 15484
23885 8671 15754
21269 10944 9480
5059 19081 2629
6172 23527 2884
1253 22793 20727
9676 25693 22698
30259 20215 3711
6300 28056 27740
12246 15181 6056
17671 31113 23125
24681 10865 30337
5898 23984 11695
15310 6478 8863
13545 30791 28844
27757 1294 10097
2980 3173 5062
27555 14658 13106
13736 21351 26870
345 31918 3618
7327 263 23269
21496 16617 27917
23913 1258 24537
26921 5009 17217
24998 3975 30311
3376 20427 30599
25691 6581 20058
6593 1336 31936
16275 13639 10838
22167 17845 6697
32530 4729 5908
32063 7547 30849
22636 14626 23374
5838 29045 8316
25381 17889 4023
17794 28139 19526
19360 23230 12435
25975 9172 4370
21001 12285 17092
5882 32105 18136
17026 7441 25712
2593 25300 983
17968 23278 25991
5809 19975 20086
1285 30769 24273
7286 14634 9112
7773 19667 15956
10137 21790 26752
4793 32352 30243
12706 24062 9939
25417 9970 30469
25368 16816 22115
31750 16471 29291
17158 12513 19393
892 25130 6066
6353 11519 29639
30630 31953 11941
14877 17934 9121
8548 21656 9650
25012 4461 16887
28776 26459 29791
19885 32485 14662
20410 27783 8914
4679 9110 19600
1827 4698 28053
7218 27300 24291
22550 19613 26836
6198 27051 21357
17655 18524 18638
12166 27495 12053
26575 13635 7467
3865 11537 26065
31178 24739 27510
21973 23393 3376
16152 26453 14580
6276 8762 23253
770 23279 20094
31680 11868 12494
15960 27658 24887
17236 25282 21268
30335 20107 24881
29648 19310 2197
28104 28197 2910
3640 5580 12181
28123 30874 3673
22301 6909 72
23379 4188 10740
20861 25246 10744
28133 30114 16274
27454 1269 30225
27305 27912 23971
7198 2427 31204
9818 29272 31469
14706 23366 27404
29605 11022 26216
20491 16065 13231
1509 24493 30408
17167 27812 15126
19168 21517 20759
2488 9282 19535
24153 30233 16364
32555 15226 26583
4245 22472 7447
7913 31974 28288
5421 5159 19943
3465 5422 17165
25016 26837 22101
16572 30337 3382
7223 17473 8619
19142 1436 1050
18257 7814 24460
3318 9713 24389
11949 30141 19048
12740 25292 5328
29 2071 26809
6802 4476 12366
3672 13607 27814
13909 27893 8572
102 7449 19928
19847 25960 13036
15641 28624 10149
1323 16054 14384
17442 14110 23011
32216 11994 16415
28321 3734 29944
21759 2450 852
20298 165 10764
15842 14579 12280
11884 29685 24160
13568 23213 27503
30845 1351 11577
19424 26664 14214
30206 10573 9702
1149 25541 11313
22996 20259 31679
31426 12257 30719
12129 18293 15419
32726 1138 10436
1031 15750 867
7727 32341 11058
24542 26241 8531
3743 4001 2900
20416 222 17293
17879 15012 6444
30458 8399 2879
16150 2382 31708
26943 26593 5582
21502 12598 17192
32180 30039 28490
6855 22657 31283
29231 27128 16020
15173 2642 28604
8700 5427 18775
16509 10635 10070
21958 6897 16939
28603 9985 1089
23157 26733 15738
28523 31872 2550
11042 29669 14839
22307 37 22403
7791 22024 28628
28570 7159 6724
16866 7526 9712
17542 25556 27049
28191 6992 11955
917 30720 8443
13572 9964 30301
19196 11514 11622
10016 15973 19177
20307 8550 13743
8190 22401 18900
29622 20782 20064
24878 26629 14956
24676 24869 26708
21023 939 7025
9039 24787 8416
20256 12441 24878
17247 10286 25105
7206 5273 23893
14932 21874 9914
24614 11395 7230
21130 21337 2374
5155 11409 15202
15632 19030 21887
7493 17317 27424
10699 32682 29914
27534 5273 564
3740 31593 2529
32527 8244 21352
27598 27336 15049
13221 24420 26210
2855 9806 21606
14246 16575 23197
17527 7098 26094
11274 28031 10229
3458 10687 2896
11506 31098 12876
21642 20451 7949
30620 16059 20008
11246 32551 19915
7969 28879 29290
29336 26688 21796
21396 15581 30562
14377 27267 25688
14175 25382 32238
27948 21215 28913
11492 27524 31088
20149 31861 10873
31446 14835 28079
14902 11426 24518
12236 10585 19975
363 17065 28061
24040 16896 7546
16310 5941 396
11709 28285 1912
26944 17004 27981
29611 3325 14199
8621 32589 17942
30065 13359 18869
11094 6537 26776
30117 19013 22973
16704 20258 1447
31050 29116 899
15686 24935 25787
8137 8945 12850
22830 18734 24773
24555 23212 25601
29867 12384 6420
7344 25890 11432
25460 1831 13119
23316 18985 18520
11761 21859 11336
32283 2698 3893
13373 22841 26235
24771 1970 7619
5727 10700 11955
32169 26172 8403
30223 391 12037
8839 20737 29634
25955 5507 32271
468 1460 13879
29491 2020 341
24358 21817 15002
4380 8531 32360
9009 4393 16629
22628 8654 18911
27250 3411 27152
18989 13195 21567
11752 14098 15572
23739 27307 13408
1896 7626 3173
19136 21210 3068
23409 28406 5999
31450 26694 3686
28810 11652 27028
17623 2919 23193
16528 8056 28172
10071 6027 4384
10877 24068 20170
31706 21040 25484
11154 29601 15808
12395 32130 7784
31973 20685 11814
21854 676 12276
28360 27503 25027
13019 30857 15630
11648 26137 4785
27954 21123 17159
21316 29598 31760
20517 19926 24678
22913 8378 9375
30895 22516 30651
12242 4278 9281
4590 12075 18196
2351 23375 14791
1344 32231 5043
24633 26965 30888
9899 13530 32021
22973 15019 11872
24110 684 15212
6323 15293 28081
25486 2044 19729
22890 2434 510
9649 23764 13223
20905 2720 30582
14259 14572 11487
29148 26965 29900
27956 8775 7193
18355 3370 27043
31883 32266 29017
31929 1183 8457
22759 19878 3920
19406 11855 10636
20360 22189 21857
24199 11840 19656
6795 32227 21480
24543 10070 3724
24841 20073 8243
17349 6697 28643
20344 3101 2799
23400 422 3231
25735 23682 30445
23626 6984 10816
3570 5057 1940
5256 3023 1347
3584 7087 9563
12508 4789 9799
11693 18653 15383
18744 3547 23179
18596 22035 27143
28436 31774 9122
6045 14535 26604
17604 18646 8323
4798 8567 4481
18288 17264 9783
10498 20718 29489
32135 3483 2251
10980 1997 27882
14777 20422 1378
30131 18431 9041
9962 30432 25710
31329 30689 28614
27543 28566 22391
30122 17723 5369
29598 4740 22531
26850 31329 258
25969 4633 30071
27088 25111 10043
1048 1559 7687
1375 26383 19268
20874 31226 4881
1034 25109 17408
15693 31402 29560
12364 5700 6258
6489 21826 9947
7811 15585 12723
942 23512 2741
13056 19112 1156
32040 26243 7889
3643 22191 23082
5734 13844 8341
28773 20271 5005
495 11075 7437
23760 723 13016
1747 16437 4037
6881 1366 30471
20850 11179 14536
30091 11425 12848
2113 23614 32358
7043 24479 3679
26776 24431 32656
4525 17030 32347
5101 7026 486
5745 1098 28352
12302 21504 13003
28667 16231 16670
7481 4503 21790
14481 5204 32291
23324 32752 32107
9095 28217 19717
21035 906 31916
14966 21173 28055
10438 28580 7667
1472 17377 32724
9259 15619 30099
17549 10196 7884
25383 14144 16553
6076 27469 3631
5373 6569 18960
8327 15694 16614
14601 21967 1564
24260 24530 9350
1019 3416 10430
25608 11752 12415
19911 30130 29145
2080 12744 2374
30616 14257 23021
145 1488 26365
7015 13899 15720
24612 20836 11326
7953 20195 12094
25771 3867 1301
754 27369 19341
26746 31701 20303
2164 28088 18818
6740 9851 17567
10007 31477 14268
6577 9889 13399
18134 4322 20692
3758 5184 23964
27904 20317 15837
7174 1344 31839
1232 20358 31477
28389 9617 10885
16242 31040 30272
882 1273 9218
16186 6921 31719
18016 491 6101
28715 32219 8675
23283 23292 18720
9259 4634 15564
18988 30937 10968
21367 29619 738
2846 193 9667
21040 13055 29951
32165 17396 11189
29204 23812 32062
26597 15007 27728
29643 31012 371
7269 31005 16057
27976 27496 31697
29092 1200 28914
29486 12768 5708
30065 10490 30950
28991 6347 21905
5490 483 19524
16952 5257 9915
9121 26030 15291
20905 16781 12036
30886 18785 25405
29359 27067 7966
20304 11740 25669
11412 11257 5123
7078 11813 95
6847 19940 19799
25924 30685 6501
12166 10469 17842
24567 23766 27170
16818 23316 4972
28383 22847 17763
23262 14762 30911
15745 27623 8862
20721 17922 16480
30599 1665 1715
24427 26439 32730
13090 14834 15480
17723 14945 11088
11090 9997 9222
29261 14031 7796
15990 13904 28942
7204 612 27856
6901 14710 20372
13068 26395 32698
26341 28668 25573
14799 17806 21127
20719 1010 17832
32758 25517 3540
10221 1705 16210
17135 27327 26888
9200 19737 4716
21693 6369 9562
18096 23073 5735
9979 27003 14323
29327 22751 2805
3920 5467 24855
24255 5087 14367
22192 5756 3149
13356 26063 17809
14073 9388 31233
12840 26352 24525
25292 14203 27931
2850 9866 7503
8631 20294 30583
2238 8710 28354
32520 27194 5700
17456 29566 3279
5085 27553 11196
10920 28637 6973
9557 10965 5544
28457 12522 27724
13803 11438 14515
16941 25042 16535
21851 1354 26236
31962 9489 24294
31916 22907 6364
12477 8385 15534
11310 15941 9960
3644 15037 31540
24464 6695 26766
9026 24606 1681
20562 32560 17378
24794 27638 31497
31050 1545 27510
29096 28502 27245
28146 20858 14156
1156 20739 32389
28333 24347 2639
5545 1383 5815
16219 29990 13388
17972 4001 11871
14275 9900 17635
17630 8894 26266
23998 24215 24044
31807 9858 18801
10031 30533 21569
31234 9552 5539
22054 26522 25586
8128 20744 27012
19396 20443 31039
31112 27387 18602
16055 32692 8704
24385 32579 2909
2149 15414 13107
7520 7710 6147
18472 26541 7406
5803 7719 9735
32287 1697 23277
29701 2166 1765
1922 17501 31334
22640 11281 23905
9348 24274 24055
32458 2107 5146
29722 5301 20161
29686 21884 7147
11337 8731 5648
7013 891 20455
21964 22288 23841
9541 5631 8141
2083 12498 30949
25788 30133 9022
8056 27066 9679
23028 6538 18216
14301 31997 7185
5871 29625 13345
29122 29376 24278
14160 23009 10145
12734 15937 18775
17061 16830 4953
16901 23290 13023
19918 13400 15657
1561 30476 7965
23450 22468 8024
24983 10327 25167
9651 29647 15377
6452 14081 31020
28264 28715 18538
24899 17255 8863
4353 2800 21070
3934 18083 7590
2453 31892 8738
3331 29741 22522
28323 31400 25609
18251 10309 27207
9693 7416 28164
31741 8742 1308
19164 8419 3946
32434 6705 32224
6593 29958 2926
28865 9108 3433
2285 27531 933
32041 1559 6671
25679 31680 30924
1472 10256 9548
517 11202 30532
24895 2487 14659
23347 8536 20987
25102 2638 3282
17773 1373 18870
27611 1233 5359
2046 26439 30717
29275 5426 28806
26099 13988 7192
26067 22605 6157
16565 18095 19934
25135 2067 3214
150 13384 27970
31696 17062 31190
18333 242 14053
20837 26190 28166
26738 21925 1301
11360 1435 31935
32325 13971 16894
489 24079 28316
9198 3385 15106
9308 16665 3510
30675 24652 11879
31157 21082 18028
10021 26979 25566
9596 12130 16286
30354 1647 13721
21769 21599 20509
30609 22879 29412
21304 11906 24327
8380 21121 18041
17641 6143 23355
9469 29313 6667
480 17139 6705
30852 22292 7615
30172 12185 10455
17324 12720 30089
25598 32654 31043
25446 10724 26534
23266 6938 28253
21445 29990 3751
12779 32436 8903
19635 11317 22228
6325 30275 31412
16898 10853 16839
10160 22717 10345
12119 7531 23691
3396 21052 22940
28056 27772 21426
29982 17313 22513
4844 21482 28176
12140 1625 4419
24425 3707 16934
31792 18404 19581
18436 14383 860
17145 1067 22056
7783 20020 7070
31136 14023 15362
28593 24111 15105
7388 31433 20788
19787 11059 27236
29639 19883 15620
6745 22767 20318
29613 21856 21525
32119 7679 32468
3001 13000 148
2488 9316 18693
30818 24825 6110
25383 11153 9458
3232 14095 15498
25141 16780 6764
13137 9609 25052
22238 4372 4399
21849 2396 16900
22378 24781 4307
24931 15934 10938
20495 990 4215
30796 18143 31774
8173 13965 18036
19866 15623 9176
17675 16815 18302
11664 5324 21234
15459 22033 497
25285 25956 14055
7210 27944 3403
29503 12096 11986
24007 11930 12025
29057 19055 23497
6717 29326 11524
30741 6518 6084
30454 1726 23613
26226 7210 24743
31282 28863 6907
11343 23339 11582
17791 4611 27282
27842 12299 82
6664 25204 26873
5314 30542 29218
23976 31937 22886
14554 4293 25310
26869 952 1481
15417 2028 10492
1475 2616 23655
30559 8536 25724
726 12200 5128
24340 11098 15482
27827 8432 9842
7280 8027 16024
9430 12908 25643
11550 11939 28715
1976 24912 5561
3869 4232 28467
26465 19316 24017
15789 8500 21883
9090 8834 11576
27946 26503 31362
26955 23543 25673
4608 15813 16622
29813 29061 1881
25348 27647 25286
22588 32169 614
16852 21641 15260
12857 28307 11749
21507 12762 29293
607 32187 27010
11847 8857 11501
2693 9396 813
20194 11224 13417
23882 30744 4048
22258 17054 14485
30508 14243 10361
2683 9558 14032
11823 3805 31206
11585 8894 3281
17256 992 3504
26310 12127 29621
16195 31256 31626
532 11208 7394
19557 3349 5705
11796 19699 31813
20078 27589 31675
27035 1441 970
18704 22190 32625
4743 27286 16932
8500 1029 2050
12654 9457 2885
9505 691 29565
9172 27932 6921
27107 20896 17146
17643 3593 4874
15206 21224 30353
14652 25523 23192
27134 6845 31261
7124 31000 21570
31570 26662 6289
3016 10545 7807
32232 27103 28369
3880 17294 15689
17861 23547 6216
31939 158 10451
32212 6947 7858
12353 23247 24995
3356 4225 25558
17533 30980 25772
8172 26040 5921
32302 3099 14913
1147 21115 8798
1341 9334 28926
18367 7582 8204
5458 26045 12788
27226 10677 13040
32390 28254 19898
28400 10658 18943
13630 5490 14897
14925 29596 19636
23694 7435 1829
4892 27033 11115
14538 28700 25607
21016 9244 11352
24572 19065 31607
21771 2267 22837
23673 3750 14685
22002 18617 31419
23008 24675 5814
13594 30978 26241
28430 11322 21103
24600 10737 22746
14327 25478 8404
6375 4324 30655
18538 12705 25482
18325 9936 15610
7455 6711 31240
1598 3021 13559
8872 6649 16134
2640 9939 3350
16920 23079 24937
16196 25857 10065
12667 7326 1924
9814 15874 8842
6780 2420 8656
11233 19313 19943
5062 18513 3689
28264 24392 8960
31232 7924 16622
15474 10683 30158
31612 31661 6810
9671 14613 23195
13804 11709 3243
12719 32359 8546
10170 26315 4984
28478 6198 866
32472 18424 8898
30170 96 2769
3362 564 19486
23409 27891 9710
28328 17638 20121
29480 19376 3562
18554 9991 27353
8804 20074 32599
1737 13874 22885
4980 4736 1318
14212 13418 10472
21582 6186 6235
6829 6265 10366
21793 3662 26102
21535 28213 26229
3487 32275 31183
25220 2839 17920
8527 11632 10319
11678 220 20178
31311 12908 10827
12859 6963 12194
20290 14536 17779
7271 22173 2295
13416 31301 24848
4281 28172 2010
270 28105 23042
3024 10730 12347
18902 19471 6717
11096 22149 1328
17799 18601 14144
30261 281 4434
30061 21624 30770
24994 8687 15330
11112 31463 28583
28509 32585 26503
22330 32140 7747
25932 10261 7609
12737 18944 10927
22799 13975 5690
14350 21513 28832
10871 27277 19498
16805 21100 19420
7663 26497 6811
9288 26370 25987
9253 20285 6320
7444 27359 14601
3741 22938 12711
27106 32182 21404
2297 16939 20328
28454 9149 19443
15631 14703 28259
17855 16306 27065
7218 19081 10221
27001 7901 15112
29230 10168 15448
19506 11045 15289
14057 24320 30837
6876 15234 1393
6576 26050 2638
22737 30082 4274
3466 1339 1836
27451 21142 11869
16436 19227 6476
4475 12891 24160
28048 2230 5584
26829 32552 21391
32675 28799 11215
18599 23676 7633
28548 21704 909
21116 12072 27433
30149 15363 4424
19182 7495 25934
22840 15855 8474
2964 30817 13498
8482 14975 18907
25563 28239 29579
11327 18011 4884
25776 28086 10630
16411 29248 15958
9713 28983 6162
7343 10684 24218
26080 28832 30741
3656 6894 18544
16893 6603 9452
27673 15439 31784
1566 15079 22270
31763 26298 1858
31134 1631 21906
25800 26918 3256
31730 7328 15092
15508 18636 15370
30993 8807 22290
28986 23479 3350
4964 10854 15376
17839 25835 11038
9281 28503 23941
3036 8359 9092
13602 22492 13920
7788 5230 15661
8974 4029 29360
777 18903 25486
2801 14946 29105
6037 11362 23741
14556 28827 27128
19779 25007 9262
27993 28693 23704
19094 28923 19425
13151 11530 9610
27059 14762 17443
1675 26381 9926
31376 25152 28217
31908 2060 6347
2270 24610 30861
22165 210 18060
13246 19953 17199
7267 6320 13309
31145 18781 460
1225 19998 13740
17677 21180 3183
13443 1132 9523
5775 30679 25243
10858 24281 29027
28661 16544 23719
17646 25526 6774
12064 12240 30055
665 25169 2483
27293 672 2688
17047 11491 28984
10684 537 31733
11134 5049 19444
4143 32172 17371
19912 16708 32504
22929 14874 1331
25785 12004 21660
23415 4300 15696
5039 30846 24374
17618 31527 17757
30474 26946 5198
1986 8846 14819
10027 17962 29337
22329 6404 15444
12607 11034 5153
29685 26544 26376
23763 21933 31582
15550 30645 17978
9822 1289 1330
9196 20241 18649
30279 14424 771
24728 32394 29265
6419 7610 26476
31764 16085 12950
10427 451 30004
19572 27243 15381
16476 5095 21397
4939 3799 1885
19136 28262 7157
25588 2912 663
20850 4239 13468
14071 27731 16170
13652 28792 26897
14442 14691 23067
31481 1400 31777
32100 4819 27664
9260 16140 14530
28885 3177 5109
15723 21480 7749
611 1625 15288
8513 17256 31136
540 9133 6304
19649 22431 24755
10783 15054 12570
18328 168 26063
13193 2111 28703
26467 4631 18671
1601 21675 4731
26965 20883 14691
11143 30413 5272
20050 29182 13789
14663 28389 18343
25858 6332 4631
159 7344 27438
19091 29427 28820
29729 4637 9326
13852 16093 25646
2736 5177 32542
27614 4480 16484
27149 18695 23396
3295 7023 12456
28782 11325 23325
27783 20312 20004
22196 32283 5332
31058 9101 26792
11549 18142 7408
26284 17362 25280
29316 3706 26116
30100 31498 10789
2702 23451 8011
18079 29860 19715
29007 15906 9391
23400 17360 16847
19288 26778 21998
9878 29411 31393
26405 31061 21183
4350 18299 7748
347 24372 14334
32656 30779 4231
12141 3910 7754
30980 22326 8307
19570 22465 21664
23434 106 3686
12874 20997 12751
29164 32212 30031
32119 6309 28124
29922 6914 18813
9260 18348 20657
28799 24625 25784
22908 15515 13744
28426 29022 19110
7092 22731 31732
418 26571 16806
31046 1088 2417
5233 15589 23459
6605 10256 6966
16231 5019 26518
269 7906 18282
17838 10621 20393
24583 32570 26095
1366 2873 28985
11378 30345 6830
1518 24658 21293
12598 32063 2284
28669 20527 5211
27328 19270 22848
20639 14024 20206
22603 29115 17417
29621 10652 20240
1895 10683 20583
9309 15805 10819
4465 4507 31789
5814 9741 21029
6837 2283 6986
28444 11523 30885
12651 28938 32139
6749 20375 21701
16086 6978 24530
18327 26397 24191
10028 28315 27158
8124 28216 15722
17678 7911 3520
8183 4408 14644
13239 31672 4165
4962 29807 19463
26420 14657 31757
24007 31596 22129
29753 28234 9736
27756 29210 12658
12658 10694 129
791 21811 18100
6756 18345 9225
2764 10639 16407
8250 24587 23958
21743 27177 5916
28430 7366 15655
16599 8956 8666
11915 16649 8846
10998 25349 32371
31497 2966 11823
21525 23043 16204
20581 10156 22994
21602 18135 18809
29252 27073 25052
324 24977 17425
5514 27809 8589
15906 14467 4722
15650 6283 9489
20397 6654 27793
28790 351 2697
17994 11389 4081
15386 10754 26453
16298 21866 2269
23967 27254 22857
26814 4806 1766
8591 17256 17295
8311 1622 24803
26353 9495 1382
12578 12582 11237
32241 26850 19714
6457 21633 26069
16260 17380 4910
7680 10667 32697
23060 7777 23690
12620 13316 23766
29599 20217 9082
24890 26977 29480
31695 2513 23064
25552 23216 28390
26865 13114 21967
10674 31570 24072
12504 640 15979
2677 12199 18959
11022 19678 22712
25144 31680 5506
15327 14800 18704
11142 4409 16336
16423 22844 17506
4531 10145 11684
16360 26912 9883
30515 3328 3273
525 23508 7032
18579 17499 12845
17901 12535 806
35 26174 13736
14184 17056 3648
18294 23488 25235
14516 5490 17674
31545 1654 9555
26931 21916 23543
19224 2123 15705
29420 17391 27612
4773 13384 30806
12411 15762 28264
10624 19868 26255
15246 3578 20395
6190 11409 8590
30808 11819 3027
11368 14642 13737
19570 17783 15479
8894 31171 21526
28714 32562 15100
21740 18279 30340
16176 26128 9716
25390 9601 24177
10776 16682 13713
29814 18608 10677
31801 14305 28543
15443 8318 25337
8646 6419 1216
18152 17172 20500
2101 22370 1120
27208 31894 6535
10069 28536 9240
31243 3053 3465
19358 20116 15425
17661 21805 1635
27296 16061 18080
20023 5598 12053
12445 11118 18414
27136 455 21102
8883 3238 6709
15427 12052 24611
13092 16265 8783
22922 28392 12429
3471 23337 9513
19631 11200 6927
16203 29963 16802
21196 14638 31832
17436 7288 6680
3087 14548 8439
31215 25808 1276
31610 26284 32259
7791 30281 15884
18619 21244 1217
20360 6623 6657
7832 23176 32651
9276 24681 15572
1460 7647 5484
25931 11787 22242
3716 24279 7972
17821 27264 1952
20184 6038 13210
18560 11240 17560
30276 24760 2786
22533 13605 6625
23113 25708 24158
30757 25072 21854
9745 15022 4519
4990 27172 16479
8985 11992 834
9410 4853 884
10019 10562 13644
3114 16398 16027
26939 22455 23964
17038 12233 21521
8894 17881 10770
25592 21761 28262
17062 29390 28945
18883 1580 31400
26748 9170 28491
12453 27833 13762
10698 19327 27497
16701 4341 6239
8156 27619 27971
20982 24023 28408
13623 28105 31125
28505 21892 21452
28939 4533 17524
13363 14961 7929
25738 28549 23549
19724 31335 17650
12530 32701 14826
15078 32729 5626
11931 30174 17934
5954 842 29051
23679 21852 27891
20436 22961 22090
15589 13073 21764
6777 24099 21814
28471 4922 16907
21052 17454 23926
53 22630 10739
5276 11678 13010
24828 20959 12038
25167 6572 11167
2710 14446 29467
18724 31942 10460
22298 24210 21630
17646 22386 9497
23163 5502 28781
9069 18421 18166
21656 23158 4223
23466 9670 10824
814 22635 16216
853 1789 8024
30140 14305 30320
27896 28468 439
24184 11142 31193
4123 9367 4236
735 12799 22596
14516 4890 28794
13201 13786 29889
11637 3851 17253
26227 6824 19682
5336 32631 7365
32586 29348 10568
28402 20000 6465
21073 6781 24529
3708 15861 5835
18808 24851 5586
9618 19014 1663
8263 16200 22055
19217 16435 9180
13218 2112 8704
25507 12545 5442
14817 29845 13491
9689 30551 10169
11502 2928 20986
4830 8857 3174
4982 17036 29544
17834 724 18490
30537 19080 21755
30913 5375 30402
1654 28433 2572
9955 631 10019
27093 19152 15132
17711 6145 1696
5874 23838 16930
21933 22456 20034
7319 25579 24165
1861 26289 4473
28780 18015 31252
21622 25150 10700
26976 27926 19216
9342 29201 8181
9695 11023 17828
27307 946 11513
28156 26272 13088
11785 20739 20002
273 5137 6036
22452 30409 31966
31641 23465 14626
12393 16752 30706
27928 849 24724
9781 17803 15753
8057 30751 7745
22862 9911 28154
18475 11869 20331
7042 27369 23906
12506 3828 8079
4019 12632 11881
10410 24382 7785
32610 27518 31425
4133 3236 3730
23097 7137 24134
24943 6044 6667
14344 29092 16330
854 4582 28941
12225 10519 32493
20821 21009 19695
30286 14522 20625
23467 12977 13328
3663 20328 7115
18953 32205 31995
28211 21427 10090
20624 5489 15938
29726 15760 27736
6672 4202 26057
22423 6882 31631
15305 28298 28013
5887 9354 9814
1561 18961 23637
13108 19716 3576
8928 5133 19274
30198 29370 31816
15748 1997 18408
4064 12174 30839
14801 9657 1422
8470 27735 1076
5681 16430 7239
19457 14904 23314
19187 1332 30004
21404 19741 667
7053 1569 16663
3919 6601 932
12329 6794 16651
15434 24371 21944
15578 11790 4755
30929 5668 27574
18761 8421 26499
4102 13145 31993
9918 28979 26481
15633 10131 10395
7116 30606 15284
17074 26198 30906
5135 11072 18449
12450 18258 10698
1975 13092 8623
589 8097 32328
8669 3635 17127
31444 18271 24959
15817 27418 5640
20555 13646 15381
29375 26740 2602
27828 15744 13204
25317 32630 19619
21808 8506 10807
11617 22835 18110
14410 19860 18075
3266 21191 29374
19059 13177 8998
8781 3841 19550
1037 24349 4928
976 13415 24639
5777 11775 16566
9465 27821 6924
5802 2573 19934
30316 30450 17470
30575 13710 14674
25617 12384 22973
5878 18129 1631
2375 28422 6357
22260 17375 14714
19718 30972 13888
7216 11675 6744
28947 22075 27175
9702 1811 30079
18134 17840 22127
2683 20723 21860
367 20069 15534
22789 23131 28540
20509 19423 18073
30618 32640 23488
23829 264 7881
25701 17382 11671
19548 16179 4398
5100 30995 15144
13121 5916 12677
20752 9226 23673
3208 26620 27563
21419 25332 15856
13924 1282 13482
18652 438 6666
24277 9165 9416
21600 1904 23653
14345 26309 25097
13449 8215 25713
12740 11353 16352
15017 11426 26725
5639 26772 9219
18461 18825 26955
5738 16522 27040
1071 3713 20284
25831 30591 29533
6532 31679 12586
11778 3043 12786
2529 18474 3521
919 13937 26690
7522 24886 25424
20150 26647 14124
11893 14446 12977
1104 29549 19097
9787 17366 7596
27561 21737 11892
29985 11678 2891
5828 6413 11656
16838 25834 7444
3143 16965 30070
31893 25750 22060
24460 22583 25160
4238 26178 12740
24272 2207 6473
6715 9991 6252
26832 1568 20010
29641 12453 15383
12834 11147 32413
4529 5385 28920
6199 27270 28649
11644 892 11652
25287 17054 5929
9350 26080 1585
22032 31272 8242
20175 6588 18906
1854 9347 20564
30260 11277 27078
20929 14730 22897
4269 4115 9407
26509 12384 10017
94 26775 3790
3952 17382 4829
29343 30807 5990
3078 20842 3424
4938 31131 11817
10992 12917 31430
15338 17963 10896
28505 6343 3090
7841 12305 13591
31726 24543 7197
15078 242 12485
8154 2467 20252
15973 6369 6681
1884 17407 15171
24225 26360 3282
23571 29589 1583
18482 17701 13319
27165 25563 30230
1715 28126 24709
30348 30515 18166
21688 7615 28530
10480 4578 29497
9571 19526 8103
3290 4339 23681
376 3614 32316
4513 31335 11427
4091 30911 17209
24037 17988 12273
26301 4684 23924
6510 14429 8554
6504 18931 6387
19325 20716 13925
32222 29756 19830
25783 28244 31440
21269 9230 27385
21280 25764 4131
29617 17489 6211
25577 8115 28813
4104 24433 31712
2564 27377 17674
9042 22833 16925
12716 17975 30815
1596 21655 4832
26731 20805 18999
13589 25291 103
7755 24492 3279
10817 14662 5210
28711 17749 15605
7624 23718 4794
5219 28649 5958
8466 15098 25228
31339 31676 32490
31277 27500 23115
17103 13073 18767
25654 654 658
14548 23760 8063
695 29110 19323
14290 31751 28973
29721 3371 16799
13751 13252 16016
4995 26648 5567
22917 31538 5535
13484 1653 22141
24492 15359 21588
1176 17519 7602
26499 26994 25842
20539 4084 15170
27738 10427 2702
20066 31850 9592
29139 21345 17224
15501 8640 15188
7812 736 4852
13932 28502 16213
28949 206 1063
15937 28784 29086
15187 31010 9951
93 17198 26253
27632 13430 6981
1639 1091 13075
15078 32344 7220
24373 226 23165
21946 16388 20625
18013 28047 8548
23 21023 15250
8904 31718 6138
4713 10315 17284
21996 17002 25085
9103 20399 17340
23930 20734 3305
19385 21954 18857
18339 20887 13636
7692 7932 17992
32316 2119 25118
926 3391 29802
1906 14003 27156
24048 9232 18824
6854 9865 30586
4076 11511 18973
24457 15264 26999
5133 18599 23480
26134 14780 28223
27460 27062 32334
32626 13104 22180
17327 31756 873
3880 11479 23990
1857 2138 13645
24941 14613 32568
25066 1330 14637
1014 28384 3587
3043 20373 7931
10763 776 6071
4134 790 22147
21682 14640 21831
12347 11747 29904
24077 12088 69
15847 14163 9733
13121 262 29431
6232 20424 10032
2686 15348 3488
15841 30470 207
19195 24654 1403
25712 8782 17903
15118 5276 4704
6715 24035 9521
27810 435 30218
23890 32190 28705
23217 24516 9330
13346 8088 12952
19103 23522 30405
27147 29853 22311
23160 31402 23250
31377 4961 30394
16771 18464 28433
15062 745 8438
15023 19930 32648
17502 21996 30720
26812 16398 29240
21833 6549 13737
21047 26399 29156
6536 7534 26936
26518 20154 7235
28093 16961 17481
28708 1196 13565
30655 7174 29307
19061 233 28945
14846 22334 2779
13209 32138 26215
24116 3153 31579
21585 24740 6587
10547 3008 11691
13795 13124 6451
11427 17485 25168
2161 18432 7212
11535 16485 10711
25300 30929 20779
8605 27250 19812
26731 5938 26875
56 24550 12061
7010 6849 6734
1050 10510 29
8795 6610 23435
5623 16411 27881
32384 29867 30858
17469 31713 25258
11106 10093 2149
7969 17204 7833
29755 16341 11192
8041 29689 9809
610 19281 30165
20548 13621 25363
22295 1829 988
4997 3534 13080
5879 32660 6850
21781 8627 11145
22443 27719 16797
11659 30112 19122
4280 18277 16338
7449 7628 19850
30330 10783 16130
32598 22032 3244
29358 13463 7870
28050 17004 1100
12308 113 23662
18605 3325 18392
22292 9323 23538
25772 21181 27960
14189 29902 28126
8074 25249 17656
16209 16284 13928
23016 19183 19382
23165 5313 9312
9135 7915 30382
13362 2480 2501
18376 21289 8250
27928 9530 12246
2411 6430 15010
12907 2941 32436
10939 21198 24207
22030 27450 5356
1960 7594 6133
8016 25849 1410
330 8180 20322
6790 31167 29527
30008 17993 9958
16847 21062 30459
22916 1825 26897
919 12529 14415
8545 8285 3522
31665 28668 30595
6054 10055 11189
14888 23182 31054
13221 15753 16145
16145 19129 30839
25102 24066 19565
29961 3987 29449
7894 2702 25853
31772 1510 29637
24161 16400 15340
5457 21291 26799
29530 2151 9733
778 9675 15818
11259 23057 21572
19705 3804 24416
7354 17318 12003
5724 18645 2411
18326 13695 14836
11193 23535 29168
22129 9745 11706
10583 23590 31350
17470 24047 15408
11810 17951 14557
25586 32376 10883
1728 5981 25146
1396 25225 16495
11004 29574 653
22522 23256 26809
23512 19367 612
26272 4036 1338
15073 24003 22475
30488 4277 15939
25498 20998 29212
31676 23910 18483
30234 2159 2179
377 4020 2977
11827 9440 351
22334 19644 7012
9401 24770 15549
28664 23159 16729
16577 28874 13982
325 13077 30153
15607 12929 17879
28773 16828 7844
2384 10389 17048
3079 11396 19231
19407 24106 11270
11540 15800 5460
25361 26777 1652
29050 13013 14061
9178 15458 13327
11176 433 32521
9948 13633 2082
9793 5327 1747
28268 23198 22849
20257 9690 3987
1000 24791 28915
3545 18860 12307
31472 32016 30645
18723 883 12457
7369 9361 29301
15363 23765 31836
26752 4564 8905
1673 7967 13003
9385 14554 11668
12148 28129 31198
1480 347 25562
25386 15752 32628
30922 30949 30701
29114 208 31370
796 2071 23872
12521 32304 14468
29244 23919 7029
18545 6788 11944
21207 1383 3470
24066 6298 28908
27610 23252 27723
25511 25984 9886
21494 27588 12043
18067 6041 27290
14473 28244 20697
13707 23267 18431
8948 15916 28523
32104 12023 1446
1460 26278 6193
24413 11174 466
11495 18127 31697
6155 1865 19646
26114 13245 15013
24465 26132 19491
24795 29432 7433
18955 7185 19151
90 18906 24743
27973 5002 16079
7021 61 24577
23436 2068 5620
7960 25554 19427
11492 19057 19340
10411 26345 1673
18191 23549 15267
7056 12448 32410
10779 28792 26422
30763 11689 15436
2690 23347 31253
25027 14381 15681
17148 10517 11873
24426 4725 19469
30602 15094 29429
2143 862 18010
28784 11325 20763
1639 13505 20773
3855 16320 17228
14589 21342 23697
6114 353 20992
23166 11493 8508
13321 21722 11436
25749 29741 32538
21032 23212 25731
9097 15560 27206
16777 31293 15259
69 30313 27721
21429 3195 30330
5940 1491 16576
20490 9386 5954
17986 23643 19058
25084 23837 12523
1696 28693 6700
13816 27660 26197
14110 1604 4866
551 10444 31766
571 11953 28617
3969 9228 30021
22331 27112 7134
19704 5610 21186
4062 3472 1431
22939 15094 2468
25743 24923 23291
5118 21888 28875
20264 29764 4490
27733 31435 3800
153 7436 16446
17404 11251 10476
10265 19002 16141
24674 2214 2051
2723 1295 16789
12438 15879 28105
24561 10275 19130
11234 15955 29488
9785 5549 30038
13629 24089 23103
12362 675 12886
627 14893 2498
10729 817 22231
22363 21912 17647
15476 14907 13586
17527 16695 2586
29243 12523 4429
21954 26309 11015
272 15476 8192
2471 20350 30343
21747 18313 27881
20818 683 32339
6639 8780 8915
4824 29357 30066
12421 30359 14896
31465 28512 8836
31276 30693 10459
12044 19185 16073
21464 11603 22426
29328 23165 9664
29320 6507 29247
24507 19983 17067
14911 22197 11630
17378 5082 105
8709 20805 27003
18530 10434 30037
22452 25790 15325
11199 27790 26673
11461 9088 28957
13645 23130 27724
29015 14080 5980
4913 30246 606
21795 29304 9659
17824 26257 14540
15910 10349 28486
27550 7715 345
21266 26823 20535
1196 14768 11119
19452 20580 31409
22574 25017 31101
1462 21618 1078
32367 6882 27937
25807 17145 26511
20607 5574 31005
23360 24401 9950
7020 18647 6467
28709 23683 10249
10375 32529 12246
2830 20671 22990
20396 7325 17693
3287 25707 14871
10696 14020 12566
32259 17538 1634
26900 20154 8329
24329 4915 17763
10682 5930 7660
290 764 1320
2281 14989 7132
20073 18372 11104
18805 11436 16914
7793 26259 7581
5280 15334 16152
12454 30716 26021
19102 26377 28727
14348 31325 23084
10730 739 7759
7219 10359 20110
9619 1748 10641
16775 15888 27751
25087 31244 5978
24381 30620 12309
19673 819 23715
13193 15144 7559
28713 6833 17595
22250 2027 13549
18885 25558 18250
5542 22360 1825
26516 19331 20942
8915 21893 6112
7785 19253 18446
14972 4150 4138
13396 9585 7223
28866 17148 11626
6336 11533 10918
2576 3106 27181
5047 15045 20103
23727 26972 9109
797 27932 15308
30313 11383 2762
6093 15486 24624
8440 30585 5142
24017 25114 12354
30318 3316 23922
564 6639 9898
4832 11386 17576
3611 30971 11044
8956 7276 10592
551 30360 25574
10059 14757 12713
11860 29796 28527
21067 15020 26587
8649 4676 32242
31670 5997 16114
27482 1130 2258
19842 1965 1705
28333 32611 19437
8060 6585 11002
6972 12945 30643
31896 20474 21206
10665 17321 9262
6471 20341 8238
31015 24067 11397
9325 16995 1958
2525 16102 6063
25811 31070 138
12944 17424 24136
4904 23266 15831
24318 29736 1727
25833 9225 18299
12706 20710 2144
22226 11980 14107
7910 4366 31463
1435 12597 7672
20714 13457 7066
23091 1596 16852
10848 20335 29212
2748 23634 31966
25664 30773 11899
1004 28348 12561
21808 3371 1830
18083 1617 31116
17144 3977 14539
13269 13109 9417
32097 13903 9040
13600 21677 6335
16201 8854 9825
15000 25881 7766
15827 23919 9552
14013 28601 17327
14077 2993 19760
10126 25294 7476
2052 7744 10616
26680 27691 15210
10585 17845 4754
2265 1884 16378
12573 9844 24350
21057 11241 9839
32335 18053 19412
31170 28506 9624
15935 218 5960
28016 16914 5262
27361 449 9729
6996 32533 2770
31758 32437 30875
13961 9807 5374
7896 4039 8434
21305 5634 24572
11646 23387 1157
20210 17243 15039
10150 13549 27029
27859 7014 21238
24029 30226 22953
25972 11473 11058
13463 17660 8061
30878 20547 2410
8737 15910 24458
25393 2100 4853
10303 7919 20906
1476 4741 1861
21875 11598 18299
6373 30020 7428
8991 15596 16025
4609 32108 32115
7419 27712 3782
26720 382 18445
29592 5250 9103
19385 4924 31966
16108 32146 28187
9795 29428 13842
5909 17189 10017
599 23587 18856
6355 2771 25146
12282 30287 21061
14451 17126 11015
24808 9834 19110
16668 12266 14819
29177 31777 26911
22452 9078 4386
20215 21471 20768
8164 24750 21758
23098 20847 3778
1764 861 16330
5034 24705 13511
2822 17605 262
29430 16253 28561
26698 17782 29020
5917 3692 32759
12639 9665 7867
8610 16092 26380
22994 16045 6915
24062 25351 10285
24932 19319 32007
17964 2482 30960
31162 22524 30406
7017 24941 3786
30438 25250 5423
13942 6472 2190
28795 24739 31954
29957 11800 17930
31780 18873 5182
21011 23256 27243
11258 3238 22536
21855 2003 22078
18961 24589 23982
10816 10135 11289
30703 23436 8650
26757 16865 32593
13287 13094 29528
31269 19457 11860
8085 25429 28929
7910 11113 12921
2540 9822 28318
27468 10852 28000
1170 15291 2162
21097 4133 16444
32642 28861 30421
25185 17583 5025
22312 1453 12353
27083 15947 30374
16500 3351 24824
20523 14716 12923
23452 19208 1733
5693 15802 11208
16767 30819 25738
17099 90 15724
26855 12952 21646
1853 9320 28787
6175 23134 4556
13107 29023 9062
3227 17486 12212
12468 13322 26422
26011 29792 29983
19176 25581 8817
23 14785 31330
32593 11525 31636
8531 29310 5051
7675 28868 12673
23277 5866 2209
5924 660 30090
20040 31456 11665
5444 9032 7317
11923 1819 31080
30846 23610 9536
26604 5987 28797
1248 9747 12048
30537 14913 3812
9991 4202 8973
4650 21874 2223
10990 14014 2139
3657 15962 4612
12063 1141 24497
22712 14368 14939
4741 27883 30395
2357 4408 3400
9594 7603 205
2460 22666 28830
5880 8342 29807
12989 26231 27339
31990 12277 17829
30460 20587 28083
845 31644 8973
2191 23996 16781
20159 5417 28698
11307 19200 2135
2554 651 24861
27267 9519 24068
28837 23118 28129
25071 22558 8825
4321 8364 22006
26374 17466 20966
30141 11674 15881
15895 23953 17702
3470 846 4057
20678 2690 5936
30006 31210 20139
10812 17078 3507
28079 20564 4171
2464 24358 4729
13180 23401 20210
19927 12891 22571
18387 1025 25271
11974 27702 125
2450 22915 12622
30595 3797 21243
20582 514 6467
4660 25206 6884
9900 4620 23028
403 29795 26587
20204 9660 19442
11604 20819 83
2059 16812 13721
32215 26050 9727
3965 24023 30202
30959 20261 11189
17181 21902 13422
13482 32529 6526
3201 7946 19815
22102 28071 1737
32213 29256 25950
17215 19174 15361
19628 14888 28912
30161 14003 25583
12615 7180 11654
25900 5552 27312
12603 24939 2072
26183 11585 27439
4742 27663 22516
13622 23375 3417
12399 26879 12681
14895 3745 18058
15809 32569 31140
29023 10993 23266
14409 3793 23468
28086 20472 6532
32668 2574 26039
3629 7470 26352
13704 21913 25484
31281 5112 4081
22732 15836 11765
9532 14438 25816
31456 16165 5612
17092 5347 4094
6133 27430 27525
2822 24411 19397
1147 29159 28326
18003 16065 23427
9671 3407 19434
6128 9738 18474
21429 5569 12870
17065 30176 11400
24406 11146 7745
28825 10445 9834
24338 29712 15846
13542 17805 6421
6842 15105 23737
22878 16822 8901
21123 9974 10571
25390 29456 19005
12775 28227 28242
24881 14373 19078
7129 25579 5953
23438 12524 21100
12238 7667 7385
28570 18091 23146
32649 11654 20531
5169 28247 12016
31668 13998 31522
525 4898 18003
12705 30856 781
6340 32503 16582
7889 22588 14216
9326 29965 22061
12042 4137 18518
28966 5855 18598
44 4602 5794
28898 9772 1055
21248 17830 17288
11604 22217 12881
12981 26758 4678
8919 14691 2037
25806 14090 32434
17043 25748 15128
12707 4268 22723
2389 29644 15308
6605 14651 23633
9694 19455 16303
9999 2961 10330
25734 25626 17920
18334 12616 15210
20369 9127 15668
6353 4125 17148
31364 21552 13394
17062 26866 10731
5206 12862 20858
6042 28077 30282
28514 28930 29789
9418 10872 16707
32592 4109 18075
19538 21497 29641
11388 17578 21819
30827 12198 2367
6534 172 30140
32692 11331 30053
25346 24269 32370
932 12319 32039
19089 255 3362
30759 28608 27176
30146 18224 2084
12226 6890 3865
16009 17779 1397
18910 10059 10043
22070 5781 8310
18692 18235 17828
32044 9338 21074
30002 71 22812
8397 20955 27200
4755 10371 20392
7760 10563 6679
28478 8916 12577
1149 25429 246
27332 20921 10860
18314 19134 234
28859 13622 2860
16776 20074 19926
31628 21482 13824
24350 719 21259
10014 14465 1967
19341 31085 6738
13123 17406 21461
8234 16849 6747
9200 10889 21987
23250 10686 3008
413 29644 27546
31758 31309 27435
9836 6409 10820
30928 3617 29759
5349 10849 29272
29982 16635 29769
7006 4625 7504
21504 29533 9452
4987 26508 20432
24202 15609 7752
28474 7604 28287
26340 32536 11589
3471 32429 15892
11660 25674 17934
3707 11506 26501
15959 3313 13277
8990 5310 32612
18388 16528 24228
12350 10723 23494
27417 2527 21569
6701 19873 1610
31536 14349 1592
18206 5413 25
27285 27081 11817
24901 13484 27640
2687 5847 23158
13393 23687 5825
4852 4965 4578
14894 11378 20704
31703 21595 6153
6403 22261 11176
20071 24149 30202
2287 29139 917
5108 20756 20843
25074 4518 23773
12720 32639 8749
772 32325 2529
10980 2187 18676
26954 23172 27472
14834 32684 15248
15073 21860 26662
17904 29585 14881
19139 13275 4044
15802 6243 7675
17319 2488 17145
8908 5819 7716
17911 7494 20532
23885 4871 11963
26917 1221 14076
8194 31007 14253
19208 24021 20737
32306 1583 5240
14353 24152 763
11931 32588 29175
3442 15234 24315
7682 3397 99
21127 20239 24650
14608 26254 24340
14636 19413 11574
2159 22114 29860
19650 2602 9565
11119 23651 24956
9734 18902 848
15507 8807 13314
3608 2704 3752
2257 28215 19668
9534 7475 22504
3450 4959 18132
29243 7972 18873
14843 19815 2555
17763 32434 4961
18929 25876 16679
9902 16970 7827
338 9077 2650
10350 26072 30424
30608 27631 13871
132 2227 21324
16387 29319 5740
18462 11225 25443
27909 30228 1267
18016 13168 9705
30835 15910 17291
17555 4035 32138
22434 27326 27187
10921 12597 30840
14820 30771 7420
6446 2022 26890
30761 17367 925
29196 6893 2927
24937 28204 19517
21415 3205 6344
8918 15835 12336
567 30591 25156
23563 12961 19598
10607 18371 28435
20141 23021 31215
21714 21214 11853
22076 16112 30141
1863 22215 10782
16389 3642 29898
2753 29782 23513
1147 18760 27190
30496 2097 22716
6741 16526 16073
7064 16405 7566
29000 2780 13385
30774 17345 21341
25917 26419 3450
23903 4088 4612
31818 29285 7869
9575 1861 30024
20696 27665 29852
24711 3991 24482
30398 32478 5270
17880 9411 4634
17727 11779 21003
23595 26514 25273
2338 15995 5154
9162 11751 25470
2400 15478 2798
9867 17436 18910
20002 11754 329
17849 14511 27438
3329 10568 1567
30148 713 15500
20162 29645 25365
26038 26964 1321
8719 3295 4058
25812 5012 26617
19405 13430 22655
17158 28026 9781
12587 6280 4777
30926 22835 3640
125 31204 20604
10746 21659 664
13686 21265 20878
8793 5278 29583
19051 27645 20808
19984 29104 6417
2971 23464 3954
30574 10205 17946
25272 21773 23281
21067 12834 24093
24605 20214 20430
8530 15377 23456
5243 11903 12581
7119 5615 871
18659 10871 7319
15057 5829 25013
7278 12762 6207
19135 13599 6031
22016 18972 32110
6843 10870 23568
7636 10750 20880
30043 32361 31263
9671 23587 3080
18083 11871 3374
22701 159 25322
340 6945 24522
18447 26420 20954
2518 18825 9511
3356 17409 30066
14194 9317 25319
31938 16064 23304
27802 7443 21199
14360 8436 22439
28009 5511 23596
6571 406 10895
1960 14781 4880
5457 3346 28333
25079 10173 32686
9088 32454 31665
28651 19643 23174
4709 7480 8926
10049 774 31256
26158 7354 31905
13945 4023 30043
8003 17474 5010
14191 28767 2603
6244 7825 28271
14545 18471 14692
2014 30218 7725
3973 31014 21109
22113 25534 22070
15702 25041 26237
17174 27297 1129
27780 8141 24405
1 32225 11139
6155 28827 20769
25315 32207 15845
1729 7619 7470
17926 14565 12295
21392 9622 13132
4546 26313 16622
26500 21151 15082
29347 29018 23680
6749 845 16277
18788 17457 20109
13540 20622 13490
14670 21780 3812
23613 23882 21126
-1