1000
4795769099 987453934001
9085415445289 928116592401
3902215643908 17561248391
849925976653 8718675625
62986392025 342092340761
1748022621463 429392762065
11498904936156 762025933903
16790944564099 544532498665
4957180857389 576568100297
2247531395110 208628471443
829441341401 15971112577
1557218539521 797116775441
2605733249701 163869652101
1698818578957 66262072729
1102804784641 703280013249
13535592640417 350334623639
769443953005 487415648096
3123694921249 320053452661
3560048557339 760400207361
978641243911 310649593473
2920288064341 318124887261
1485032372071 379065530001
5139855082345 221289428911
3155474814064 540614535514
4288467466046 393246252585
4406549549273 237909023521
550325107801 183225364451
12224483968225 722928373786
902610231701 185404437281
3019233311569 171508887089
2077719463 475394101917
473789024401 25928355569
9867944642089 229242722671
3105666598539 516590560961
1786189558601 800392987465
400394600449 983962595303
202435535476 694774934344
2074796376017 244439108801
6028730060641 225663108183
15571830534937 382723785713
2655609068381 461140423547
8687738692321 491244218749
9895161386881 916911960873
16029882103376 680056440769
7226930112637 65152623030
2825156469745 325868962601
137065578001 48877085793
2001187344196 869534949911
6737107134561 365093972395
1267890554657 952322751427
1481960950273 488433985501
422866568307 178510674401
1315452027907 257275505933
4714351517228 485578170459
14759465596 300427748481
4965978087281 454370554877
3745468946297 288143719246
570321758161 414716361921
3390353016589 940792671577
46235751745 311535460719
1264680249751 730171184137
11993150145565 454614108961
1291957752931 42204367965
570956167889 314666660091
979179033251 61676184705
18498053488753 695858417291
1592760766003 689793323671
80865735329 367874865601
1069921859903 328466704126
32724332837 551355124853
14887552551481 171100603676
20767389809 228890401601
3595119611161 893110246601
142821076806 271713400321
12799745001 798040855921
1582345006001 928554832905
1825621712709 732452046213
611951577889 172500627201
538992255601 108859097351
3485891535337 832962736009
3981573304381 492775975527
378667755376 149842114881
12701930053 218888156773
419132762001 415770668321
2966078257581 39730290908
13560782162401 804791070257
1922259528281 569050079301
2787583751261 179137606801
386414524987 574017123681
698513386309 735665577951
4213745277841 475267840801
11461785198241 766266299201
5604617142181 353219414113
3340949838535 308728906140
4973633514305 404199107585
6802171478656 668797334666
1306210892449 103645347031
709094529025 232732923277
174049357813 26318521256
1075300564801 636829914709
3517175227855 717072168126
93591373021 432441286011
9244499501701 524685793063
241331293849 521317141441
1166224030057 71954019901
6485524760551 771869036315
1169311906945 613571421145
81814705001 156942566561
426904446529 633025325106
15226557931201 963619922971
7617699798151 632427570361
83137402921 745523686441
8771535566353 876038460801
3082729712077 893594930333
4991727194464 348650272881
2530761879556 710952988169
3383424119809 111998534841
1153207350101 269901337161
4888190205757 241908556070
121484334781 116525210561
2367169113673 64263908433
220307832001 192982712626
73017350869 85131176705
1216083278873 850995443001
579744088573 818287437331
1292229072841 992986348401
7577326758661 647021476193
19460804739681 220703047690
590091083601 103406027276
15289411789 77654162809
2994104293984 84309940377
413649918081 99943949217
77588122261 51277053801
91836382177 78994597531
1053010111591 530068042209
2158682212750 831136620321
19391257800749 267308088876
3979304649537 989788771321
2334899541451 166542866177
7808509248989 307660003781
11913732295001 993794379621
13232202605665 329183958529
15118550053377 32205592576
4756655913751 274739767303
183949887001 439779304187
4035537152257 880581274885
7132955434907 23470394113
1406727242790 790099008001
8643061198201 562860913121
1297042152205 427953585999
911173259305 929718510841
143271914227 521713902339
10306138531393 439965282136
10734981910081 947595243187
1438116583733 257179672341
493260472293 248568499756
41754562675 393934856801
6018974516026 435333559051
24848331190593 650917163901
5083028242081 60961814166
520402104351 470865108553
13023399877585 497551816857
352075045971 15064162177
904674513601 44361880291
6777594697784 576200487001
4332630744601 40344697927
1425899566081 499112158825
6172633363177 505628124481
5973668066257 74159279109
45875444041 41045095329
10711540592971 246904878133
29561247069871 623227980249
1665527404453 577601699005
13572605411521 579098291537
7849682336121 778755741761
27324051745 118708775009
3234170655765 218584012961
3446742188539 15601693925
16347607836453 212396513417
167503343497 941122778201
2070646830253 513456403381
3112532769601 805068015105
212257168201 383504197051
12910139785857 118024966317
2890745224321 2550292851
7929434528001 630768187171
366152430601 52170621433
4975100123473 676071139587
4257742523626 152258742001
150547998901 360502668977
5424309817837 184028752711
9315357108751 517641825121
290426063599 605362177057
12059046516966 334225486741
1228308323465 804369879681
1250217059521 313511668025
6681737136097 692727145921
517731052159 284252127840
178270851676 868298422001
46618551241 488918059613
8061610576501 964062054018
15323174653569 283155115209
9143916164281 391044577281
1645339085191 6871471905
1877909804601 88636109689
14399167863519 568296582276
3585201498901 1893122089
3673632347425 344373136849
205608598561 353552643539
662729576937 152668479861
1735788641401 997819293329
3262384002169 407151883347
1991962303849 165297802729
2999616064961 884966002913
752152233001 38043976319
1375160761075 487149083185
4216784943505 608663895443
3523562233493 697538908721
2065708365241 659480195184
5003835382801 405343047351
258238902993 379067178556
6532957583307 195758238721
3666528670835 251042423581
329090587561 158350360174
10770457875346 877360491541
2470031342857 515350537121
92037577055 411335008681
105577748641 767493101233
1078974814519 511581908971
6026015404501 408365873325
17763344299797 680672002771
1548737846751 90760657681
3099978731521 741509018241
232549788101 5713870797
6879054945793 741512906585
712065154753 198071376961
265300436545 337921700136
60285934801 793730805305
20946537979423 394887712001
2247454994541 501419904193
40496875421 58198686351
1310835052913 617797711441
161403226801 989729631301
5093367441121 887589127239
20974211592 703224052021
8557630905041 997284248965
85995531919 404383275073
7840353799681 223366847649
7114603499641 89383266509
6047692354705 701412120811
6958253865025 92513141083
459986821921 584218710041
866787143041 672223368257
433025138481 39453372541
2824944825067 129620894476
1134258398209 463192559597
4924955747251 711397056756
1833982848985 833251946041
259776665569 528398986959
575208894841 359608383289
133103563585 770684923815
2570704197337 596736670849
2272978893199 103795610796
126900334081 533157321163
11069574397931 77867819241
208463967426 455267836925
1100437836121 13278770551
10007236181251 284157864706
10368050712437 994122023425
4429364491241 278978249278
274594954096 986106780587
5201676957569 657316956323
811143050581 291877953121
10799780389189 46019506774
5142384953071 60915955553
11828006255697 577922896741
1903602163681 324140710269
773330837685 504768834841
512108714513 674403867041
2382938058451 806615382636
1907397493349 254244158491
44579384151 209543801431
2335203164141 53310996289
486889321933 947133487951
3878089461057 331518951801
1876620463565 993679340465
1676226158857 272092632361
6914316630869 237528873089
1443008031631 604773574273
8819239267889 368742043851
3454209587881 983519179331
53048847451 34627109661
2614333442009 127567020041
5306954889889 458690593205
209822682196 90605358649
4376522940049 47525270001
4725239932121 337791762924
2385654685945 812055346542
4891043105455 723324747481
3895591954501 609277634365
144384331393 45309044921
5118887067841 934773632185
9457251697153 948748807921
6023404202544 559891345761
2233473277201 185566252801
430120996126 79819028833
789668899921 660166190001
10594815799601 618526356985
565616217601 444843161145
1354274022961 201039031281
6045743808001 335392337211
1219117969749 428626800321
360359002301 897765724561
390220027 62683983873
16887941819409 278598409001
134844958786 628711948401
15480071140206 16046331532
768237820549 605839361167
6021069368581 335075622289
4637498026405 741154815521
503401514591 712341488313
1070855133181 317935025201
15348859003996 554475525891
2954845944211 336754032221
18544899938917 534196770121
5904423364141 985951901326
774176996662 149183561699
626521342271 865277505297
1327422696209 409022367473
3241566113961 426922182549
11796490975774 615549737496
7600981770451 124484234491
21342997350181 238814913871
488473541425 581827872717
4671332641 174141261741
2527966889701 949295789033
1955229889471 305776084121
2761367853076 15066038001
16892943138691 239115806991
1184753687905 383282309761
267201854011 196950640097
1643368887601 896401479329
3873248909245 651529410197
7410982054751 914933488565
3110021397253 17686717701
64459302337 402429142501
5185360331905 479051833641
454661702911 903431555649
6059549627071 147271917632
4720819237410 64437949521
337849183141 976337755927
24451307813296 931284675737
7621297698133 109212818155
9530026366267 172894881587
5508515637235 267513808183
4789265491201 726822274301
11237176913821 126556099481
986655267711 54789331141
1836153867841 88625586566
11489761882776 967240515863
8219834001667 449934516195
993088503361 120966071497
917045209081 408318252051
2503765447821 595521529213
477425949001 992735631489
528484841726 628407553401
777401557021 51058686834
503407232501 484606697247
11298262256821 586857521767
10880780065 703690601341
688554643393 866544056601
4593000849229 88465009337
3034401901355 225483246836
2091652058161 92778549351
5223854687905 172629125715
573882479233 290910146981
317533530865 956820550211
10390662285121 506669473128
887100547277 988948372825
5313531241639 255288113697
1213906908001 175290527013
12215458738561 990861264161
8752656103961 160133783906
90569802493 850725750801
4558119986047 435475399057
821997309673 8604438896
1844991943213 938284378591
3541110181453 269300782721
1564768027161 954929373321
21643125537871 364795045333
12581390009641 962123213661
12042779630779 846107728781
14590507840930 737918116991
1060812362721 617945246918
12144296853071 815098722601
702861181060 447942726501
143355318226 392623733224
667777395409 13956331001
18730792601 352094312345
1466990335041 150393095291
10347534976477 564061615029
3383038254961 792633841886
1326319628161 468307476976
5288644285 50795759277
8299142699689 666096424564
1425526091461 34711584329
58496375089 16464677194
528736289251 923443473637
50263893460 840192445797
2432846070721 683758797953
26476660217853 40726940577
4544641772161 822770487861
206680630645 256304027571
45906375373 904110531459
1748185841 4376265401
1888077662623 270872065601
10674415349821 172632440575
3466785600286 658298125001
1522193271841 107036210549
364748440321 370746504961
899329688533 768317850376
3276829812601 203237886601
8048926511515 240533443801
938874024159 422140164601
699384934081 74719347151
463658430551 307028859313
121803310371 763305814437
6321345572179 523171597131
186984640771 822142794561
473281693201 383856815521
2820729703793 737802914876
256069809253 687800626689
10419508724197 273321694799
243282893101 729322325701
8520203708353 412234159681
2013697073788 896031844865
142796771375 22448307085
6116431303068 283539008881
121711948809 41174032601
290633954101 660776023677
769662117985 976124603649
5093387255171 255831500521
1975534420925 789765671491
9607321180801 428324058901
948674608414 143521213441
66510400375 634532934101
8165523634777 216660287473
11715493829889 944982299605
2073199457785 279602517601
354735752181 625769060257
2567537165569 676146949703
7605009093961 37780576233
4354466320633 852051697265
3896175002833 286078239005
8080024828441 298309434641
3043273951261 1284706719
355875230623 398566454641
8498255930789 71315252061
1151925998077 448383632785
5583719789743 926144847241
2219018805901 32062890945
625676009375 92760370201
31309215589 198267282510
1227326181277 663075781361
10252340153377 509977402601
8734722864907 430270515281
6909546550799 549867143239
59180463139 919689586241
4533040766829 43162151841
842627492146 723596216479
26218427131 210324001857
1137030177413 153314278641
3693624657697 371780919041
5160781357000 671361423585
11778535428661 220771929731
13532337993457 204041443989
389802830681 600091449153
8500003703633 774423900001
4058991723601 247911082170
15572733166 432350534913
10960206394873 280331206785
89060844731 114449024257
693994153847 626514933493
671526205897 609356747831
8558729646743 872421521201
73594477111 187045419793
6169331448757 890111645040
341000574433 879749980591
2573577965911 241389062821
168848255530 385910340841
1479219853756 95583341585
533988516 543796676001
8577135040001 440136400157
1903821368637 639000001921
9200159445079 434755121618
3073876873201 131603416905
15781057085141 761647660513
3876699476161 16258889523
1152953977693 845948635169
5255132501431 854905232631
453365372161 954897251417
179225473582 912020146127
2905123363801 181320978730
1940888577335 576420866191
6373464964735 618777667161
168143327457 156936444666
10912681533489 341517385931
17787266646241 941102194873
4893302046721 789454576041
1338118809457 430694147067
897945498316 489161717777
13494785805571 590049331235
607369691137 758287312091
465716881841 776746853499
565231712761 812332720001
740685549241 40131912351
990343751023 478537116314
5121825246721 860283779410
5758108124641 72474555001
647625375001 782930148561
4154040564961 630749485081
958237980225 466943938845
11348167935105 248987634001
2638072710127 708019718193
75179274301 26326389801
4560858859975 20634098941
570602791591 108934520157
270389218177 308914143967
5894868427372 831618361161
145722132289 393492698213
2770981114021 581124673685
657294920731 916897756481
4476468482476 927733835256
22204881858361 584804984401
5689830972001 541395224771
114715761217 286150789121
2641837091293 167577458101
1758155422258 101740876281
6418962624447 403993633747
189153616481 375053041893
672208316597 701486255469
4526752699105 684406296921
892310221837 115924706711
11137364229161 817165126551
9062657740537 424525033801
1746675558926 78965439801
17164251983233 669961155031
1051275138676 138002192913
3234681888985 809684957533
6625643223761 597537315831
110695374901 51008848155
9726378998401 451767405727
11166270919801 960141114966
2624004369415 581824866721
2281101828751 548504460001
22848197134477 805671399268
750603781262 768779592901
611962100401 449463335393
6924201501085 556230268413
641944550273 749950127931
1370706997633 9595331824
2076165744803 407970955787
223575456385 449415006133
99691378177 373882269697
4889304230833 357924714241
3591230874001 87859216145
1274068804771 871436994697
344665305835 137713831011
17936585370499 597939264449
9961427117545 23546287105
18035093832029 408374522219
18904165255 27211966849
398492831386 390851553841
1428880240231 620320712525
4522356229219 212921447811
4020707396137 57797219397
1761581961361 216507013921
1211712971425 199791048579
7797004089029 172679463205
4181169455821 554718186701
262869594373 560681341781
10557550450721 153817405936
1565940260011 475182564231
4207103045377 82656793246
2809566704497 248933118563
1812471370381 978811693001
8836085060801 826732530257
3622753476385 828085127761
519422628421 411363634148
109444649761 47562624769
574626878251 967774049537
174747990913 908924887785
9488241186777 479161730965
212750726401 684026432737
1465743140434 296008588746
1411943057617 895493358277
4813775807926 775760710721
540215656051 646188666071
5740479938701 14538407871
15076281156031 120313590001
9836772519361 818163488601
245942745067 26254943281
11397131856505 909988616473
4243057433224 662167099201
2518298080409 191119898241
910888516645 417168651517
24977182063513 818451438561
1206577490401 261878472076
1341723518207 454045318367
1691571127393 758502300451
25379107387393 209840740097
35431803331 875020085121
15727503976003 981858776501
274910656363 849410787461
1933503898471 40095809911
12016356801 668194500241
3837726747089 512627141931
188270242407 740342981891
997697569465 450463669811
6187881116173 8232737301
5331241954999 714496271105
12278665280971 649972359901
457660514949 969565943809
62205235113 649644608149
7371845530001 986860694751
2498738063833 78547573801
133262836481 475170048561
3523146181633 122199180401
5658110001 880050770913
467381217151 220448647169
1215529343935 81090381429
3205641658951 122432192577
1000723076311 397009901749
1832235980037 21854139821
394624841401 423123672289
3513403931149 132123362449
4781141029921 734093013121
12189148025601 283928546514
3211452816641 683973398219
13131957389437 746052798176
7165026553039 377053272385
10147835269387 873146735273
3131443910225 120193965981
3775039373281 35584279478
95771342822 581907831681
2439082478809 98900588818
3278959884253 259300043905
4895743971667 28513885359
5200848510911 704323794113
11822812581 38511766261
5650702870841 219991558979
4959823739329 402598083137
12512543879233 343519167762
3210468411151 374181949009
1592378447905 90987247361
5328676452865 60857905631
1828163664916 277199207900
965952086401 484863867649
1148288380071 278539498901
3175598911809 169350873121
7743262036079 633018025601
259653133251 991430246401
613422120949 472410872961
1472183433601 921740718601
1447846049001 102207242241
133821680301 913687634113
5967402249121 861372821393
788770596901 723038679001
4018626927415 146186962191
2877560552881 277872581701
18172046443321 747372284721
4974735367730 595839186024
1628101445601 647009711596
6408021290243 867113081529
175897148224 705987525745
6253277591353 112979332146
1422678567745 180982039901
655978774201 972334297961
4221655353345 818654210001
1212008306473 660261774249
52580589226 495730763601
9121725840789 313997924105
2594382429997 659751597
2362490861578 10327521601
2672616370689 893776852576
2446853788254 868853684289
3056725447693 326177403779
16091539181551 874581525433
1424874484993 754530894931
6495086244817 788184440305
34160245146 622083264166
569539021780 393988739841
18630139441 40571601409
20589631462561 243510161041
1337602217681 399553959001
2231715187341 701799877067
2073794224921 786161197530
7752584567271 288734465473
415282054177 569578258671
548244094553 754556392473
5329928837241 253309423921
9201042553249 629094537901
3243277906177 6219730357
21920858794513 858508507641
2925072150001 467999968251
1650151157761 959891164329
3867271843841 995408231143
2730596898763 615148785665
6953075985865 697033246241
22324237027 867978361211
125244845776 850186222201
12278730467431 855952036921
70993121083 304376020651
5302308089296 854140214676
726517554689 16024876321
1350779831521 639474020193
13978969003441 488762408289
1740464506593 37521797291
6037697733193 13757859481
13432352109121 891439299441
21631600983601 954628748426
6579164982601 588382042241
2134549524577 696652659711
1546302185521 297756439837
251572292441 178001818801
80957204161 187570354113
3339976369501 87446756110
7795309969999 713618234596
1045268089229 664914161691
12042726030791 997991462193
2299838813511 779070812198
1678487638090 649845247729
13300984809281 55980328251
2830932764353 889345513307
5680755098792 870394395970
7905545486317 82074805864
804407130151 923740902861
12508540751521 918622390669
3342647005327 283435990826
8288234136469 689368807124
811514706661 824183202753
5685925514171 135462194319
4823610799411 14072028146
44131287505 70192644985
2251524056941 844400304313
8519313151441 516246547535
580440726141 6472390131
2721929639707 600171912801
5829472665601 590023409581
1612876269187 868889916161
1978423633873 147837852081
618234155605 968118248329
14375506838017 675747266251
2399047100833 927046048321
1517881300993 375191772081
603408464737 601389554051
566053878601 248278406049
2952051997441 383156763425
4918271224985 316236116961
4399402514053 337223150889
11224895817274 642566610615
759800526409 911390143579
206308485361 780793874233
1398199110337 689926980741
427334153857 234794133431
8527168549633 860294547137
265255689217 972819150505
1643818164101 416820025281
2731757520766 578530040169
6206261344273 59800708210
6880134236014 411556317001
6151063532671 989572422161
22471426693761 71304126577
999240177 430915151065
8970700000321 677518989705
2696259636163 26106054477
3798155852245 797822126713
10639942204825 806879410933
1079264186659 483151054986
270150631257 579046395153
999040948481 349061561537
1675483693976 107469796849
11995958438953 312651284481
5279141054721 946156303691
17611884765705 810107746113
1018174456105 106449937501
4277599330489 523445712851
1773616578241 922645052477
7207686490499 73486355953
2783699295969 784397855151
17173737065389 961681365361
19404290338721 35632140673
2876884631251 752324922241
2441658624161 867608297185
1809269487761 697320285456
14977494353641 129740629649
1224241157377 294334048233
808850750896 504230657233
4824787889395 826114575435
5220178772021 75111395113
286226503201 772331649193
14294891108401 376599712001
10377246241657 681047794689
7478878199001 329809911137
69068302057 376876278451
24332062561 37890200001
9890056457267 43810814911
60381817561 984058612725
3167503349221 367175676961
17311757373415 375764933881
1341679145185 136949315457
4137118805751 726942703591
17071407712961 321208611200
1223508855178 63041477401
577045323793 84779919393
5300231504401 843202478581
1663090898665 657913700691
357406054615 600055227601
3283784459361 453026683761
1951018860649 65442138153
116512990296 561328322291
5512510026521 215933800221
311680961209 770501969301
43729048881 306675858861
1297281294835 62833000795
2383716974825 837771894841
11721204080785 98888705137
12360521102788 594384192349
5045665338001 333477597357
676500587401 949443547625
7478010021361 798900583291
11459973028153 67260381001
128073896677 784732648501
903574940152 370253465711
583033788217 883157770848
4846980840001 427109112545
12434656870901 575316271405
1445182634701 114576435921
80132228005 575907969546
6750983031598 418113613532
12391875039825 699427609417
6982069440001 121485348063
231433518121 790271842980
7500665692576 779785295566
19014564625 689778465946
11962044332601 34602608871
9244084502017 12922630101
1660867344681 701221800201
13529831761 603181523137
3664709806330 713116298481
189938554001 426593152001
11176917718201 553650009289
3385026151585 30251119937
8132710842441 505383747559
129047131553 798730777821
4371862687501 718131156601
1711611312979 749398399489
3819513564973 256756958326
6565441194253 541253531201
468287996401 482008396801
1025307157876 680491818853
21218151919617 50830459251
9439857651085 357548310671
226537581141 541403389441
6103119643765 101041287166
2082490762626 9739193785
5133404738881 744290624257
1292139223921 262054258081
16750577645278 11141175960
5389567074640 77567479921
2075039141761 266191343560
1738044926401 328037752405
5586681799021 263325354276
4099140032617 293393803741
2116287888868 536778570433
167550034081 548691419998
2446415528257 203519165441
7791009177589 189253525033
2673054353827 303752536501
5291153907586 621025382971
354616089943 232803971401
82519203856 811457578801
6501268797226 194995451241
405518115601 641707103857
8065039293421 129696090601
13649492631687 694994995065
14758033211377 79139899761
406782846261 352157578903
5220720058337 208777443585
295964765377 677143134251
823015562629 432839130801
1348783688356 60080529601
7541052779681 68494589653
15740930293761 817881238635
3422661049081 33612475583
6815455331491 544533511681
4267833479011 604933387097
358948313601 987898336611
5656768971001 510199129601
357231976465 110089142061
15926007595681 91067623921
4592194234291 46571512979
5663333910961 233403419781
8159889305041 586306127733
2568407043751 954105170335
3894167475654 83862014601
31515248761865 107582680501
14958263423489 557923848001
17850909029332 1429639301
4302090144001 574751478081
2301597970841 563163146089
1027553744251 443259086572
1424454630309 593716553676
1048990951009 537778266009
1108174263191 49287250589
2131211665401 664364687141
1336934410241 723270216039
19433605692417 84919608521
1819889798276 857079501997
2455306654417 774690719713
1802745558529 611585500321
6149553260698 385770417573
12143585623361 131318347905
14318509057 288809872027
1878020174884 73098428529
2281518205561 8218728321
103576977505 369752340866
844326676321 378323476721
14673394486713 969706623169
5178862752091 63469962801
212559034303 238122630142
1412184730186 174242320965
2722708682013 188350026545
803057403865 950471009521
1233335646077 344281755609
1988329127903 610012602366
1683302604481 918736686309
1806485010001 936301377076
25818020801 557828234441
1630512144601 621082309769
595709825096 679579731100
10849331300401 857684060017
2348260188545 386876370695
2229275978581 33325387481
259238723833 458687118801
1227753492417 857722421874
20311593051421 261526501787
4717820430961 502525478861
4505286513916 20929569598
2975723377711 241260036609
3537944617021 179062393015
668659819105 291392194357
830299365505 253520450873
5337732009743 182769010766
236152047133 317181595901
804570414545 139888527000
4112444217817 557866973859
5367711106297 372411860435
918138469518 69139151969
4520602850578 577977888799
343774575145 728304460129
4510960097617 203553201641
5688626086081 766304318449
1140068792917 233065187608
2186802311 353191395801
4616399726821 308780542611
24154914161141 771297552001
3433911267489 6666454561
3395779174909 936568868736
1535269121101 854893574921
662093870974 669505907801
7646323768579 160009199293
1997951293941 101256166041
1436563935841 603168265881
11063818217761 939056284801
5965218496601 619336586961
3047015867231 60249537041
3479592677371 457090365755
118171920601 242729225341
139630699265 966307066641
4031206285569 575921203201
441670983431 236661216881
10357965036511 715047355949
876254212551 33894759681
2111232541601 919091232945
673897349161 684649439703
439638425825 472778354196
6582126759715 48361073226
13228926840225 355497837661
172985413606 999622829451
2453559891238 708279469633
22994445735 195725967377
514843875001 756749310657
9282084274507 193689634545
6026032349551 16128448001
457421109601 887559536409
2253693812680 398689270771
141954611280 917917493921
128728821925 668773483591
384591090721 113994812353
