36 50
24 28
13 15
3 19
19 31
9 44
1 12
13 21
20 34
16 41
18 21
20 36
7 13
1 12
25 48
6 21
9 17
2 13
2 4
28 31
3 14
3 42
1 44
13 27
13 30
15 42
15 31
3 10
6 26
8 10
35 39
22 40
3 4
26 45
9 10
17 35
21 25
35 40
22 34
15 17
12 36
6 13
8 25
3 12
11 13
1 3
41 47
11 20
43 47
3 6
39 47
15 17
45 50
15 39
1 7
4 20
28 30
9 11
27 49
5 7
21 32
43 44
25 48
1 42
2 30
6 7
25 48
8 40
9 24
16 43
12 24
2 45
4 20
14 46
20 35
20 40
17 43
24 42
35 36
5 6
20 35
1 29
2 7
20 24
6 27
22 35
8 45
17 23
8 30
1 7
11 44
16 24
6 37
13 17
1 2
20 21
38 46
10 32
15 21
2 33
-1