12 47
33 59
8 15
71 93
40 83
39 86
16 45
46 47
9 34
10 88
10 19
9 31
37 99
3 9
47 51
37 78
9 44
28 40
14 83
89 94
31 86
1 22
49 58
7 9
30 70
9 29
21 96
73 89
18 35
24 41
18 49
71 74
32 60
2 5
37 43
57 63
7 14
11 81
12 17
15 18
9 65
5 86
11 37
10 41
4 10
59 100
5 7
8 36
32 64
86 99
47 62
42 67
17 59
24 31
14 52
3 4
1 11
16 17
6 9
4 41
65 89
11 17
6 8
17 25
58 66
12 92
1 9
41 51
28 57
48 55
62 91
18 62
16 41
22 100
3 75
18 20
31 83
22 34
5 24
50 77
12 28
55 74
29 42
3 32
33 93
14 63
33 60
19 66
29 42
4 40
88 98
6 78
36 51
5 22
2 31
63 99
54 57
49 57
1 25
70 93
28 99
4 84
45 78
7 56
41 43
51 57
16 36
76 89
43 94
26 71
10 96
35 68
2 5
43 76
10 12
90 95
16 52
4 72
11 65
2 47
6 21
33 97
3 42
75 96
14 68
77 95
58 88
25 34
30 74
14 85
1 57
60 68
18 76
3 99
4 36
21 26
95 99
12 27
18 70
3 18
4 69
19 31
36 71
5 20
10 11
12 64
5 11
5 16
20 44
37 62
57 100
42 48
36 50
23 35
16 67
23 40
21 41
6 32
1 4
17 18
1 12
6 11
17 20
5 11
26 74
29 78
21 71
17 45
45 90
24 32
1 80
7 25
72 78
60 78
15 45
15 94
15 16
18 48
23 29
47 98
17 33
64 86
49 51
17 18
52 86
43 51
42 51
2 4
17 18
53 71
4 46
5 88
1 12
17 18
49 77
48 98
3 32
32 49
41 44
12 41
34 48
10 45
3 19
50 78
35 46
25 30
25 60
1 8
23 35
51 86
4 5
1 2
27 31
17 50
46 49
53 58
2 35
46 92
5 21
12 30
67 96
2 3
7 36
26 34
10 67
28 42
10 45
2 67
28 35
42 91
6 62
8 88
43 51
35 89
80 88
34 100
20 49
19 53
1 17
20 21
10 37
61 92
28 30
17 31
87 96
1 4
55 77
2 19
27 50
38 56
52 53
4 14
11 28
12 70
19 45
85 93
3 22
13 68
65 86
12 96
6 18
14 34
13 85
3 14
25 30
16 36
23 41
58 59
1 9
59 63
29 59
46 48
4 41
8 25
39 42
17 43
21 44
33 53
7 71
1 2
29 38
78 92
13 75
58 100
7 10
10 63
86 94
35 54
11 66
6 33
7 18
1 20
67 69
47 54
4 20
80 90
32 66
2 10
58 77
34 72
96 100
21 25
5 83
48 51
9 14
71 91
23 33
35 47
13 34
28 52
7 12
47 57
4 55
41 95
2 65
33 83
42 93
23 25
39 55
25 53
29 45
8 19
2 3
8 17
15 26
64 82
1 25
20 47
26 89
1 79
36 52
1 13
18 48
14 57
16 34
33 44
11 72
46 54
28 40
83 97
29 78
2 4
21 33
2 84
3 4
1 14
34 49
1 8
64 74
39 44
25 46
27 80
42 51
58 62
37 55
8 22
44 73
36 96
8 10
49 58
34 78
8 71
38 65
61 95
9 26
13 25
1 9
81 89
46 85
12 24
42 54
1 2
21 38
23 63
12 20
28 34
28 42
28 46
3 4
33 68
1 4
31 62
31 41
19 73
18 26
12 47
31 40
13 15
26 47
7 26
11 32
6 48
41 66
50 55
6 70
64 92
42 56
26 43
19 53
1 2
24 70
35 58
4 15
10 17
14 24
11 32
2 5
5 9
57 72
24 38
29 58
4 8
27 80
7 72
34 57
9 19
32 64
6 9
27 73
7 29
30 36
12 48
78 99
81 94
3 31
48 54
36 67
13 23
6 16
69 79
61 62
31 42
21 96
24 69
3 13
1 49
62 98
9 65
57 70
24 57
51 53
6 87
58 88
6 21
14 52
11 15
25 69
17 57
4 7
1 32
12 19
7 45
30 75
55 92
29 71
4 21
1 3
40 42
5 11
7 56
12 27
46 51
58 82
7 25
7 78
3 16
24 84
18 56
19 74
58 65
40 51
55 81
23 87
21 44
19 21
46 53
13 21
43 80
32 97
4 75
40 46
3 53
9 92
76 94
20 51
16 38
55 56
3 4
58 63
25 40
1 2
9 11
39 63
18 21
5 10
5 12
58 86
3 7
21 24
30 45
-1