82 86
65 100
31 43
7 22
2 30
87 93
4 5
23 52
7 11
23 80
29 92
20 35
1 10
1 3
25 82
3 54
6 11
15 56
1 2
48 99
25 33
9 96
33 81
15 20
15 76
9 26
46 74
42 49
4 32
58 78
31 69
5 41
82 96
35 83
9 98
59 72
12 60
5 19
10 16
36 40
9 96
45 57
28 85
15 53
19 28
58 90
20 32
49 99
21 80
40 50
2 3
10 11
25 35
2 10
1 3
5 7
33 58
51 77
16 17
8 33
11 17
7 73
7 32
10 84
88 93
58 98
3 29
3 14
5 75
45 91
52 77
3 33
27 38
16 63
5 11
26 95
17 18
22 33
33 86
21 69
54 67
25 40
24 43
23 99
81 96
41 55
3 32
10 57
2 17
39 63
1 52
46 70
30 45
21 48
22 56
23 52
2 25
26 60
29 53
1 8
12 14
53 67
52 100
31 36
51 66
77 97
16 76
7 9
3 10
15 71
17 48
16 53
6 91
12 14
15 16
2 3
22 33
8 63
51 60
48 50
21 60
19 59
13 62
62 85
6 18
5 25
9 16
2 13
8 85
25 31
5 36
5 64
5 64
4 53
14 43
1 2
5 65
7 12
6 36
3 92
54 77
1 2
45 62
8 92
17 24
9 10
19 64
1 3
8 9
5 16
9 22
4 14
37 47
76 91
72 73
7 49
34 88
47 70
30 36
17 80
12 22
20 23
60 99
20 43
14 68
4 6
18 20
13 34
31 69
1 6
39 96
72 92
13 52
17 68
15 31
62 80
53 87
14 15
51 82
14 37
12 39
30 45
1 5
8 27
42 87
15 35
68 70
77 84
51 60
3 6
42 89
6 22
3 30
41 100
7 8
20 53
8 14
30 32
88 91
42 86
4 59
10 31
10 11
3 7
2 8
62 65
1 2
23 56
36 51
53 68
9 12
70 87
30 86
24 34
42 43
17 20
27 38
3 16
64 81
57 64
20 82
78 99
1 2
30 55
26 54
46 76
8 79
42 56
17 42
30 90
11 69
23 62
53 71
48 85
39 86
45 82
17 72
22 37
7 73
7 12
15 37
47 56
23 44
16 94
64 68
12 13
12 25
20 69
2 7
8 10
2 85
9 10
12 59
7 72
43 47
20 43
88 92
12 14
70 83
23 60
24 42
20 85
5 15
1 17
37 88
3 24
41 78
14 17
2 23
9 76
68 96
42 87
13 15
16 20
14 24
20 37
42 46
37 63
71 87
2 4
36 54
34 41
7 16
78 95
31 42
82 91
33 47
2 5
44 89
4 25
10 36
3 26
7 54
8 75
5 39
50 53
16 42
10 44
69 91
14 58
23 87
9 31
17 68
57 75
1 6
15 45
7 42
22 53
28 38
2 18
8 16
3 5
81 86
20 86
44 50
18 43
1 32
16 77
35 78
3 6
25 43
16 74
5 8
60 64
35 66
34 65
3 6
5 24
11 18
31 97
74 80
2 4
35 43
51 92
37 40
14 18
78 81
50 71
24 43
20 28
4 6
9 59
33 47
50 97
35 63
67 72
3 19
18 23
61 84
78 100
47 63
20 60
13 95
31 73
3 12
3 34
4 20
2 15
10 24
20 33
39 48
50 83
5 50
73 100
1 16
3 6
5 7
1 4
31 61
12 85
6 21
68 94
6 66
12 18
59 67
23 61
42 92
6 72
3 5
55 60
17 97
41 77
17 76
11 38
30 46
64 86
4 21
2 45
2 3
9 29
37 56
23 36
4 16
20 54
55 58
10 47
70 83
13 64
20 22
38 75
7 18
16 26
7 15
27 41
4 83
7 76
8 14
1 28
29 32
3 14
10 36
20 26
25 26
54 80
14 41
38 52
18 39
24 27
16 49
56 58
38 56
55 63
10 14
11 34
7 54
3 9
1 8
74 87
4 73
10 15
66 81
3 24
30 70
68 80
11 20
43 98
37 71
38 65
57 73
57 72
23 91
25 71
39 92
2 43
1 72
24 27
25 34
10 70
63 71
36 57
5 66
15 83
61 69
5 28
27 58
1 83
2 49
1 100
21 54
1 24
37 63
27 50
15 36
22 90
21 91
28 89
37 78
46 55
16 94
23 68
54 81
10 26
27 30
48 70
2 6
3 84
71 86
27 87
26 75
5 9
37 86
6 88
19 88
28 79
65 81
28 77
1 2
58 85
15 31
9 27
3 4
1 2
55 78
12 14
1 84
1 66
2 3
16 38
25 82
37 44
38 67
12 17
7 25
30 66
31 52
43 86
25 55
52 72
48 72
30 80
31 42
6 33
15 83
28 88
36 85
28 58
63 82
7 19
2 6
17 94
25 84
17 39
5 12
3 17
55 96
2 3
43 75
47 94
19 71
63 65
33 76
8 51
42 56
73 91
37 41
8 22
5 20
14 47
67 71
65 78
14 81
61 75
16 57
51 60
5 6
1 66
35 74
42 77
9 12
3 10
27 79
6 16
23 44
11 40
62 81
2 20
24 47
34 59
7 8
17 62
18 22
10 59
49 51
10 11
30 74
20 25
12 16
65 70
18 41
23 24
12 35
25 26
7 15
28 91
44 93
28 55
1 51
11 85
4 23
30 48
45 60
3 57
33 87
1 2
54 91
71 77
41 71
5 6
3 5
69 77
4 30
10 14
1 24
42 58
1 50
5 9
41 86
62 98
39 84
40 44
21 72
14 47
30 76
4 86
4 28
10 97
22 77
27 35
61 65
15 61
16 47
22 30
54 65
15 17
38 40
55 56
18 60
47 54
72 84
5 22
30 96
1 3
40 43
7 39
45 96
49 50
2 67
55 78
3 8
40 46
25 35
2 18
14 25
18 89
59 74
9 84
5 19
8 15
19 81
14 66
31 41
7 54
12 17
9 35
2 19
60 95
23 98
31 33
27 35
17 19
72 76
13 68
28 100
26 28
77 94
58 80
7 15
65 73
22 45
2 6
1 3
31 46
1 4
11 23
5 55
14 76
48 61
60 89
25 43
4 12
20 30
20 65
2 29
70 80
31 49
7 20
34 59
14 51
71 74
14 35
29 47
41 72
37 52
31 89
23 45
94 100
81 83
25 28
30 95
7 17
63 75
8 26
83 85
22 33
58 78
34 37
66 71
81 85
14 17
19 27
1 2
6 7
43 97
79 96
2 22
36 99
6 13
46 96
20 75
33 89
21 30
1 18
42 82
56 66
59 68
36 84
3 5
9 12
37 59
10 23
5 12
8 16
83 100
6 24
1 22
23 88
38 92
82 88
29 32
8 40
36 69
6 67
25 45
23 69
5 7
8 78
2 67
4 27
15 24
13 24
2 10
55 69
53 76
62 84
45 72
1 2
16 29
27 100
8 9
5 7
14 20
24 57
72 84
20 62
12 14
2 34
20 26
18 43
3 35
30 56
40 47
1 17
1 2
14 34
66 77
11 20
3 33
47 76
35 59
19 25
37 51
9 14
14 49
43 94
47 74
31 86
1 2
7 28
24 89
32 35
21 32
51 80
6 17
17 72
49 82
67 91
30 58
24 43
27 60
77 79
12 42
29 71
14 74
21 42
31 43
14 98
11 50
25 28
6 98
1 7
2 45
1 7
11 12
7 24
21 35
8 25
4 36
7 30
2 3
41 45
21 57
7 36
2 5
48 76
33 47
4 58
15 29
54 91
17 28
34 82
29 43
12 29
42 100
3 8
1 21
26 90
8 73
33 83
4 65
7 11
45 79
25 34
10 20
6 35
12 73
62 65
14 55
20 65
14 23
8 68
4 59
2 5
54 83
2 99
1 2
2 90
20 60
39 57
83 94
1 2
21 63
27 41
22 37
47 74
23 44
18 97
29 45
82 87
12 24
57 63
4 75
16 41
82 99
41 75
26 31
14 24
19 56
87 98
12 51
66 73
39 48
2 5
4 5
5 8
17 76
71 74
17 51
6 64
43 55
19 59
41 99
3 9
45 58
1 51
34 57
42 47
29 63
9 20
17 58
4 9
67 73
43 57
46 83
31 34
7 32
94 99
3 72
33 36
1 25
16 32
6 12
45 55
31 70
18 93
16 22
2 5
72 90
17 57
3 29
45 94
12 80
3 8
2 15
41 53
52 56
15 97
48 67
25 28
81 92
2 100
4 15
63 81
2 53
34 41
8 40
6 61
49 99
13 19
82 90
33 84
97 98
26 27
30 76
10 68
2 3
9 38
29 46
44 94
16 32
23 95
7 64
3 25
13 36
41 91
1 61
9 21
46 49
1 18
2 83
37 50
15 19
16 21
18 27
27 77
34 43
3 34
16 47
37 43
76 80
2 4
58 82
1 30
34 45
88 92
6 35
10 19
2 6
68 91
14 60
6 30
41 53
37 87
23 33
23 49
31 70
23 53
4 10
25 50
10 77
57 95
63 70
72 94
72 78
4 9
47 49
3 26
67 74
5 12
3 58
14 47
48 94
54 65
89 93
64 89
51 82
37 90
9 28
50 66
54 92
37 57
-1