6 29
54 87
38 90
61 93
43 56
50 51
18 25
23 72
4 76
12 20
10 98
1 6
49 72
11 20
4 7
24 62
38 48
79 82
34 97
15 31
40 43
2 3
8 41
54 89
33 66
18 24
24 42
4 13
55 88
57 70
28 92
14 23
17 51
3 11
58 59
7 65
10 28
21 59
73 99
24 38
13 15
16 19
20 36
26 50
46 63
3 55
9 48
9 12
38 47
12 16
7 12
52 75
7 67
56 80
32 72
1 2
27 100
40 51
5 59
48 74
59 72
60 84
29 34
34 40
27 80
20 48
56 76
9 97
27 53
26 30
10 13
17 18
25 34
11 80
34 74
1 2
8 22
75 81
53 96
30 76
5 32
36 70
25 59
8 32
1 9
34 88
60 61
62 88
42 63
59 70
2 28
2 12
5 55
5 77
52 66
9 52
10 15
45 55
2 49
30 33
10 95
6 39
31 40
4 72
31 66
86 99
49 54
28 40
36 49
5 14
48 61
46 53
53 75
7 80
15 20
11 17
1 6
33 78
28 55
5 85
19 61
18 51
21 66
1 80
12 14
10 39
24 78
25 31
69 97
14 38
19 31
35 60
61 68
10 11
1 2
2 9
65 95
6 21
52 66
4 90
75 95
8 12
1 3
14 89
92 97
20 26
20 24
74 96
12 46
46 50
36 54
41 77
44 54
9 11
14 39
69 83
45 75
2 3
3 4
24 97
21 25
33 53
21 26
12 20
34 36
14 19
61 72
28 87
25 54
27 36
2 55
17 33
34 64
4 90
13 34
21 81
23 65
3 37
13 49
42 85
44 69
3 51
2 3
54 96
18 47
17 18
37 66
35 72
14 15
27 60
14 30
21 25
31 40
3 7
22 89
4 5
5 12
41 89
31 76
9 18
17 23
35 89
2 12
36 94
1 7
4 10
11 13
32 75
1 3
28 96
6 26
19 49
49 64
20 84
2 3
5 29
26 100
84 91
10 13
44 51
31 58
18 46
23 90
1 35
38 40
52 54
6 25
25 52
47 60
77 96
48 84
58 60
18 36
65 74
24 77
34 54
16 23
9 84
14 52
19 67
16 77
11 35
20 35
2 4
52 69
89 97
2 3
5 7
16 20
63 98
57 96
65 73
78 83
9 49
17 72
79 96
48 69
2 3
39 87
45 54
3 94
5 65
5 22
18 21
26 75
10 35
38 45
31 38
3 64
12 74
1 12
2 6
2 10
10 33
2 4
5 13
69 74
56 91
68 96
6 16
5 63
56 61
15 83
26 40
8 17
4 6
5 13
19 35
1 25
3 8
62 82
22 50
19 78
28 71
61 62
12 60
19 74
10 65
18 56
1 26
27 32
55 94
1 3
66 85
12 72
4 21
5 12
19 93
4 17
13 15
6 37
79 88
20 38
8 45
21 91
5 6
2 34
2 3
63 94
9 19
6 48
56 75
3 62
11 31
14 28
20 39
15 27
7 88
7 15
2 7
1 3
41 45
73 78
1 4
35 86
28 55
43 81
21 81
78 89
9 11
83 86
7 69
16 20
4 11
2 3
59 69
33 87
67 72
36 60
36 79
7 56
14 73
17 36
35 60
14 33
16 38
1 4
23 42
18 90
14 64
16 31
12 55
23 27
3 73
1 6
14 17
52 71
8 10
1 10
22 44
1 17
67 79
15 23
1 3
47 94
16 18
54 64
1 2
35 88
23 93
55 74
11 20
69 81
22 65
16 34
59 71
14 49
32 60
11 22
4 6
62 74
47 95
2 3
26 53
6 20
6 38
44 63
10 96
11 21
61 96
32 77
35 91
13 22
39 66
8 14
5 16
6 58
88 89
47 80
32 62
30 60
6 70
47 100
26 64
6 8
6 21
24 38
56 62
6 15
7 40
13 45
1 5
25 55
20 44
19 64
59 93
25 26
8 17
24 53
18 53
16 44
4 13
19 52
32 53
74 85
42 86
24 98
20 58
49 60
58 64
36 59
18 19
9 21
51 59
7 17
75 99
16 19
8 9
77 90
28 40
14 83
48 66
84 88
38 65
39 53
11 16
85 98
20 21
21 35
22 40
15 26
6 50
1 3
4 5
2 57
2 11
32 37
3 4
34 65
16 31
94 98
7 25
51 57
74 90
11 38
18 60
43 49
24 61
45 52
50 52
13 89
37 61
26 61
19 79
10 14
53 62
7 43
42 73
29 38
12 29
38 89
23 82
84 85
83 99
5 7
27 68
57 61
61 96
17 55
16 35
30 54
49 80
10 21
4 5
17 82
37 46
8 28
13 27
54 72
33 38
20 92
12 24
70 78
30 31
1 2
6 69
35 38
6 17
21 47
22 23
47 65
16 60
47 81
34 75
4 80
30 63
3 18
37 51
48 83
5 89
48 70
9 45
24 53
8 10
16 25
52 89
10 92
2 3
10 58
58 63
4 15
61 67
32 75
20 43
32 52
3 5
2 11
77 78
21 22
5 8
31 40
10 25
11 12
1 9
6 52
13 93
1 14
35 54
33 45
28 50
33 95
5 21
36 60
31 50
1 2
51 68
20 61
8 12
32 96
8 29
2 44
1 22
31 52
21 37
22 87
78 82
34 57
18 89
24 40
12 95
79 81
54 58
28 43
73 88
44 61
10 19
9 95
18 66
17 37
31 35
39 50
8 11
14 17
22 74
46 56
6 15
50 87
33 54
18 26
13 57
26 51
41 45
22 54
2 4
5 11
78 81
33 65
55 63
77 88
31 42
69 96
41 63
57 78
22 43
30 31
7 74
40 46
53 82
50 52
32 71
13 49
10 18
7 45
28 30
10 18
63 76
6 37
29 55
25 50
5 20
57 67
50 59
4 62
15 19
3 5
1 64
65 67
85 91
12 92
55 58
18 89
67 68
20 34
23 67
18 30
52 88
5 27
49 87
39 49
31 45
11 14
18 38
2 5
18 63
59 88
17 55
2 18
4 13
11 32
15 36
50 79
54 62
38 85
6 100
72 89
40 67
27 63
2 6
43 47
1 3
4 5
45 87
38 56
2 22
30 57
11 53
28 96
35 66
2 4
14 91
2 3
38 98
14 23
10 42
4 5
38 86
79 92
66 83
18 89
1 13
19 21
70 73
2 13
21 33
13 27
16 18
17 40
27 61
10 47
8 80
24 27
2 3
27 89
12 25
5 35
1 13
1 20
5 9
61 93
3 4
82 84
9 93
75 89
2 87
12 72
5 13
44 97
17 47
14 18
1 60
46 49
52 56
25 34
18 33
17 40
6 31
22 90
17 94
37 71
1 19
17 22
20 90
17 34
3 28
13 82
22 91
4 20
43 92
21 27
61 75
20 84
70 75
10 42
15 54
10 42
4 6
1 3
7 27
71 87
17 59
19 73
16 83
47 69
3 75
37 50
17 28
44 98
2 7
16 24
38 64
3 91
7 8
5 6
41 91
10 43
54 67
3 68
23 57
37 55
46 70
23 34
10 42
69 85
4 5
1 2
8 79
43 44
59 95
5 7
8 14
18 24
78 84
21 23
55 97
21 69
41 52
43 97
8 27
56 80
35 59
22 26
10 12
24 58
37 47
42 65
53 83
39 83
21 56
29 83
14 45
6 37
1 2
26 43
7 51
47 57
32 68
18 34
6 31
15 26
42 50
3 26
7 50
3 10
14 36
18 74
1 2
17 19
15 16
23 57
43 44
1 21
31 39
5 44
3 70
74 77
3 5
14 18
19 21
15 28
82 84
7 12
26 27
8 11
76 93
7 11
81 91
2 14
16 89
20 63
6 18
2 72
11 16
44 52
55 65
67 95
50 74
53 90
27 41
6 40
1 47
27 58
32 43
1 11
33 46
59 78
11 26
6 8
42 99
8 29
4 8
4 5
24 86
42 92
17 25
10 71
43 99
9 40
4 5
1 22
39 44
25 63
80 100
13 14
17 82
22 29
7 35
61 83
10 13
19 81
13 14
51 100
69 79
70 80
40 43
55 88
29 30
35 76
9 11
51 57
7 100
9 18
69 94
72 90
46 53
5 8
4 8
29 62
14 28
52 87
22 80
23 91
54 57
32 57
68 84
22 36
8 96
5 46
80 90
6 24
10 15
1 8
27 65
9 22
35 92
39 53
4 5
18 42
8 88
28 34
8 10
38 83
14 27
4 50
26 86
3 12
7 18
38 95
42 100
42 81
13 33
12 55
28 60
44 89
40 100
7 18
7 32
49 68
50 52
8 48
4 7
14 19
13 89
53 79
74 91
34 74
10 17
34 55
18 48
12 13
10 75
1 3
24 57
90 93
27 45
13 42
28 35
37 44
17 69
27 42
65 74
33 72
7 22
50 99
32 33
12 28
1 3
30 68
14 50
10 95
21 89
24 25
6 13
13 20
2 4
20 57
7 42
69 77
29 34
14 17
14 36
50 86
45 86
44 78
20 38
27 46
27 75
43 63
39 42
10 13
31 47
26 81
13 49
8 30
42 50
19 23
24 39
18 73
14 38
56 82
38 100
-1