52 78
43 66
71 77
48 53
28 38
10 11
70 72
12 29
7 23
34 59
52 65
9 10
30 37
60 86
1 20
11 32
26 32
4 29
40 46
7 12
56 76
13 71
10 69
41 77
18 24
12 21
38 89
59 87
9 60
34 69
19 21
23 32
43 44
34 35
11 28
16 26
18 36
5 6
46 49
43 90
2 5
1 58
11 94
7 16
15 36
46 66
23 53
17 18
7 17
2 4
47 60
22 78
5 13
16 29
51 84
58 79
4 34
50 52
18 69
10 13
23 82
4 5
67 89
10 88
15 89
61 80
18 78
9 25
29 50
62 75
17 46
28 32
1 30
7 8
19 93
24 70
26 64
25 30
28 98
11 17
23 55
2 28
8 10
43 90
4 39
3 4
1 2
1 2
48 55
42 50
22 46
39 51
34 97
11 12
22 49
33 44
10 50
16 32
39 84
4 76
2 14
32 91
9 16
16 21
10 22
4 25
3 5
58 89
30 41
32 38
91 98
41 85
15 58
2 3
24 25
16 50
15 58
22 42
19 50
6 88
52 86
1 4
6 40
10 90
1 2
20 24
3 12
1 29
9 12
61 68
17 54
7 55
3 4
9 77
51 61
42 79
1 54
29 77
15 24
3 34
30 32
94 100
21 42
16 32
56 87
13 82
64 91
1 6
23 27
40 41
4 5
6 35
45 76
29 56
22 24
36 69
1 35
22 26
6 44
17 27
1 13
4 18
47 49
83 87
31 52
2 4
32 34
32 74
20 52
74 78
4 100
9 19
27 57
5 77
64 67
8 13
14 55
45 71
16 42
34 57
47 50
17 50
43 94
9 83
6 25
74 98
4 16
47 74
57 92
21 54
30 59
64 67
10 38
13 60
34 75
2 47
15 40
72 93
17 35
5 25
37 87
65 95
1 27
2 4
44 82
42 78
31 64
25 35
15 23
19 23
45 58
41 58
20 84
50 65
32 96
7 30
47 80
64 71
26 88
43 45
2 16
86 93
14 23
21 35
22 25
3 22
61 93
10 62
19 95
15 20
15 18
2 4
79 86
8 45
24 51
5 6
24 26
20 63
31 73
13 55
36 100
26 40
59 76
2 7
27 33
9 34
28 36
11 19
15 41
11 65
35 62
40 69
68 96
34 77
35 49
25 60
8 59
57 82
7 8
1 8
42 100
1 6
28 84
16 25
16 22
26 94
29 68
49 86
54 56
6 42
82 83
18 80
12 52
40 77
66 79
28 54
32 51
1 54
84 92
11 43
37 57
21 22
3 8
34 83
21 80
57 90
1 4
16 24
13 79
35 72
62 80
6 8
22 85
5 22
39 87
30 62
1 20
43 58
2 23
58 59
61 90
56 75
11 34
20 67
6 86
19 39
22 98
1 2
32 46
32 73
36 92
11 48
12 28
17 34
46 47
41 78
40 57
32 69
7 99
22 59
11 69
38 68
1 18
3 40
2 29
46 92
22 28
5 33
29 50
2 3
2 13
11 84
86 97
18 71
6 17
1 22
2 67
50 76
3 20
31 99
68 72
23 87
4 12
24 28
1 2
20 41
8 50
4 90
68 71
91 99
1 3
20 48
31 67
34 100
23 80
8 28
22 63
75 89
2 59
7 9
26 41
21 45
67 84
32 79
35 92
85 93
64 69
1 2
2 5
33 95
44 74
9 47
15 34
16 47
40 79
6 27
6 77
5 35
28 37
7 8
12 17
10 15
26 27
5 22
54 59
8 46
58 73
16 48
42 66
23 34
26 81
2 6
55 65
31 51
9 32
1 5
30 46
20 48
65 81
8 14
51 60
23 50
36 47
36 96
72 87
35 46
31 70
1 39
2 5
53 56
75 81
12 69
9 33
47 99
30 37
25 61
59 82
29 35
10 58
1 27
31 71
77 100
18 48
37 93
25 45
32 37
1 2
22 73
45 74
28 96
48 93
7 15
27 46
28 43
19 70
1 47
2 39
13 35
2 15
3 10
22 81
37 97
1 2
18 62
11 16
20 89
40 48
54 99
11 22
26 44
32 42
10 39
45 56
1 10
14 63
78 94
32 56
21 68
4 89
16 50
23 46
40 50
8 95
1 12
5 24
24 28
21 29
41 52
36 40
3 9
15 86
12 31
38 58
45 98
56 69
3 25
5 6
39 70
3 24
2 20
5 16
4 5
4 82
6 10
51 53
27 36
7 75
9 74
7 23
43 62
7 42
13 46
13 78
55 66
20 25
15 61
1 5
7 9
44 54
7 8
92 100
12 17
11 15
2 51
26 33
50 51
4 5
17 46
50 96
51 75
50 81
35 51
23 50
70 94
61 89
8 15
25 40
79 100
36 88
33 55
16 18
19 83
42 54
2 26
35 39
37 56
11 73
61 71
49 51
5 40
26 31
64 68
6 72
48 55
33 76
34 60
34 54
66 96
73 80
30 61
21 32
78 89
33 81
26 77
39 60
35 42
13 21
25 81
36 49
35 75
5 55
2 6
25 66
39 50
20 72
90 100
7 45
7 80
42 81
18 96
21 73
14 24
28 93
12 34
50 63
58 72
35 98
1 5
23 24
24 26
12 16
52 62
1 2
48 51
8 42
11 28
21 34
14 26
22 84
59 82
51 59
21 83
59 76
32 44
17 42
18 28
39 92
1 37
27 67
41 48
24 35
41 45
26 34
6 15
21 23
45 53
15 27
42 65
47 58
7 79
72 86
49 80
53 82
35 85
41 52
33 41
7 27
35 88
4 8
11 74
16 39
3 45
2 3
64 98
3 7
4 40
26 68
24 32
46 61
29 44
14 20
6 19
42 78
11 73
23 42
15 16
24 54
16 29
42 68
63 82
52 82
8 27
16 44
35 51
1 2
8 19
24 74
69 95
34 50
79 87
56 68
57 67
81 93
43 45
10 58
29 40
37 44
4 14
12 20
13 30
26 73
34 87
1 72
2 4
57 97
25 87
43 61
69 82
30 71
1 10
6 44
15 19
7 48
34 44
11 45
21 80
29 43
85 100
1 12
47 100
34 76
2 8
50 51
23 33
1 6
1 8
45 56
50 84
30 44
5 34
3 21
25 37
4 74
21 78
4 42
16 62
16 34
26 47
2 4
9 16
5 6
29 97
41 60
20 24
13 82
31 72
29 89
23 57
15 28
18 19
49 57
52 90
11 21
6 81
17 42
36 49
18 83
6 8
39 76
5 50
5 9
7 20
12 44
7 20
35 61
49 82
25 97
1 5
26 77
30 56
14 30
53 72
16 42
32 42
35 69
9 95
21 64
4 9
15 25
19 25
24 28
2 11
24 51
41 49
6 47
15 90
25 80
5 46
51 85
7 72
47 50
1 14
76 87
3 42
8 16
78 94
14 79
10 12
5 54
26 89
38 66
6 72
4 51
8 54
4 14
6 45
65 77
15 79
17 18
88 95
47 50
52 72
56 63
19 65
43 89
1 13
61 70
47 66
25 51
1 2
13 22
30 75
1 56
80 92
3 85
7 18
6 8
22 26
4 26
11 27
20 83
1 29
17 91
1 4
21 30
14 15
2 4
7 56
4 41
48 74
13 22
9 28
14 16
37 44
1 7
14 21
3 13
23 67
21 56
60 90
32 90
1 44
14 49
26 44
21 28
7 64
49 54
2 18
10 46
15 33
34 44
3 44
81 100
70 81
74 91
4 6
43 77
14 58
17 44
63 75
34 64
24 27
3 4
26 51
4 19
6 28
8 76
43 65
5 15
32 45
7 19
58 95
65 84
34 52
26 76
30 54
13 43
43 49
73 93
50 61
1 3
10 81
31 32
5 26
71 73
7 56
13 57
58 85
29 54
35 39
14 22
24 54
1 4
32 36
21 41
45 58
7 10
23 67
36 44
22 37
23 39
8 34
20 22
20 64
43 71
45 56
17 61
27 29
8 33
12 18
45 59
15 18
1 3
34 85
29 35
56 84
17 21
11 17
25 27
57 98
2 72
47 61
27 67
9 94
15 63
35 47
24 59
91 92
55 87
7 53
3 31
13 24
11 76
30 66
70 80
3 26
23 37
25 33
4 13
25 45
35 76
14 95
24 49
4 6
17 20
10 12
5 49
40 82
9 10
20 68
85 91
45 54
48 93
74 76
53 64
20 45
67 98
22 59
15 36
31 50
33 100
2 26
7 8
55 62
70 71
1 28
30 60
52 64
2 17
7 13
83 88
20 28
3 5
23 54
8 20
64 94
26 78
57 78
9 20
31 35
52 58
17 73
3 89
7 8
17 29
38 89
37 48
1 6
12 15
16 20
40 99
39 76
20 49
71 76
64 95
8 42
16 17
40 55
52 75
8 11
57 97
58 73
12 98
24 55
1 98
8 16
37 71
2 5
24 53
33 49
39 44
1 4
27 34
11 42
8 12
30 67
16 40
52 54
7 99
26 29
65 68
22 25
11 27
5 62
32 79
16 48
1 65
2 3
35 52
13 31
76 89
33 47
13 18
42 43
1 2
35 50
33 87
12 51
49 55
1 5
31 66
26 43
50 65
4 100
21 55
14 35
93 96
55 88
39 40
34 73
36 53
8 15
52 63
6 23
38 44
7 56
82 94
7 29
22 38
9 29
1 75
7 91
3 19
1 5
41 62
1 2
2 4
81 90
24 52
2 85
10 75
1 14
50 92
1 24
49 81
88 91
84 89
7 59
1 35
50 78
63 88
3 4
72 93
2 14
7 55
7 11
18 29
22 48
39 40
42 63
16 85
42 61
24 25
5 21
10 26
45 66
42 68
58 78
60 64
9 98
12 23
51 90
33 82
1 2
29 58
8 9
28 38
8 87
5 54
49 77
46 67
68 94
50 97
10 45
27 52
18 26
34 49
28 38
7 9
23 85
14 17
14 40
22 27
85 87
58 96
1 56
20 28
47 62
7 21
47 49
68 91
24 52
57 79
8 88
43 78
6 87
18 33
32 63
27 32
4 51
16 17
54 99
55 79
18 42
24 29
14 53
1 14
1 3
1 2
46 98
2 60
32 62
37 72
1 2
32 33
6 44
30 31
74 78
5 87
53 76
18 58
38 45
45 46
6 76
8 52
14 50
6 17
36 40
14 44
3 5
3 7
21 98
34 96
70 83
5 15
41 79
62 93
22 31
3 11
34 44
14 16
34 43
6 10
9 22
1 8
34 39
6 26
6 21
5 22
21 26
16 21
25 39
41 66
23 44
24 32
30 47
16 22
90 100
79 97
54 79
53 64
82 98
49 60
9 89
57 60
35 42
56 61
9 13
25 53
1 34
4 27
39 100
10 48
27 68
4 36
22 59
42 69
79 94
27 76
51 55
2 12
62 83
8 91
5 32
21 80
31 75
3 12
68 90
15 19
1 11
39 75
68 75
9 20
54 61
1 37
33 40
5 25
30 32
21 59
12 99
7 20
11 64
94 95
71 73
3 5
19 20
5 66
13 18
34 58
12 56
1 5
17 36
8 93
73 84
9 13
43 88
49 89
1 17
57 90
52 80
5 23
2 5
25 52
36 46
27 80
4 58
12 35
6 10
58 59
43 65
74 98
1 45
19 54
27 74
1 2
10 14
35 39
87 97
68 76
83 93
17 24
53 68
66 81
64 99
7 10
11 15
5 54
57 89
2 29
8 97
17 29
42 45
21 64
1 52
69 78
8 62
64 73
3 8
19 97
11 15
75 81
25 100
15 18
8 9
13 70
26 70
72 75
3 20
28 58
16 47
4 94
9 29
62 63
17 21
7 30
2 37
39 54
1 9
22 25
35 66
75 84
39 97
22 36
15 57
13 24
38 77
25 57
34 41
12 73
13 74
12 22
11 17
41 58
8 50
4 7
94 95
11 26
1 6
2 3
7 44
4 16
57 66
27 96
16 20
18 28
54 56
2 18
7 83
58 68
2 52
43 92
1 2
57 93
39 43
35 68
38 43
26 32
22 53
1 40
31 54
1 2
56 74
32 54
23 30
2 8
43 71
4 6
61 62
32 34
38 82
5 17
47 86
11 19
1 4
4 12
9 10
2 14
20 62
61 68
6 27
7 46
70 80
26 70
10 27
17 42
2 15
31 34
22 79
31 68
1 2
7 30
7 20
14 34
63 74
65 90
6 16
56 97
5 75
1 5
16 17
37 57
2 56
42 100
82 97
12 20
36 55
9 15
16 93
52 73
54 84
44 51
6 9
2 29
44 76
13 24
20 24
9 67
8 40
91 92
31 90
30 62
13 94
23 78
6 8
71 93
31 90
50 75
62 88
28 47
17 23
16 42
2 15
5 7
15 28
61 85
77 78
1 27
13 69
22 34
4 15
1 3
6 12
53 86
3 13
9 10
19 77
67 68
13 25
12 56
57 98
5 52
30 53
11 96
34 55
9 88
9 37
47 55
23 88
4 6
10 11
1 22
15 23
3 8
36 63
26 43
22 55
22 59
55 79
9 94
23 44
13 47
20 68
9 52
80 85
41 48
8 80
14 32
46 66
39 67
7 11
19 43
13 20
34 71
18 92
37 98
1 55
5 12
14 76
32 42
55 85
5 28
68 94
20 41
9 35
29 44
4 20
62 77
37 38
22 51
11 100
22 28
7 26
65 81
37 99
12 20
24 96
21 55
79 98
88 89
51 79
31 35
6 15
13 16
66 80
16 58
13 84
25 51
14 18
31 49
11 46
4 29
42 47
13 36
2 6
9 71
51 70
5 36
20 90
55 73
7 33
41 47
93 94
64 82
11 12
1 13
2 99
7 56
31 86
74 77
2 5
3 23
2 100
15 38
3 18
2 12
2 10
12 71
41 54
16 82
9 15
23 56
2 15
10 39
83 89
58 78
52 55
10 32
40 88
9 27
11 33
33 41
34 43
6 79
8 59
42 61
29 51
47 68
16 17
35 60
39 48
13 37
26 88
11 26
25 67
12 89
1 51
11 17
23 87
15 19
24 76
71 74
23 69
22 31
1 3
13 47
51 79
46 47
1 7
40 88
59 97
2 5
13 54
9 42
12 20
25 32
6 45
5 24
36 39
16 26
12 43
56 79
5 21
1 4
13 85
39 43
25 61
39 53
42 98
34 67
23 41
4 60
27 78
3 56
20 53
5 29
6 78
15 78
5 32
12 93
61 72
9 61
31 60
5 10
5 11
13 88
53 69
7 37
33 56
62 71
20 25
12 13
22 23
10 14
58 95
39 100
70 86
41 63
13 19
44 46
76 89
14 49
23 50
1 2
23 34
9 10
52 89
2 49
55 61
1 4
2 14
7 9
12 18
3 16
40 85
4 31
7 8
14 41
16 45
67 80
3 40
13 61
3 5
3 7
17 51
3 12
2 15
61 96
20 28
11 33
19 26
30 31
4 8
32 99
13 43
2 3
47 70
14 62
36 50
2 46
19 21
45 49
14 43
4 42
22 53
61 71
8 33
8 9
1 4
4 11
6 51
51 93
93 97
53 98
11 27
31 33
40 71
8 74
15 68
13 14
92 98
28 42
15 17
4 24
52 84
1 6
48 98
32 73
52 63
89 97
18 58
12 22
58 76
10 88
3 82
83 86
9 43
61 95
5 12
24 33
2 6
30 61
19 39
12 59
35 80
19 38
24 88
29 69
26 80
32 48
23 98
5 24
7 37
32 34
46 76
2 88
89 100
1 3
3 45
53 69
34 36
28 44
61 85
12 27
61 97
17 47
3 51
36 89
6 100
5 6
81 84
36 42
35 70
1 2
2 14
6 14
45 88
73 85
30 37
27 45
2 19
26 33
43 96
34 45
7 30
1 4
7 39
9 40
46 88
5 78
27 63
1 2
8 66
5 81
8 54
42 65
2 4
22 96
5 14
23 47
30 88
68 70
10 59
20 27
3 4
40 95
4 30
26 38
29 71
57 95
7 70
2 34
14 83
12 77
3 4
24 50
3 16
53 92
25 89
24 43
27 32
29 68
13 77
2 26
58 78
29 41
11 39
86 88
2 64
26 62
20 87
2 5
11 20
5 6
33 95
25 26
4 62
53 54
77 89
54 65
26 32
57 74
2 36
55 66
2 19
38 82
2 10
10 59
14 82
36 92
8 64
3 11
10 60
8 60
59 71
20 51
43 49
1 3
19 59
88 98
42 96
2 18
30 37
8 58
36 58
26 80
4 5
4 30
14 55
7 38
8 48
75 80
13 20
69 76
26 30
4 16
16 17
83 94
37 57
26 44
41 69
21 47
9 47
8 11
22 56
61 88
19 70
15 38
1 4
42 96
79 89
28 47
31 72
25 86
53 80
9 54
9 16
11 13
6 46
39 77
8 38
54 58
6 9
3 15
24 35
7 8
1 2
3 14
18 25
11 14
19 38
22 24
57 64
5 49
47 74
17 55
37 50
38 41
30 55
23 93
15 18
2 4
16 51
17 36
8 10
31 44
15 82
13 87
7 56
13 71
21 29
27 60
2 17
41 78
12 24
37 55
21 28
16 23
27 47
29 33
5 36
10 90
66 92
31 71
3 4
37 41
10 29
2 10
25 27
24 55
43 53
36 76
4 16
21 54
10 18
5 19
4 79
11 14
40 61
1 5
47 93
35 70
8 14
12 15
3 48
7 8
65 98
23 32
9 100
23 28
7 14
1 5
21 93
2 22
5 11
1 8
20 78
1 17
33 47
56 87
13 17
14 17
34 43
71 93
25 74
13 27
3 11
5 97
44 99
25 69
27 81
1 2
14 88
34 81
7 12
31 33
15 40
7 10
83 86
1 30
1 3
5 77
1 2
1 3
5 92
17 57
7 35
1 2
7 23
3 18
4 14
15 56
58 100
53 61
6 54
2 5
17 19
51 53
2 3
7 23
20 40
7 35
55 58
8 24
10 55
1 21
72 80
29 55
10 50
57 94
2 90
39 82
29 34
1 76
12 54
45 57
34 78
21 95
31 57
54 76
25 28
31 37
33 62
21 28
7 12
56 75
20 64
3 18
9 26
4 14
14 16
71 98
8 19
72 84
35 60
42 67
42 59
14 56
18 32
32 68
66 83
22 24
37 65
65 71
13 46
7 80
47 71
40 42
17 44
7 88
2 18
1 2
25 33
15 18
15 80
59 68
3 32
75 97
3 4
55 92
14 19
14 38
13 24
17 76
3 7
30 42
96 100
77 78
3 9
3 5
20 25
1 14
32 96
7 10
10 14
22 32
29 40
87 95
6 99
50 87
31 35
5 30
2 7
46 97
8 21
25 51
1 2
34 91
59 91
10 14
33 50
1 35
45 75
5 8
27 49
46 58
8 23
17 81
4 49
31 53
6 72
6 36
52 70
57 81
17 98
8 13
26 90
31 46
25 65
35 76
28 39
17 68
37 43
18 73
59 67
6 37
16 35
28 82
3 11
31 63
26 74
48 58
28 32
3 6
6 20
51 52
24 62
4 95
7 37
6 28
2 21
30 37
54 58
6 65
14 27
9 10
3 45
42 46
51 97
9 50
9 23
26 29
30 34
12 13
4 16
2 16
8 90
31 39
12 61
1 4
3 43
78 96
3 10
18 19
8 29
5 12
14 29
47 50
37 87
44 90
8 67
4 54
18 80
6 25
22 32
48 63
4 6
46 90
10 42
47 69
14 90
8 24
5 64
5 7
11 82
88 96
41 46
2 7
5 17
11 75
25 37
14 56
34 83
3 57
36 82
24 34
2 68
4 12
12 27
2 34
70 96
86 96
25 82
2 84
37 46
38 65
5 7
10 45
49 66
19 61
21 47
76 95
48 72
1 3
67 87
15 16
15 32
33 51
70 78
39 46
19 37
57 67
7 50
11 35
7 66
57 60
7 23
66 87
10 31
14 15
80 89
20 84
5 12
7 16
2 5
13 93
44 82
45 51
28 45
47 80
5 18
1 12
23 67
54 86
77 96
35 69
30 46
6 13
79 80
22 48
3 8
36 80
78 93
5 84
26 41
55 81
40 77
56 68
6 13
7 17
27 43
21 78
34 44
12 28
6 7
35 98
1 2
1 5
1 7
19 30
27 61
71 85
20 22
10 82
34 59
51 52
43 67
45 56
14 39
1 2
40 76
5 18
61 76
1 11
20 77
46 49
15 96
15 88
9 52
62 98
52 83
8 9
45 85
5 12
35 64
5 49
1 2
16 49
5 91
42 92
68 84
31 98
9 16
24 29
64 87
23 63
7 30
44 55
37 38
37 49
15 18
13 37
2 16
10 36
18 80
31 85
5 29
17 31
42 54
47 98
73 74
2 14
2 18
77 100
19 86
38 72
18 75
17 77
16 71
7 19
22 46
59 79
23 32
1 99
19 24
5 29
9 75
46 91
22 36
3 6
3 13
33 80
66 81
12 26
7 46
4 33
8 64
1 5
31 39
44 52
1 4
1 5
30 79
14 30
23 47
14 77
23 24
34 69
10 55
42 90
36 38
4 10
17 82
14 41
2 16
18 33
5 47
34 52
50 93
45 61
2 84
20 67
6 44
7 33
18 82
12 24
56 65
79 81
3 21
9 16
6 50
12 83
8 81
12 49
49 51
4 12
19 53
20 75
23 26
35 61
17 27
20 22
25 72
17 73
33 71
1 2
17 52
36 42
1 2
14 18
2 4
7 8
13 32
9 50
23 38
13 41
8 20
29 33
18 21
2 11
61 96
10 19
15 53
36 45
44 76
22 26
21 27
49 71
51 68
82 83
46 72
45 55
21 67
34 50
13 97
12 13
29 31
24 34
3 8
9 24
16 46
28 91
6 17
17 22
20 85
12 16
14 45
55 85
24 46
9 12
1 11
22 97
33 83
42 62
17 89
7 8
5 25
52 77
49 89
70 76
24 74
6 35
70 92
3 11
1 3
4 5
53 87
75 79
11 32
30 63
66 96
2 22
63 96
81 93
60 89
41 45
48 100
50 76
8 71
1 4
4 59
19 64
32 80
65 69
20 28
9 45
16 49
52 91
14 17
95 96
56 75
30 40
1 3
14 20
33 64
17 37
7 8
5 68
50 63
49 76
58 93
32 62
79 88
35 36
10 16
42 90
21 34
56 66
55 86
31 92
52 70
67 76
3 12
3 45
16 29
1 5
21 23
4 17
28 74
29 70
70 91
24 26
53 69
21 28
34 35
25 71
11 16
51 90
3 8
43 69
1 96
41 55
61 83
35 57
49 96
4 9
12 17
56 99
2 11
12 24
52 98
38 77
36 45
27 38
1 4
1 60
2 4
19 27
11 14
49 76
18 57
28 62
21 34
16 56
4 6
22 53
2 3
9 78
11 27
51 80
58 79
28 88
1 12
14 18
5 23
17 19
56 87
25 38
2 60
45 88
10 28
3 9
35 44
11 90
29 50
59 72
17 85
29 66
2 3
6 17
86 93
56 73
32 37
29 40
83 84
8 34
6 69
56 81
10 89
75 76
17 25
17 65
11 47
46 56
18 80
16 17
78 79
63 74
12 79
3 68
56 63
24 77
7 46
50 59
47 79
36 45
58 87
8 11
20 58
29 66
30 71
44 100
5 8
4 5
5 7
20 24
20 30
46 50
42 95
3 27
12 26
50 52
40 90
33 54
12 86
23 52
19 26
29 53
21 74
92 95
31 36
6 97
40 86
7 31
62 76
32 66
1 12
54 100
3 13
12 38
41 71
15 17
5 10
1 55
15 50
5 22
1 6
6 83
8 9
10 46
56 69
16 55
53 93
18 41
25 51
1 4
11 25
6 7
18 19
58 81
34 76
7 8
8 74
25 69
26 43
51 69
34 77
42 68
88 98
6 70
25 29
15 87
8 28
2 22
56 63
6 7
52 64
18 23
9 26
26 41
7 9
4 18
25 26
13 80
12 25
29 33
72 86
9 24
25 35
1 2
34 82
1 3
1 4
77 84
10 63
10 80
82 97
39 58
35 60
47 57
5 45
1 16
20 88
1 43
43 74
33 38
19 30
2 34
3 47
29 55
5 10
52 67
28 70
2 5
7 49
58 66
1 2
2 60
20 24
37 72
9 44
34 66
8 89
11 67
3 26
44 50
14 15
63 76
5 61
15 17
61 83
19 70
3 10
43 49
81 96
27 37
10 16
42 70
32 59
16 62
36 41
7 22
20 47
80 83
36 77
1 2
22 75
12 29
11 55
6 12
32 41
13 58
17 29
61 80
44 63
36 79
36 64
46 77
47 97
31 55
23 98
8 13
15 58
19 98
35 97
18 29
4 8
25 54
73 99
5 74
42 45
57 71
30 40
40 68
12 79
52 60
67 72
48 51
30 88
14 32
36 67
7 24
42 70
14 39
11 13
57 74
50 74
65 90
59 85
14 91
14 27
3 60
17 21
58 63
41 44
14 80
24 67
68 69
10 24
4 27
21 28
13 53
15 37
72 85
60 89
35 93
52 97
5 18
37 40
26 44
23 25
4 90
48 71
43 82
57 87
21 24
36 73
25 29
44 46
3 4
6 11
9 66
7 69
2 88
38 93
7 36
29 50
3 7
3 25
17 31
98 99
21 38
14 50
51 65
16 33
67 84
56 83
26 48
6 44
10 27
3 20
13 26
8 66
31 68
38 47
24 25
20 22
22 71
8 34
40 74
23 51
5 69
8 10
26 27
15 42
20 85
26 28
37 50
30 39
3 16
10 27
23 25
11 38
17 22
56 69
12 15
25 78
81 93
13 65
7 32
3 9
4 10
62 98
59 88
22 52
42 82
15 28
22 37
3 53
15 87
30 71
64 90
7 12
60 90
52 98
30 45
2 11
24 46
67 87
44 72
7 17
38 98
60 81
9 14
63 93
54 62
2 33
32 55
51 72
89 90
18 30
77 92
31 34
30 36
5 18
29 74
22 65
66 94
18 94
27 55
4 9
7 34
7 13
2 9
1 2
14 20
47 50
39 45
84 89
11 19
15 85
17 20
9 47
90 94
14 44
3 8
14 69
61 91
29 43
2 94
33 61
1 3
22 24
4 28
2 9
14 28
18 62
50 76
33 39
8 21
42 79
11 67
15 68
11 18
1 31
1 8
30 41
14 59
57 82
1 4
10 47
60 97
85 86
40 61
28 37
20 92
10 23
31 70
3 20
59 94
29 50
38 85
13 44
2 7
36 38
61 88
60 77
26 56
34 70
32 38
50 60
21 27
61 64
7 8
41 60
89 97
17 53
3 18
2 4
48 60
4 66
4 42
24 98
14 30
39 100
4 15
2 49
22 34
66 72
10 12
13 48
1 3
46 56
23 36
7 68
26 30
5 19
6 74
7 29
3 40
8 32
8 50
43 64
19 25
13 81
52 64
54 63
34 80
39 53
1 21
2 11
8 26
6 18
30 36
5 11
9 10
84 93
33 46
81 90
2 7
75 100
46 93
7 8
68 100
9 10
30 98
3 29
32 50
58 59
5 31
5 6
26 52
73 83
2 56
8 34
61 81
7 12
24 73
2 6
25 26
18 59
19 45
3 38
2 7
2 9
8 9
18 99
31 83
14 76
53 76
10 24
17 50
29 65
25 27
1 3
2 21
2 11
64 81
21 75
90 93
4 5
42 61
5 97
2 13
7 14
2 50
6 8
9 11
72 87
1 23
7 67
22 43
26 45
47 72
2 4
2 7
22 57
2 33
2 31
14 47
9 14
51 70
5 57
51 56
68 73
13 74
81 87
14 48
6 12
14 36
5 6
3 38
21 49
4 14
28 48
88 92
56 61
60 74
54 67
66 77
69 90
17 46
5 75
22 88
15 37
32 34
11 82
22 77
11 34
8 35
4 22
1 48
6 17
44 48
41 52
47 62
35 79
7 47
50 65
6 15
11 14
33 71
61 65
3 10
9 37
83 84
20 46
8 13
6 13
19 21
24 49
50 94
5 53
8 32
6 10
66 73
2 11
5 7
77 97
15 20
46 57
82 89
37 38
9 80
43 52
29 74
16 17
54 58
85 93
1 6
56 87
2 6
64 66
6 42
12 52
40 87
49 63
7 25
9 34
22 44
5 8
9 34
28 37
10 30
44 56
5 17
64 98
50 53
64 90
10 24
2 20
64 88
68 96
1 17
17 95
72 90
28 29
20 69
1 12
50 84
19 70
57 62
56 62
51 52
59 68
16 51
10 16
1 96
33 70
13 34
1 2
3 7
18 33
3 4
26 67
29 95
20 33
42 86
20 21
26 37
47 54
17 64
54 73
24 84
20 71
20 93
35 60
14 74
12 13
1 2
13 49
11 32
7 17
68 79
25 39
7 38
38 74
13 56
18 51
1 16
46 54
21 60
77 92
56 72
21 28
73 75
21 24
30 57
29 63
73 77
3 5
50 84
14 26
16 59
16 29
30 58
38 50
10 44
37 48
17 78
2 15
12 86
38 84
24 38
49 89
33 67
13 25
89 98
15 80
37 60
1 7
62 71
55 59
1 2
61 96
55 63
27 79
27 41
40 43
6 29
25 81
61 77
4 30
3 4
69 80
35 88
1 10
13 14
7 54
8 40
23 28
12 97
47 99
81 92
9 32
73 92
65 95
29 87
53 71
13 16
19 40
6 21
32 81
7 40
14 79
9 10
23 55
22 48
13 27
29 43
7 9
2 77
39 66
9 22
1 24
4 51
4 46
37 81
13 87
1 3
6 51
2 8
3 13
25 78
6 81
31 39
29 50
23 36
80 93
10 52
2 83
19 22
37 53
16 42
14 20
21 50
49 58
38 81
37 58
8 49
5 57
24 75
12 55
13 14
47 52
39 97
49 66
12 38
72 95
18 20
19 86
11 28
51 61
2 21
18 71
6 17
10 20
8 92
34 48
46 57
47 88
17 23
8 14
1 3
53 71
7 79
10 21
22 77
49 91
28 65
47 49
12 36
4 9
12 78
52 69
2 6
4 21
34 40
21 85
20 21
30 56
1 33
44 77
21 40
39 54
2 3
6 18
46 58
5 31
68 69
22 85
54 96
20 37
8 11
53 66
10 90
16 92
32 38
16 32
11 50
12 23
34 63
8 19
28 31
68 70
29 47
25 84
25 67
1 3
27 38
47 61
5 9
1 2
1 2
77 83
41 42
28 47
13 28
7 19
47 98
32 77
29 39
18 74
26 44
18 47
60 77
77 95
12 68
9 70
38 73
13 51
10 46
21 46
11 22
3 7
4 5
15 79
1 24
64 86
12 60
37 79
22 26
3 20
22 58
2 59
40 55
7 76
79 86
3 12
8 20
31 91
51 84
48 71
4 20
34 74
1 40
41 75
15 33
4 5
29 69
2 4
8 90
8 25
35 89
1 7
39 41
4 6
9 76
13 24
88 99
2 10
1 4
82 84
21 92
14 43
34 82
3 6
44 74
39 80
40 76
53 66
38 52
1 2
1 11
5 75
67 79
84 92
32 71
18 28
30 42
23 48
18 77
6 43
6 46
5 51
50 61
20 98
62 69
45 55
7 19
19 41
19 20
27 40
39 59
86 98
9 71
30 56
11 35
9 64
38 91
2 66
60 61
27 80
24 51
35 66
5 25
3 5
31 33
60 91
30 79
16 62
3 15
22 27
15 27
53 89
11 43
72 76
50 85
26 65
6 7
27 50
21 52
5 21
67 76
5 12
4 43
48 54
23 51
36 40
9 26
1 12
51 83
5 57
12 45
16 73
33 88
9 48
4 21
16 20
11 51
52 81
39 54
48 83
4 11
25 98
15 99
45 93
6 38
29 100
28 42
17 100
91 100
12 27
3 48
88 100
5 11
9 10
10 19
28 33
46 67
20 25
8 14
25 72
1 82
2 25
40 79
3 15
69 89
35 68
40 46
18 36
22 51
15 22
9 35
15 51
5 44
25 63
16 31
44 56
9 36
62 69
20 55
15 52
8 52
76 80
14 26
15 69
8 18
62 69
39 100
22 65
7 9
75 85
2 7
15 24
47 68
1 93
55 66
20 24
20 28
27 90
1 95
12 15
41 100
6 21
10 11
8 71
54 75
56 77
74 100
6 27
59 93
4 80
2 4
8 12
1 8
35 49
15 58
13 62
34 38
5 74
3 55
35 36
3 8
1 53
53 65
36 89
63 71
6 33
30 58
36 68
9 27
11 30
7 16
26 70
2 16
29 42
16 23
53 98
2 16
41 44
28 46
4 8
3 14
23 80
1 15
14 23
49 69
1 27
45 65
32 71
19 66
44 61
56 95
29 74
39 54
5 7
64 93
2 46
5 72
49 67
49 57
26 70
7 61
48 54
1 3
63 65
14 66
65 90
31 58
41 44
4 28
9 16
1 50
17 46
19 52
64 67
32 65
74 81
6 82
17 52
1 18
29 31
36 43
2 14
59 87
13 63
25 83
16 73
4 53
16 20
1 2
51 69
13 15
62 97
34 55
75 80
22 100
9 13
5 69
3 31
39 58
21 60
17 22
81 97
3 43
30 48
7 16
31 89
37 81
12 31
7 49
1 19
36 37
28 31
35 64
26 67
24 45
9 34
59 83
28 33
3 51
31 84
30 38
50 62
12 36
27 69
30 82
15 72
1 8
43 76
21 92
38 70
10 14
46 56
37 60
41 43
8 11
35 59
34 58
16 44
15 43
49 67
16 18
5 67
92 93
4 12
64 70
7 9
25 32
65 69
35 87
5 15
42 48
64 68
6 13
1 15
33 68
49 55
66 67
13 49
54 68
1 68
51 55
50 71
49 61
83 88
14 53
47 56
16 86
60 83
18 85
8 77
69 74
28 34
70 86
32 87
6 8
55 56
41 54
62 69
55 63
71 100
65 85
73 95
8 49
42 45
2 7
42 53
11 18
63 75
66 82
28 74
27 79
40 52
1 22
12 41
33 93
23 63
25 63
47 87
3 53
20 69
41 52
3 88
38 54
1 25
3 6
20 21
48 51
1 7
33 59
34 38
5 6
8 10
10 13
1 6
10 15
30 40
40 48
40 49
1 35
49 97
23 53
44 65
8 85
23 41
10 13
25 39
29 49
32 39
1 3
42 45
34 44
11 17
54 65
15 23
4 9
78 83
42 72
22 61
33 44
25 49
45 78
7 46
27 71
16 27
50 54
10 24
15 52
21 29
4 20
4 24
13 22
1 42
38 54
23 87
47 84
53 97
67 95
45 79
3 16
15 21
4 32
61 80
38 44
32 78
65 78
48 80
12 16
2 7
1 38
6 46
48 59
17 23
49 54
64 81
16 25
12 37
8 49
9 77
10 21
30 39
24 52
8 50
25 30
52 79
7 9
36 58
11 20
30 35
29 87
8 18
34 36
62 65
42 63
94 97
64 84
15 55
38 97
1 8
1 3
8 36
73 99
29 69
4 16
2 15
49 78
47 76
4 83
3 70
61 81
32 46
29 30
19 44
20 22
4 51
54 64
5 26
23 89
32 44
7 89
14 17
44 56
42 66
81 98
12 82
49 57
33 50
31 49
19 95
44 77
1 2
37 46
1 67
1 7
19 70
52 85
62 64
48 94
2 18
8 10
1 8
23 90
44 59
14 36
53 70
44 62
65 99
64 73
28 53
12 23
31 59
22 39
46 55
8 19
44 85
18 43
11 25
15 27
34 43
24 73
1 2
23 24
7 10
38 72
16 46
14 59
6 42
51 88
44 59
38 96
34 41
11 18
59 82
38 59
67 93
46 47
58 93
51 53
8 16
2 62
40 80
21 81
56 72
30 64
11 16
7 44
13 82
41 57
1 3
24 32
13 28
25 38
7 22
27 92
12 29
52 60
47 64
1 5
6 25
94 95
2 36
3 26
3 30
53 74
36 76
7 28
10 80
16 23
34 39
24 25
1 75
62 81
55 76
42 89
17 97
8 9
2 8
14 51
14 20
77 83
47 70
33 83
8 9
48 77
49 60
35 86
1 8
33 36
63 67
3 44
9 10
19 28
5 85
66 75
1 19
47 92
1 21
50 80
27 96
49 72
72 81
14 57
72 99
27 34
58 60
21 22
2 3
41 72
91 97
2 5
6 8
9 10
30 35
2 45
11 42
8 76
47 65
51 64
33 44
1 78
34 49
7 24
6 38
15 58
22 43
60 88
37 93
20 37
60 96
9 55
54 70
9 53
30 48
2 80
39 59
4 71
1 2
72 100
1 3
77 97
62 95
5 25
2 4
42 76
32 56
19 28
19 28
41 65
5 38
1 28
46 83
2 11
53 55
8 46
1 2
3 5
42 97
51 57
50 89
14 24
34 37
12 36
44 81
64 73
12 14
53 75
2 78
65 95
8 21
1 2
63 64
18 83
61 67
16 77
11 20
33 73
28 37
83 93
8 22
24 31
12 28
27 36
22 25
3 15
3 79
51 56
2 41
16 39
79 89
12 25
30 89
4 17
20 24
33 62
20 59
89 91
3 4
21 71
19 29
2 58
39 84
19 48
1 3
19 73
1 25
71 83
9 15
1 40
21 37
4 52
19 27
3 5
22 37
27 90
11 17
1 14
30 64
32 57
35 47
48 82
1 4
10 84
18 32
7 29
41 89
13 19
14 81
14 16
74 94
46 49
7 34
58 63
6 15
7 14
47 86
24 62
9 31
1 7
14 99
44 66
14 62
28 66
28 98
51 69
12 16
29 49
41 53
83 88
5 7
41 94
33 61
5 6
6 79
19 77
25 100
7 28
4 14
4 44
32 76
2 6
5 11
14 39
32 65
55 62
53 80
6 23
4 30
34 100
71 98
64 68
28 34
42 89
26 69
29 48
16 37
58 59
25 63
2 16
10 85
12 62
1 49
57 70
44 75
23 30
5 6
73 97
8 28
19 26
12 29
9 22
9 25
20 68
28 29
7 22
19 46
2 57
28 99
21 50
39 100
73 79
67 91
6 33
7 28
3 4
10 65
22 57
2 100
42 59
18 33
13 47
2 8
5 15
18 86
16 31
24 31
17 26
11 19
63 87
1 2
7 88
7 19
65 90
32 52
8 62
22 73
14 28
2 48
56 99
32 41
2 20
5 14
37 48
4 22
1 22
20 41
13 44
3 6
1 6
9 89
50 100
14 22
4 47
2 69
36 72
40 64
24 75
3 18
13 15
6 9
24 40
54 56
18 30
12 14
26 36
28 40
64 96
10 21
34 35
76 94
42 92
4 28
4 5
4 35
5 100
18 53
23 99
79 82
2 3
75 99
33 56
18 57
17 67
66 83
64 71
54 67
10 13
35 76
43 56
75 77
23 67
8 11
82 98
20 75
6 16
64 95
51 94
6 16
22 29
80 96
37 77
35 56
25 87
21 26
27 30
45 81
6 82
84 100
80 85
11 14
15 20
2 3
1 21
6 11
75 93
6 17
20 25
16 49
61 62
57 65
62 68
1 3
2 5
11 16
42 54
37 96
55 60
72 95
50 53
22 59
30 68
38 76
10 32
38 57
46 86
22 55
49 67
1 20
81 90
21 24
4 47
40 44
12 82
17 21
57 58
56 100
5 62
7 74
36 63
12 13
7 99
6 27
41 64
14 33
20 96
43 61
18 52
1 2
15 28
72 97
11 49
10 97
22 74
44 85
11 31
21 70
28 41
57 85
9 44
62 65
46 72
35 38
2 4
24 34
25 33
12 13
29 82
32 33
1 5
24 53
54 92
2 5
22 49
5 6
23 40
42 60
11 64
29 36
16 82
26 28
30 33
6 32
58 67
10 11
8 52
20 98
19 54
10 17
39 56
21 36
18 32
16 83
14 21
4 6
8 20
76 91
46 59
38 85
19 54
19 58
7 9
4 8
48 67
13 24
87 90
82 95
39 46
17 25
21 80
24 75
80 90
5 59
3 41
23 79
2 45
7 26
51 62
20 42
2 32
15 68
2 81
20 76
54 56
50 92
11 83
3 41
1 17
6 79
1 2
33 93
42 85
49 83
2 4
29 36
29 92
11 16
7 50
21 41
53 81
8 20
49 63
62 70
24 67
30 31
8 65
2 74
12 69
7 24
9 14
66 92
1 43
32 49
17 19
11 26
6 89
33 58
53 55
1 4
55 59
3 7
40 50
27 45
34 37
34 60
40 75
17 89
8 23
52 79
1 6
17 37
78 94
10 84
29 85
2 57
52 55
6 27
13 72
39 97
74 76
10 32
15 64
73 74
19 20
19 32
11 23
50 53
23 58
72 95
75 83
8 11
54 66
18 32
35 44
25 96
17 20
36 94
18 55
21 68
15 65
18 61
20 82
20 26
35 85
3 11
7 68
10 24
37 49
13 83
14 76
37 80
47 52
27 29
20 21
25 64
2 42
12 38
61 93
57 78
28 33
37 71
41 62
20 24
4 6
37 67
52 73
2 55
43 97
9 37
23 29
14 24
13 74
52 58
25 59
3 4
1 2
27 41
49 81
9 10
25 89
38 86
3 39
4 5
3 33
6 44
41 43
69 85
21 39
26 40
13 83
2 70
33 40
2 3
16 39
18 55
70 95
24 70
73 76
37 78
2 79
28 94
17 27
19 57
52 56
3 21
9 63
4 15
23 44
7 63
12 46
2 3
44 70
18 68
7 79
2 3
1 6
44 56
6 40
8 17
75 91
44 60
11 94
26 48
18 54
33 53
3 9
31 68
1 5
2 52
1 44
15 72
23 28
2 18
26 36
11 17
19 63
35 43
61 70
26 53
34 60
13 23
23 33
23 40
3 35
8 16
44 59
16 56
5 9
5 92
37 69
68 81
11 31
5 72
17 79
76 81
22 97
25 43
11 18
6 77
42 47
8 73
3 16
83 93
54 56
9 13
61 87
1 5
2 4
56 74
4 9
39 62
15 50
7 8
38 63
3 12
4 74
31 63
44 95
17 97
9 26
11 34
38 39
32 55
31 36
71 97
38 41
21 90
40 45
5 34
39 62
33 44
56 94
9 43
38 81
37 50
3 22
19 32
27 65
53 72
5 31
11 12
11 55
36 37
11 61
25 61
1 8
7 52
24 34
20 94
12 50
1 7
68 94
2 7
7 9
45 65
16 38
4 9
15 30
38 43
5 20
38 46
21 87
60 82
5 63
2 22
65 79
5 96
2 40
56 80
1 4
14 18
41 52
1 3
34 37
10 23
43 94
70 73
79 88
45 53
3 4
12 47
7 39
13 18
1 2
53 92
71 85
18 84
15 17
24 28
40 49
31 60
6 98
31 44
24 89
38 55
5 22
18 19
76 99
20 42
53 71
7 10
42 84
36 93
7 22
19 44
13 32
8 12
85 97
1 85
59 74
36 51
27 28
2 5
3 28
10 12
48 84
14 19
22 28
35 42
1 2
15 28
34 51
5 9
1 2
3 44
2 16
61 75
47 85
9 94
56 83
12 42
1 26
12 25
17 42
11 99
22 43
7 83
49 66
2 51
34 70
22 88
79 87
31 34
45 100
1 2
14 29
7 20
19 28
61 62
35 45
9 10
72 75
31 32
16 37
3 11
2 6
3 12
29 59
2 6
12 25
16 59
2 20
3 4
50 67
31 80
35 58
15 86
36 75
10 18
7 17
22 34
40 61
11 26
78 97
16 41
51 61
8 24
9 10
2 25
17 69
9 54
86 95
13 16
28 66
4 11
20 59
3 34
32 34
4 64
37 67
16 59
27 56
55 72
36 48
36 84
3 5
64 79
47 68
50 55
1 20
80 96
1 12
2 3
41 69
78 84
24 28
6 58
2 5
3 6
67 82
22 57
90 94
2 71
84 86
6 35
7 55
69 88
16 21
22 98
54 60
2 66
21 36
71 100
16 48
43 44
36 57
38 90
1 2
62 74
16 55
17 56
10 35
10 17
12 28
10 54
11 45
3 10
38 47
6 26
57 73
29 31
6 13
1 2
7 41
42 45
38 77
69 92
41 71
34 37
57 72
10 73
8 9
7 37
10 12
21 42
15 17
22 34
59 87
45 78
5 70
18 69
29 53
84 90
15 24
12 24
6 91
13 32
37 84
63 90
69 77
21 30
28 60
11 37
1 15
17 86
25 94
40 52
55 76
26 64
20 96
48 78
8 18
41 77
40 54
8 40
52 89
29 45
25 32
32 52
5 28
2 56
32 69
11 20
32 43
6 8
31 42
10 18
47 80
25 29
20 40
63 70
50 89
7 11
2 8
5 9
44 55
15 95
85 92
4 21
32 42
73 77
55 60
69 84
4 9
3 80
9 18
53 92
4 15
5 25
8 11
47 59
4 20
77 80
5 12
21 27
32 61
5 9
33 95
26 43
8 23
19 92
1 8
7 37
1 4
43 55
1 10
32 78
11 46
36 59
11 21
5 32
81 82
3 5
31 43
29 79
32 46
2 3
6 77
23 59
84 85
43 44
2 22
24 64
8 52
26 56
52 59
29 47
42 87
20 43
22 41
37 99
39 95
2 15
18 39
16 34
18 90
1 2
4 8
18 34
43 53
23 62
14 16
2 11
44 55
15 73
30 75
11 36
67 83
5 11
3 55
50 58
38 45
11 15
50 79
17 29
24 63
26 42
17 24
3 82
14 59
11 15
54 80
4 36
16 24
39 41
27 31
39 52
26 72
9 38
67 94
5 9
50 91
21 34
56 64
26 40
25 70
33 58
6 37
71 73
5 22
19 27
-1