214466921 824160505 759159041
196658561 41039121 431566657
327348305 214430849 345766597
972185941 232195826 235084831
30825609 630529707 554989452
135735041 364127081 22383565
108375251 906384625 180527043
835829761 829205761 37655475
437112417 564915601 103926969
235252981 138262885 159706325
49824236 342581713 491840513
329408701 939522839 4475865
242189361 283718861 218103233
866192457 894543021 294972301
779193203 106468701 201864801
243917815 442807925 717016825
607272801 390071377 667275123
669537501 4070769 284371531
135459588 919616817 369259521
129370101 290302061 580440801
97002457 922665437 184518929
299061841 565478721 362199971
225763871 122140747 763476951
750604823 481215099 644562593
585618331 652521421 923073621
29889913 730418801 98708076
572847364 443114445 808604001
263751321 695857626 343100289
300550081 403149976 941117393
286874801 533229515 463859451
532839797 710656221 81742161
522739001 460067813 981846161
461125121 796221441 492255861
330326805 243874913 168312536
266687801 595740801 88956537
757124086 936845661 921226341
194890241 701220029 172521991
158911949 471789120 603627086
116410664 213681929 852960001
961303641 677180069 176004817
131999803 836370786 344548751
691785729 376136401 590768876
745555599 848245137 972708713
933801601 226632491 282309848
379698552 521615745 211704566
796209989 422774501 503084321
525439991 581677401 493735801
388659121 937373539 799410153
839257391 729734081 65819321
518816256 864331777 293161209
20355489 86629201 63976580
161980751 79393189 566805745
68635975 712777481 966626615
689070601 617241473 609014661
489780403 826273201 560338945
335185143 473617291 488349671
320683976 47345817 994769601
936939201 542878733 964865601
116676097 988213603 126007489
430226901 650087413 399749389
214755773 915026505 355930329
350840625 47055036 214283345
677661653 872999377 365999217
338927849 36352001 249780221
343020001 637842201 333506521
662727689 250463790 776007301
494612321 865322309 917225401
701641217 309805266 87517913
599205001 797289473 757920001
168793433 298417601 948253751
193965041 90591073 529954401
760895971 644837461 384959633
465321601 620541401 406508881
22522405 926983757 58372611
922927556 222035201 651077801
819365057 325930623 408746817
750855121 223123311 510869901
316876029 224630171 229758137
405850113 992972371 385714689
315105653 198737319 969772301
490424306 974773909 665600327
819162121 328688919 150157289
256579138 705746941 496084097
689242060 604330521 714259457
525298169 605115881 135007201
153712921 406839281 875647289
591653461 941176126 636661051
916604001 756837081 215884289
346958801 297868582 645084841
511071133 62158730 197914091
378967445 22863524 740976001
635556001 358604201 38338001
255250273 294291137 972725645
9125841 528197505 172193037
536500552 557707551 249173281
354704961 920503722 812863651
637098161 104231809 423910953
447260401 321270631 240418946
756928686 504971065 490299858
225546081 883098913 543400310
980640433 349477761 307498901
77551251 554703921 949928161
902032170 726235867 468968751
605626283 306819197 296335851
934416501 980089613 506955745
699846145 685305926 274136901
583238241 88627461 668289054
170389001 542065499 898549590
654229761 811219225 50217921
6593126 850775862 2213889
766493352 161343751 779101201
290174097 122324301 481610351
805615181 757899821 116398313
234505706 157134831 827782501
415748881 40260161 252197441
468914928 733402241 590828381
243443733 360391721 246823659
228142541 173930001 54742671
229489537 737624705 542232033
904938121 433270409 515122845
200235745 465653971 444630873
953394991 250840736 94252655
219259233 199285613 665820161
138695495 28227917 835870481
248551941 615715354 113173151
307637236 71764126 6923841
75762481 140448839 65585921
465926553 15446793 444140726
353539657 550708297 934765495
99818241 289066497 244701185
23586545 169025121 800607601
771334401 98766782 502334761
890864161 127020881 711751741
360792146 865704841 514201335
484574961 995297839 431748377
7145837 86445581 937048685
278776177 12872253 357740209
4601394 923986346 226196913
995958581 107286199 786336577
811780586 428578851 988049393
129667316 568526923 914557817
945541873 569078145 103040201
146498143 891767937 339471041
833302001 744783849 356457505
338709439 345756141 456554497
834734819 531896801 399785977
967232831 579722785 433631311
264145937 801457151 167248021
608095631 232313173 377861081
695731089 262818181 490828937
288346561 100278995 421637751
595724555 467625751 301317665
791639653 70546841 742717921
648811228 437740321 51578136
736426054 239513715 386993105
44918406 876244481 506620919
277836309 262715341 661838726
54091121 634237533 312597273
388985377 884602145 654828949
395708225 996223915 868542654
313514186 792246497 287328151
974324184 848240111 587552627
306589505 932975736 452920961
54254070 244126367 493263865
142334446 316788025 6035474
289384993 867254785 432846721
7945473 935444961 29336767
848058933 202748489 728108992
236600161 577831737 551228501
298345929 656239461 144962942
426169479 488443681 143944961
875491301 946201281 251981299
793349025 980523553 78504961
829157761 75683638 146330221
765282251 98425065 952472365
351408583 737585283 712827425
969078251 230731009 944611586
204878225 129901201 144954233
420136585 195165221 205700305
91710961 39428553 875796453
925265327 241104361 712893057
29028411 776651509 819000781
153571601 373868351 737468589
713002541 661774801 256056121
166284353 84090181 826790819
154003448 10728833 495216581
144722301 557503088 396122241
145623201 866432977 515241109
780788745 915111281 629902081
830116401 60858449 752625409
443952001 384307891 515003371
711192941 866845601 999523745
158164185 216610689 730211241
306770126 544028001 126617101
15396865 150505959 66160961
434010553 597688577 836810001
832025077 260633601 363584551
203145651 380653453 871707905
157325351 325838631 821602395
73008151 745830865 285257073
812904001 213223073 207969329
391999457 691325806 283201380
15718601 134913377 874541635
719981251 889312776 187642357
494608501 188686561 812015809
422744941 27027777 533110529
216219301 524864961 317174993
16402343 747176001 590241751
476805191 412942561 403323137
336486393 49029091 889708001
695207941 296684321 554935885
174070561 631455569 539698919
231878721 702426444 779556661
30468321 445210405 86321081
358047381 252590393 850433801
514701921 512678209 463476881
207109928 61288765 175460617
488817201 844383769 743805481
633185843 424407945 770909851
861687809 780786649 329539361
261556145 251985985 923698089
214934379 842114466 869141313
78867201 513438391 253209961
34427457 248721829 556368929
929948929 148079761 112283633
960736736 548751076 573004591
674028501 894208615 287238271
787429507 369671151 155603745
228826941 405258497 926521246
873426886 881908849 986775031
608973671 726719385 14437258
743909281 577445881 186991689
65760641 23175901 262004321
333184321 699476279 841481281
174522335 612922081 107412273
110808509 439493099 101366695
23090169 514917009 165705746
266423251 510403088 861116665
154481369 601604621 54384344
320210940 435422375 214681945
249463645 794179197 925195561
238140061 451461361 935316861
290949621 137458457 819176901
627041907 234260317 290580881
508519617 627986905 22916541
458249281 38565481 855040051
859081409 88574021 159451381
543273881 768977073 927532451
474614387 514026876 802305498
194974351 535839713 709153689
181940500 386804505 949107099
701392601 106961801 307285440
569798669 214770631 551131649
448171489 213241697 316790497
446443929 344001131 574299967
150486001 9969176 783344001
167642441 36402161 237135941
125983381 335469101 26628015
968032961 759982116 15757521
227550021 124203821 512269797
378845489 293631345 421649173
468320435 7701471 706765601
912742501 91020017 845588801
551792366 39880641 224092681
271542145 269260801 918475931
272124441 934244889 723565979
409641386 629913380 315420881
652913137 307432601 849475171
427047561 56805569 879917891
675684953 50867971 496501253
357324857 447606007 242543361
715865001 236788785 770470001
319024001 926166821 245610529
405880121 729568227 59154785
315474936 462633761 11379585
759917569 48725331 197526401
818099521 643088021 254846177
823328776 46668453 377187445
80993792 598610765 734141561
82221049 335009793 760080001
90844971 419862145 863551
327047126 968057358 554228010
162843361 288382211 158212797
685231121 732513521 676330753
281386001 727412709 714571489
409057985 988822405 497970161
460571969 898781277 742060801
413026212 124648001 718545861
383409401 939896443 184347401
852450861 370958725 125678766
266128561 389212161 835163121
860263561 705697793 176496926
859548150 57271294 844721523
865130481 682419949 937989377
57267961 16582401 469482553
616585629 521810081 360380401
797666945 824089211 350761793
806627525 249342031 792433841
77773501 545759899 361205701
462285121 894314573 958562621
77738469 213334337 305273251
360433441 407703777 77437
541922401 611874661 344027887
816823546 315875611 59808769
790122921 169904201 349134801
1541201 642514349 743861529
950541382 199011201 214400749
657888641 225090901 340953225
54112705 117604036 194706066
956407541 382265401 728046901
818231176 940610779 294685961
773317561 687699149 242549457
776212143 615982465 192553201
334219401 625223681 905753501
421828917 68863473 855377089
922375169 960849201 674475839
584653601 686840449 221959329
462176141 419208961 397692225
441836801 12139201 403633
965629201 892382451 864511761
346949213 653748157 32037121
615099761 271299019 925384881
33553893 303372061 368240225
548880395 518560001 563375361
998238576 685878497 582207385
339787361 725608976 957038097
445426593 65975258 483308701
314537207 819045839 681167401
312992561 366496796 775090537
376790121 18740867 490672501
41268411 346108033 258379753
38744466 828524725 105439027
652787601 391884730 468757761
145177021 306007311 591004051
120130471 110361793 4051048
451887925 851096769 537810783
173584721 675855356 36660497
665895041 74620121 426362045
207420359 545312001 949409121
67142597 656380929 236508915
865390401 542869046 112577566
675248937 93346291 297356127
44956801 659770833 514327351
317545673 312055051 986345503
828387841 424331201 840075991
249076641 538151591 418195381
821026333 774408151 732075305
848003233 485366401 557888001
231836633 561199799 141488633
303333034 62378001 249533761
719300033 140974977 520954113
171124521 700999697 909499649
93344146 512763751 67395551
611647887 677894790 416800001
468649051 434079475 881995177
657198965 726453009 936042771
950817025 408502541 105639557
178688484 28779841 62702133
174352041 457354285 302955343
155194601 465614257 377311961
982590277 773064241 177940209
762426005 232127881 571252481
363289491 530993141 544772801
846822019 371215881 152950881
527807291 339431987 798583536
350651937 752314921 91782905
658975251 579771774 506278961
105205001 617311301 281152129
579825025 622190723 536013313
665548705 87408353 603000033
209158899 214707553 704660775
498874401 457815801 860178716
317148241 235592517 824806401
667503101 402362201 371944911
556779313 292749217 881795889
260598815 82802249 119689236
261409097 902631681 936051537
763215889 853457153 429775583
362076511 916661201 608269686
224297461 941724569 326824137
984359181 425267206 99018746
757919681 103228161 461511143
995356801 714168305 828662823
722440283 169248201 10483491
34226169 725655601 417644911
476428779 213862401 557877281
108965791 152122945 579511777
683011041 647275501 602955741
210137501 298539469 503297941
205792257 668059009 342403297
795147361 398683077 662650049
250137143 689636641 973367622
85882849 713311601 719091661
628835841 599491261 333798401
789115401 36792401 168537797
314957017 843886426 398142197
893419571 916452321 639892901
767653601 856485225 284758772
750472871 363323569 335660177
531773481 784652781 848333866
646784241 852635673 393368417
267594529 671807761 979960589
475401721 531127699 880940641
516329401 65481711 977072641
381530650 889784401 919037285
887563492 717504579 209546601
366163771 957303126 441346685
602820341 835972501 537048948
989073085 403428935 313286317
989448921 582209921 538492661
704609641 974015451 251847761
777927681 613283638 458089729
203893751 423217081 912990216
170477809 651068529 560393729
609704513 798855389 180557049
183917953 980960897 746770037
447207439 858981097 92826026
971825751 30751536 512787401
83897265 791229461 830693145
698637381 203969583 918679759
607595937 2700101 588575421
257307272 407755140 59229621
280051817 384153333 99825549
983427565 184952049 671537209
307099001 236226561 324032151
936633825 644436665 682050281
519801241 666770143 307792553
852421537 855452805 130778201
713117956 374775647 325434551
776271146 190242863 86418191
232566626 81377451 35087408
1059461 844407285 501741065
171105181 343874161 247021007
150319441 124929651 117704473
568613529 94135457 180265937
403103351 563873459 486623789
358637771 23914776 938302545
911184431 663066790 367365825
836303813 21684681 671917745
567901876 72540001 37261876
126124353 304561531 15885665
757653461 212257521 945136373
379391013 258970107 749866513
106898901 117134009 498457923
558225921 574101873 455623533
883472388 791077428 806248125
631248397 619245553 343349257
21882221 765793263 982806161
436852057 228312681 401854251
554859156 857819889 603470945
588117267 153074401 819648101
519563073 134887585 275734657
686656001 649820881 716674083
258286081 280622567 850378021
647329025 184120717 460382177
225591125 163163393 131945217
54845124 865685121 885984321
325360200 224603401 248546561
673514705 927278673 965250621
29514929 97973971 290594201
516817489 990993409 161527517
229728896 130284849 685388353
60200569 946815301 715317652
492760701 591719219 689165297
616586233 667724001 360861601
279447194 838395977 202560641
155549489 748093821 396485881
266858217 508855909 412829757
800378065 27224929 234706051
416315580 227890769 310606761
394887146 301424285 979615995
936499001 763329677 37379793
933793254 871621060 536302081
325029953 652497761 736759201
177105153 779568755 342506501
448740385 228007370 24820801
198254941 475149071 631421661
473040385 153199673 611273425
43878326 579408251 111550881
615419831 957442841 727349465
637338945 123202214 500609217
306142721 63932307 686265281
28876803 128569033 986383764
235725071 992206341 481702593
278224769 859288977 113177905
942235805 287049299 983930521
925776129 632176665 625017771
998274727 300278561 408386929
825077431 288821697 860463690
844146177 798457761 93200001
758435567 851910366 536906035
416661301 560580141 164549316
919021201 189072701 718032466
232741121 464920205 417036453
688018497 206786561 594792309
590781924 245403493 536530111
700606171 464663001 177958889
381754369 932622401 169540306
240683889 550713041 467551361
40718445 581241481 148936993
341883921 167024387 944751729
974254673 817283033 81255361
368629969 565364045 687771601
763320657 416976521 352355391
634813101 108075081 673542401
963852049 154091674 818897065
178532837 40730981 519244475
63795441 576277268 809700971
283921845 267564209 480128501
466997506 587874626 200898931
903771296 463892993 924781855
100102209 744348445 250341123
280295358 205348233 109019361
49289011 544736065 714142001
60789815 995333811 766635601
169698305 636925817 159321873
850461441 335101201 711070471
639004551 796707331 959461777
923707153 677922725 717327698
447427403 834830935 38452200
280342613 602179951 894190385
936621360 269818493 383637169
845365011 143208107 159375881
507812681 184624376 503932561
594164395 426187379 909175553
161189025 492737260 729013201
312974881 816121137 546108001
295021028 354919351 783563301
247559361 4181921 613615135
524784133 957063131 214676701
875692245 621395966 673223553
171946081 969927181 911828441
391872161 281752801 990489681
368277351 55243745 248518257
240961697 603550385 73566674
329439201 470359389 242613017
138307505 92389061 984624801
600022473 310452203 131734671
909175501 978504865 117260071
993339721 253156727 932191692
69347306 171259901 207415831
446573025 219587201 654131351
47625829 961090511 422159441
973120451 253807601 302751421
783632101 438360701 15265601
705829201 867042397 463466641
425053129 241219289 145627401
140473601 684549583 191546881
89204129 811624217 471880451
367884593 891414881 347081761
25433993 622083289 868758791
227878225 258211837 691138489
923894851 152344681 62573085
355984061 865778901 490582711
984734673 228890541 259111477
77947073 611832226 528557441
166519665 783150505 500863681
647352501 420843627 229471085
375355597 244401877 324658221
188608833 483916601 783695776
358351051 988711514 188802209
221197765 485972609 188903441
778798693 150855568 382598785
574364401 422324257 322605074
833319771 466908097 303923915
211152522 211576172 864586201
998245193 152729431 661281281
118269400 270020489 844273217
333176081 732441409 208091201
388478485 901956625 572096193
444214667 606452519 188478721
754229925 68038433 658869816
50455137 151093401 504527041
988320337 708878229 66158517
609419927 929968737 953550613
333502593 338934529 238282369
974846737 740988475 834873440
265875361 601299036 378344993
335665465 447407041 353444556
844289908 281530303 528165277
304518969 467036065 841461311
699116497 671813385 536100037
614373349 506365630 846513295
597656788 930925033 734239573
942082532 401428927 957873113
744329549 340865778 552799246
719365201 678114251 475619837
754424417 131348481 656909176
951565001 447000925 841377271
956438121 597471401 410168321
723830081 644329867 271389609
522698161 735832969 16049851
335116857 142304585 203042181
222148737 696967601 943325017
117021897 627995341 157335003
288401381 619068475 117827741
516092025 74321409 285494657
309425825 466019151 542630041
145658001 339739665 552116521
492647807 239089109 328559521
819824629 76631181 314137676
670353281 844759041 740935751
105372849 464771425 49581581
30434781 292134121 289040897
54238553 343041953 489774619
898429137 858029345 935935373
312878946 724975461 948366891
780288001 70040233 132008769
694390173 103649414 620604061
912855889 772952233 333016001
989878751 648493861 613299689
222703211 727774081 524019849
276539393 631876391 61934081
900567497 403194040 186621051
386177621 515266451 763481837
253837121 300019145 707579525
925316757 576462337 876054513
56041905 738961111 878607801
418349753 552417401 216838054
89286337 744920563 389932757
29508571 505437323 932221337
712702625 689725826 345481401
914845019 319772233 381548576
968856899 752271001 838366163
471054397 487070688 719042357
384604461 965573201 117691985
5205981 960857281 656890399
469525371 718903553 646636417
525710549 304049969 665244179
856162660 896122926 547566929
812815031 210769759 921100651
624458401 543466529 805150140
183078057 138437481 653933347
105292931 434418997 190149712
969016401 67911901 1492867
214456777 134692586 571908386
461568241 727339641 657459501
491433901 899294081 508500250
156638721 763324553 260601761
687707335 148702481 277841681
284255201 673169793 226116982
669996755 519189801 808862695
258144641 194591197 164283881
906515001 37459761 69405445
30525196 268934075 556433553
608035329 625322401 441319436
117691773 188485001 686626921
15495681 466219281 16219721
413523841 726252625 624136391
620922881 479274666 756770553
652899051 575461381 925686829
47153921 626971081 992236031
804987969 840371009 96668081
899467801 118794141 705266401
463946553 855005601 542374401
984982513 103796017 862058031
977820321 61688200 170308877
901940551 664392769 825106741
229614353 278500007 311829705
512468305 401524437 358787841
324479585 586161101 328161241
65157357 831414961 746928959
669541857 675942197 358152496
296644561 935112289 824181941
616470327 735087353 128966497
498091567 779298811 986435841
499710793 830279193 66442941
202072186 271691973 923880573
621672881 522730203 457973671
563459661 994333401 927758104
999522460 873130074 852158453
307302841 493775101 545464912
87314601 385901626 304064081
190639965 515995641 787461744
503701810 450205025 989098219
204779681 929667686 712885607
453419753 849657835 502066401
862083001 966656513 592888321
298040091 83241481 965928257
653670381 4469175 494701817
568366161 753416998 323799251
747732721 909743376 842881379
339657554 640359489 640935963
563641029 78475521 877059777
931703293 351314929 5670311
328181091 254354057 46152626
840416233 694153426 94910341
198723681 490237427 521671576
346522995 741450701 405957936
365632726 419072061 440176546
526332161 226883805 61238731
846900493 368867321 632199009
673805576 980725633 962964481
771083744 575869751 480242801
788892589 184680929 239800956
691364621 40728109 143925451
214893251 520672353 448291101
470262681 281744673 996265941
5613677 394856041 973359936
20295881 735871153 716329674
355808661 696608273 318812715
886833201 103252751 625540097
205393265 459513504 634977911
603630749 948351951 272539726
486485161 329785179 810358705
533970233 748315761 51151901
1868851 88742741 681060087
989263351 799761 811193451
379604265 50022401 712504393
428618241 535153793 755732481
494292891 739311445 148846725
165540919 963040601 646209441
773268697 863341871 794038001
485686785 671032731 19019743
270285169 129353605 329210801
572048201 172070501 472519031
885440601 105591409 772628677
96210601 373063507 317641041
880098853 785168287 369596569
71606205 39303785 207224641
263137591 862243571 533394263
858578401 271848951 78555037
652865001 828977455 959458477
317886977 951792741 520987101
440168689 115286953 643788482
859729551 379631261 981694081
57844901 31059106 734600697
44609491 197325099 374507192
106228587 920021361 687804801
912681553 940700321 203306596
682708865 927697637 867486461
869767741 868653361 363110261
980905036 114368001 506207669
762131465 707482001 85712001
949366441 387218995 874112501
767079401 754454921 40581437
266849117 187607676 675155041
505964617 268495961 813091661
8168011 404563025 131085345
737107681 523510191 612622433
740018001 561744401 104950913
128981385 259698337 22136089
490483955 278151143 474688681
103070593 186287759 556453185
762632193 573585745 314327553
970836481 874089377 678702477
376353561 934650045 79374033
505502209 567385721 857058785
427335601 215760975 577835501
418557569 509605121 632970511
30328026 471328086 64209501
185454387 503740521 597301035
899156225 143604001 232013281
913810902 125731929 241058005
88493601 660377161 969970001
691544001 533685194 132351531
600393191 2428761 259692161
269288441 736018761 173175901
562078594 348816065 53160817
840390681 104832024 257404401
707419843 544699457 13472503
967928065 345471251 937965185
107528513 581419533 469079085
437799681 146086481 916708513
771463553 94025313 858396706
209871403 194030601 926272385
827969729 37438941 288015601
779774971 609947340 263579681
124666151 160082129 303566961
618222936 719835465 693952305
740763002 279397871 940357761
428799025 425387361 843346516
381317982 398920653 437636941
286752701 997742921 939482369
119999083 63952157 625470856
190702223 865827751 86327201
865429761 488089998 905329017
597272001 384038013 945105295
544048625 167348129 274355125
731380881 825690999 318263181
371679193 299475839 584623001
800214401 673100833 199686289
314922286 418993745 5373361
813323393 228723816 515316001
46330027 287178969 398142181
692408201 39506237 942754622
718351489 742011003 510291793
680598841 767751321 538042171
442654920 296560859 723693529
233828921 913505005 741603841
259920865 599444017 353821091
885429541 206251217 591075851
816176033 364098273 332978653
819961017 465832417 782878101
495887421 709320939 604762711
494792427 625952833 148405381
841368413 598432423 431073209
256924841 148044021 736829521
856603361 978961811 952825057
359955289 684563751 6837001
720370721 198903301 389939551
986547101 46114733 573938951
952813441 232389121 870609079
967212596 469365691 220042473
42079061 254148224 929211907
22229041 178429665 953356129
156788925 802436753 580194657
669880001 784873321 654834481
693439971 576080504 298339906
941101851 956453111 208401057
420993665 185850441 541442453
615820929 636788989 524168001
726618821 199691131 391492661
295014620 995113501 591517281
135009921 440422371 484148513
289114433 332057617 847764951
706179749 462241162 434399277
328595011 162049447 599283481
388816707 915289821 874397825
975655561 412471115 374073871
225612039 805103549 219174144
433697921 386212313 822705563
806681937 431634125 486843485
955818787 232463241 557249333
301974830 241997694 647673593
334654249 880766593 833463581
444905868 193878057 176020929
497845921 492313769 391230326
482808719 217523851 180402401
838567329 43291873 41020601
671920582 523580961 535895681
191231857 268259677 866524081
926797981 643442097 822645661
71473521 123112657 952211533
513338689 229944705 86424901
148478929 848624111 22928077
686650945 191920065 899409489
935448311 626493477 527015626
84642595 568064161 28471001
327691261 58775261 7449369
814337201 892265569 759143859
176852241 311655177 405593025
993313793 355368501 292578827
396084025 683638551 481324201
330469361 653607505 167305186
413369409 42701261 926319701
229096988 160717299 967248609
165022591 816078217 600720449
598268531 304758134 192138369
452448543 890308881 797923841
198924417 834185599 785238010
298116617 871232529 449038901
781539309 170106826 254104321
44801529 190461181 829801111
42786701 971201161 537868012
161146593 694592353 345652837
26637457 306515417 81081281
659161501 246081213 846633421
699196891 636318881 326622673
588973377 847590301 514675701
625349850 813758001 7189893
985586001 311663201 336819905
870100529 355456456 885828301
452324361 363182865 88716801
149769621 367075521 916835821
887272386 778525089 154331401
92075921 952628751 929629203
366136658 89979201 321820751
431198401 227867441 465973847
151141291 922852805 679788641
272201925 419827921 55259376
499029549 240675201 788208827
617244339 77304293 658806817
528595911 286282536 394123489
756929173 41604801 473981905
322720816 794771211 9769641
643743078 275257185 26964513
835079926 69457607 849976971
772817574 499133747 771574577
197031874 444462869 76844556
37818641 860148513 80442017
746143841 853095291 394885801
115027181 216868465 653362661
640381801 568995929 386879265
852653415 514849361 745274901
146929311 237717601 662465989
678051263 728615411 213534681
160218721 878138881 551228723
203538251 82964491 918796841
853660771 757456391 65375117
302720001 483276161 138856457
214695301 108057345 294205717
126429501 791476185 931895041
287138731 569209256 350718751
607230820 675228321 419136931
256583701 589459355 360910001
218357533 4556521 997387481
572284859 896695569 411874821
851688047 345111313 939026465
865343201 691647505 961225001
255150827 966849273 740205361
1401421 625233913 247151545
495751681 253949186 618418653
91784601 233480099 777357881
81816577 305630366 651934017
382246001 75915785 339496031
13375649 232064719 913728171
914421617 765854713 771383345
940081665 169308437 483276361
581318932 77529311 531592233
357102525 632581063 651800401
975845344 923715841 517316099
755209441 346744401 381620631
177188481 218292769 306432993
330444587 963003481 530781558
669088361 656061299 286365457
992254761 523950001 516492337
629702911 543366001 494694305
725708501 1485601 81078601
756251341 812994251 802949421
353389257 214734817 972379697
172429233 830167867 954381641
984080257 606677841 404454103
561098969 962551985 535811617
524334301 548727425 610168138
249143501 188317121 351478381
336209885 819694391 450697233
81216321 423125121 951779751
826362111 998565249 704197121
988536616 540999681 533783765
185614571 641835521 687864290
94908513 995731073 204359681
675826145 991161777 374422481
77217615 315719243 510594787
870216161 499058241 977741825
690325341 695420721 590426401
227997991 836807091 383846689
74740791 311192877 804206321
261598241 831140313 71385071
638740001 477890787 173439471
21380271 502216961 800750977
906892669 426938391 477984841
274690401 169610321 459189313
995306945 944314086 831016021
637738435 40439201 889400306
915015161 277639259 975930193
433730277 58635263 103680001
265574837 807879369 19683761
820422689 706654201 599093801
446734753 995677437 654860942
285482001 386939897 498850861
213172601 541051521 33988965
181653303 880090801 144968353
107225341 325226369 720785751
226497705 232644480 386643331
539479997 388649681 395860481
680115901 275404933 951340237
630583841 260854841 926638089
586488801 6634526 712573353
372346015 827673055 160773993
888690641 474068761 990039669
683363301 446897661 65340373
474996411 884009905 61899481
930173162 673890481 175824926
639733754 160375681 413424041
480944621 959075111 342463601
908723858 471955426 729319137
63653141 892520001 941192137
403748681 968740466 936035201
587909701 535093253 452424253
11715529 905831841 2796601
477349989 888936961 444197661
107937742 583409017 889399201
840971481 664216199 188037769
267781441 971404025 412042241
885518933 809105481 919142717
861288601 635258911 435951473
652934442 359356561 99913909
58975985 575619551 137700887
919870097 819102721 510071057
514961929 570969809 19085601
253546749 529286261 875144049
391474452 575759941 636490631
161258469 573339627 498329286
378137271 791881617 152677833
415214898 810778306 230572201
815317537 661604681 932635501
311263217 545435101 913510001
894907441 11412526 739304815
673806843 135906497 908625729
300424980 996732019 570117249
609210641 603077121 852755919
51491671 773492609 216343489
513694761 777784623 17211107
444167565 971958475 408715697
926757971 436482850 260867937
239203841 31851583 251814401
996829416 63109953 925182161
424831054 823070641 610485151
356867819 832581591 347882849
-1