12267 9155 29777
15443 15738 23535
21123 4578 24482
13115 8344 1016
27553 695 2288
12998 25333 24512
15880 28451 23082
14208 14322 21039
16880 17332 26114
30774 18032 15538
10443 25303 14560
27818 10313 18021
14165 2092 23136
18061 1753 28650
19845 26169 21438
16320 3004 11957
19506 20209 10690
21008 18707 1460
22155 19654 30980
11247 32495 19099
16832 5442 22944
21194 19374 20039
28511 32607 27574
12056 29551 17378
24404 30482 74
1845 3818 21977
3220 5311 19035
1436 11341 10443
13269 23195 29258
7210 19694 27622
1510 29472 23027
14695 16629 21374
3964 29474 27129
9739 15940 17852
24217 26408 28984
20538 16974 27316
12750 9996 1376
5934 26264 2122
22545 23577 25
9533 24087 26533
26583 9505 13904
24459 26033 17705
10930 8505 28531
14788 7297 19759
5800 13599 196
8617 2224 14059
249 26750 21778
2400 5128 31816
28179 3970 9078
10437 6023 18595
4315 27261 14311
11561 12182 20901
16292 18577 1727
3140 6843 13492
28509 23444 24714
23113 25305 30891
13793 6828 3507
11354 5469 18142
31348 7766 29169
1996 26852 8085
26566 7124 9596
29691 28485 3461
29982 24374 18034
18342 26884 30951
1147 10874 12023
3074 2960 1603
12737 1399 19702
7941 7652 13842
4951 7564 7820
27551 18269 4528
26307 9555 25215
27096 23268 26471
1050 957 28242
29190 23747 14961
2409 24425 25564
5535 2997 27969
2917 32276 15970
30037 26133 7038
19188 22892 29609
16244 2617 26221
1917 439 16251
29381 32089 29112
5113 15369 12429
346 26265 18396
26944 3320 17367
19476 13317 9386
6657 25112 22447
31428 32166 2444
23911 7072 4684
15921 24315 21150
27489 9478 3961
24680 31092 5300
12797 26235 22437
32040 29383 11235
3418 29314 22160
8005 6196 24366
13342 14883 21058
8528 27671 10588
2164 5990 21267
24306 21842 24617
-1