12228 11246 12015
21595 23035 9182
16541 6937 22951
21356 10119 488
24031 31516 30894
1549 31197 18
26680 8299 17168
25045 30752 2400
5484 15699 32556
29674 29189 293
7199 1038 11228
14101 26928 1146
22264 1757 956
8041 11705 22066
15416 7879 24682
10753 617 30613
789 11513 25047
9360 3483 32585
8831 5133 8707
13227 25032 11560
3347 7585 14264
12317 13597 21758
15464 30198 27420
4777 437 21351
20992 19102 21817
8950 20549 10037
24186 14942 16330
18855 28000 20278
20449 29646 3309
3790 19874 32556
11816 27994 18054
17711 32602 28754
14641 23731 17277
30744 18574 20681
15858 19676 9505
13495 1650 29373
8345 14656 22855
2352 8101 10021
14268 14758 24073
25323 27858 31081
14577 24031 18996
8903 29573 6232
12653 10611 10685
6460 15705 28200
25975 32453 8153
30095 2503 3205
1995 1635 2190
23208 9018 29395
5710 2682 4561
4392 20540 9257
23446 10151 2199
459 16341 20409
11577 27554 28761
5193 31852 18847
3298 20334 31742
3622 29396 2890
26264 15889 13613
27186 843 14839
20665 23054 7020
11438 28809 5891
674 17166 22177
16720 25917 4344
15601 2678 20681
18327 17031 15772
10979 8422 14594
10033 2636 9331
26186 8147 9788
10594 3710 15984
20473 14772 23086
30123 10919 15050
27851 8321 5474
32548 16219 16940
31626 9583 4977
32071 32606 26815
4701 1588 13005
17945 27808 5307
21128 6964 3491
6387 14172 8832
14248 14182 29119
28776 7168 20592
17321 21972 17278
5864 27813 19443
23341 31234 31783
19767 14654 26228
7712 16289 11844
8920 5584 21566
30372 19282 23259
32754 24646 12402
3232 29044 30865
7516 12230 10394
22167 18726 27159
4823 21900 30593
12434 20738 21373
3228 7099 2648
18494 6213 22070
28869 18597 7250
22932 23135 18933
4671 28013 5171
14749 29720 7343
21061 15651 19609
5429 24786 11867
4757 9628 31448
10204 21396 19794
27097 13748 29120
4847 21211 32347
30978 5321 21683
30694 20328 1986
23427 32125 17610
6245 19842 22799
17837 25138 29947
5444 13671 28981
19353 11188 13188
478 2785 25430
20585 29452 9728
29499 30007 7787
4295 15740 754
2816 30708 13937
27875 11778 20147
19491 21050 11756
21860 25092 23288
23504 32159 13534
23564 22254 20341
15114 1724 3717
13305 21730 10055
5609 18688 24952
14025 32470 8740
2953 17502 11780
6927 25260 31114
24059 7926 5327
15833 17449 2403
23524 15810 3122
1080 29656 22737
7559 1777 11461
15110 24378 23337
28008 9592 28177
19039 14805 10813
30937 22779 4713
24462 14076 12940
16129 20007 11606
11092 23145 7917
13637 31494 12824
19411 31231 5326
19994 22526 24617
16530 13645 21288
2981 22904 16848
11330 30635 21928
6585 5981 21787
31571 8198 2762
8977 26356 29143
6016 13754 18133
17370 8383 8039
28629 13318 14067
12256 12138 25484
6619 32251 32482
27914 9706 12141
31726 2818 12526
29407 19040 652
6639 24645 17204
9799 4186 13163
5325 1429 22111
5328 14466 7176
663 25784 24921
5399 1258 15485
18450 30742 29360
6694 30824 20581
24086 27194 915
9703 15555 25559
15377 22965 8636
27390 24230 15124
20101 27953 19618
26789 24458 27712
15202 20956 6077
11104 32025 27827
3967 12925 18129
29600 19140 7121
6060 16324 31346
24502 9584 4965
27915 4792 29250
26782 29324 18927
28594 6229 14229
6540 21240 28014
23497 25009 32381
30782 18296 23942
9374 13891 1148
10377 1964 25106
7776 11813 31543
32656 19912 14215
2700 30821 29452
2989 26748 23726
9255 21951 3167
7154 20944 17827
8281 19032 18406
7884 9436 17943
3345 10578 28014
20781 26023 14664
23213 29524 32204
16458 30096 14386
32478 7509 20463
7632 5136 7899
20038 18253 8788
27415 16054 18388
14207 17055 24908
6603 29863 20792
17798 5709 30672
237 8467 219
2248 867 987
31566 3408 1383
3391 30224 2172
16585 1698 28812
10589 24685 1832
7651 11485 27295
1213 16865 5865
9639 30298 23087
1750 10909 27523
26570 11005 6783
15637 27827 6057
10625 15166 29161
1332 29860 31949
10644 14700 21898
13228 387 8251
10377 10922 14808
22408 14590 20606
21506 12888 18404
29705 28140 30521
24741 5596 23924
24032 28719 29434
8223 4113 21067
11487 29451 12735
18730 12993 10021
13429 4929 20501
1435 31220 4952
1109 22677 2590
16093 2049 27680
24594 18045 8932
7018 4761 11510
14232 15925 23489
16422 10316 2694
17351 10344 30917
16029 29498 545
20899 10026 28766
13718 18662 21950
19407 257 5040
7040 102 26851
1356 7201 2656
667 32624 3346
31165 19768 14271
29940 999 3212
30354 32592 22676
23169 13048 14472
15853 25265 12284
17933 14320 31792
32550 28371 16147
5548 3140 2050
18986 10169 5737
6639 12170 8550
14903 20810 8559
788 29018 4249
18843 7048 11093
13796 18496 6974
25473 26802 6688
29184 22610 1077
10739 10936 18397
29122 4361 14723
21911 1924 19248
28678 32096 16240
25048 3077 14272
23163 21109 5169
13168 17419 13349
30530 18460 18860
24723 8518 1639
31493 9243 31545
2352 17930 14639
2261 27667 9075
4857 6315 2867
26476 15169 14963
28727 2702 18322
28577 4243 32526
10648 19001 16649
26164 24269 28131
623 14863 17237
10050 2994 16232
3109 3458 13595
21492 11371 25136
10449 27853 10794
9039 31904 22819
9765 936 6392
7471 6911 15713
4409 31081 6048
29393 20781 29179
30939 4499 17366
27253 26189 27609
22379 10690 5768
31747 669 23131
7793 1649 12062
23226 20454 3477
11620 29202 27556
19532 5547 15677
10856 10862 14905
26614 24917 24483
3813 1608 17814
14457 10714 8774
4932 12724 16793
20989 7050 24038
19517 27047 32263
18751 9219 7714
4467 20389 21769
11168 16262 6407
30806 21663 22549
12271 16411 19740
8063 26199 6456
26115 7239 31934
1538 3307 26626
16251 5700 29696
1908 3664 8324
30272 3574 578
8327 3051 4122
9640 24343 25396
10642 29315 18179
28989 6734 2829
2920 3906 16101
24725 815 30741
26678 15497 24023
14794 22095 24533
5492 28595 23182
11371 16888 22671
25861 3363 12722
7422 291 4038
27412 23096 1425
25957 31673 17663
31579 15600 14503
30930 80 11268
21457 18276 10411
6659 27360 7244
9203 24938 29490
18686 10527 7007
10019 19706 28158
18826 22668 28227
11734 21030 19594
13843 844 600
1153 9677 6531
2751 6240 14387
30856 10828 1574
729 28910 31572
6821 3033 27317
5859 22405 10185
7025 596 31373
29674 26535 6942
2590 16546 29563
29937 2816 45
9864 24066 17250
3471 10000 32163
12059 24525 4181
16662 2358 32092
26694 2723 3758
17370 6238 22248
24182 22524 28106
19569 6844 20936
25802 27016 12143
30980 17241 17486
25087 9710 18192
4363 3684 6701
27208 25283 13665
26120 1151 23050
16394 11734 18941
13848 7300 25525
28342 31776 6156
18815 28787 10462
6714 20218 19501
8304 9607 8271
8889 20582 16654
30910 4267 14364
12175 3471 15732
19272 6073 9548
26061 25295 425
12077 25945 12253
19886 28372 901
25908 2127 4154
1972 2756 16271
14314 22681 12156
15727 25453 10979
28001 19381 11781
800 29661 25836
19870 3803 3161
30380 23553 6408
19726 6427 16459
7587 28183 24500
19613 16531 29899
10055 25622 11220
10571 1345 15614
6357 2647 15406
4932 2335 13158
22908 24363 29240
26869 24706 25664
24775 16159 9921
11407 22264 3694
17769 17430 27170
10993 17439 18554
25512 4494 24829
8441 26909 32666
6618 29344 28587
10407 23244 9406
32437 32413 30188
2456 1467 16397
18521 32606 18814
16577 12416 7518
11365 8344 14746
16760 22048 25745
8309 4562 32395
9765 5496 18125
24533 19674 24546
20791 5089 1557
18002 12482 24812
28463 24716 3764
14705 9676 13946
28897 29513 12904
20593 6358 31255
307 7350 25432
227 23839 20033
15373 30469 8503
6336 31096 17477
5170 28127 13611
4160 8776 8135
29751 6414 26948
3300 13288 23841
19163 14572 11951
7280 31036 30493
28000 29909 12776
2502 30877 7604
6852 23304 16018
1758 30060 13022
228 24245 7371
3675 24291 17296
233 31795 20487
9313 5379 8829
8858 5269 25569
20919 21170 5947
15972 18699 19810
9577 14431 4048
29745 29659 26535
2132 29899 15326
6510 8153 18679
2924 29132 16349
29385 24729 10655
25759 18713 5166
24213 31966 26676
22419 10631 30436
6864 18930 28425
7875 20294 26777
7743 12767 27899
24224 20978 19372
7711 30668 2018
4025 24987 15028
25182 13550 31044
28194 10259 22034
2133 3516 30242
11151 30236 29156
22645 4730 26867
11996 15442 1230
28018 28462 28976
26360 7651 19787
11210 20121 24054
28786 16243 9863
32439 28883 425
21525 24252 18165
3052 16788 23203
19029 20433 29209
8636 848 12626
641 17154 21570
7016 15283 1616
15856 17116 6693
26065 17187 2905
28322 15289 12182
17095 31818 30770
17938 9940 14298
29593 6616 26835
3117 12523 5951
9162 18435 9338
32670 30918 6402
21221 23660 17778
14330 23622 11686
10472 10861 18349
22385 19143 15695
8910 4865 6278
7434 18934 26297
27912 11973 27716
27028 22128 3814
8213 21955 28214
22741 7104 11928
30587 7171 26244
32162 14233 8748
5566 27418 15615
27353 27231 13693
2108 40 25246
19579 19289 2255
5098 4880 13164
15199 24867 3313
28778 5830 24841
31529 28477 1048
2293 11268 31254
17807 28615 556
-1