12198 12815 15078
1633 28508 6609
21297 515 5418
11152 11450 91
21389 13671 27772
9346 19211 30799
10203 25953 12732
16788 26690 4804
5129 14474 4619
12464 4788 13436
12959 7415 16921
12005 31198 13065
3763 9698 25281
25101 19169 744
20285 26929 18922
22962 7019 11838
11327 4990 27623
25199 16641 23161
15222 27011 8387
22904 27627 14097
26001 9192 24139
5660 9265 23048
22063 3815 2728
23894 11370 24330
18433 10566 5356
14278 8521 9274
31718 13974 22494
31919 15919 19462
17642 26292 16615
1224 20010 19873
11354 26885 6132
19973 20006 26097
6264 3040 26273
30114 28742 14611
25973 31010 11280
24596 22925 30915
21425 18150 6197
16050 27247 32329
24444 32719 17533
28974 30685 1724
21956 2157 6431
5428 24036 14010
5754 28575 5493
214 5627 18147
16530 22018 22314
29820 19096 19641
19689 15567 20267
6046 3743 3003
13434 18100 25750
24434 15044 10445
29602 21895 9500
24901 19460 3656
24425 1519 24461
23117 17840 22864
8967 26193 28822
29963 24272 22849
11040 30877 29384
6291 30142 4170
4461 9945 14984
26711 13893 20630
5831 24698 23421
6992 23991 5007
13007 10982 14475
1932 26025 4388
1970 6583 8331
15253 26969 31511
28080 29592 2353
20776 8946 9398
7538 20179 26344
23859 13600 22940
4433 15587 15245
3870 27317 17983
21791 16052 3913
17848 31059 11130
30996 17228 28162
10868 30032 12886
2019 28940 2323
21418 21586 10178
2350 32225 4175
5407 26965 16370
4298 29930 1665
4611 30 20383
28819 2174 5339
26141 30522 15718
9672 1439 32278
25580 16168 22509
23582 14909 7485
980 19007 19871
12299 12755 9541
17596 3166 18711
1791 9277 28174
30890 31390 16795
12162 24807 20575
22578 23155 28977
21610 29848 13810
19940 27897 10796
30125 21132 25532
18162 28270 1109
24189 31134 29668
2243 19200 7662
17318 29859 16941
9021 8565 1858
9840 16726 2241
9692 353 28550
5999 11095 25760
20981 5594 24625
20995 4405 16408
11960 28404 20508
13438 26489 1812
13263 11110 10746
8741 12832 23599
17836 12582 6682
13190 10011 5823
2777 16100 9576
3808 19616 29016
17401 14758 16421
9607 15471 19838
22575 241 25816
13452 20835 7286
17958 6478 7259
5656 30433 9852
11769 28674 3608
32307 10747 24778
17053 11347 7119
30963 2674 6182
12712 16822 20094
14658 11729 14593
1668 5040 578
20161 20822 16205
19057 18269 23878
32369 5994 10114
13534 10191 16930
3366 17361 26524
14344 6599 10288
7156 30174 20980
9185 20601 9415
5647 16974 7485
3489 6225 1626
27874 22164 29710
13465 28159 16107
19003 3520 13254
19747 1837 3418
18916 9026 13731
189 16297 28011
775 2621 28265
7854 22769 25759
32546 28708 12269
31441 29534 22076
32638 10200 13659
24656 28515 13065
29546 13948 11800
23676 19093 10671
4256 3518 1156
2562 24450 710
27810 14153 29970
32554 123 8168
4337 25491 32616
8681 1239 14191
7535 587 7824
31461 23909 28316
29509 21774 22101
15562 28669 29282
26662 23862 21347
10096 9079 13066
29898 11219 26830
18125 31854 353
754 1844 28925
23461 16533 3131
15958 7056 20790
4213 6544 13163
26950 5280 26174
1808 29066 24957
241 7258 17856
23519 4863 12250
18053 24321 21379
459 17014 4380
22949 28488 31382
26169 25628 11197
17904 17732 14833
11932 6269 867
2181 10577 28999
10630 25301 6519
29647 14398 17917
19276 12460 24018
18171 24674 24950
21136 19894 11928
7138 20321 319
2889 16430 21152
18774 22211 9920
10028 2352 23547
20746 25020 30583
22655 8624 18547
14227 16555 24557
22709 6184 5152
2611 24376 6879
22130 15377 22110
10602 33 11098
32450 7106 31691
132 26128 29619
927 3662 20507
29083 29461 11429
13865 26223 24796
15049 20625 26366
5396 3244 24201
17530 12222 18331
8249 28212 4977
29215 14100 8359
26702 15142 24679
1464 19254 15454
15922 10812 32058
15330 8760 27835
10066 12568 3922
18803 1618 4313
25864 10144 4891
9427 26978 3067
31502 29228 9468
21633 31943 29544
17753 24949 32007
10637 31097 20392
26609 18565 31918
10232 12922 707
17323 10263 4123
14378 32734 2190
12488 3114 27904
25601 6950 10028
7402 9140 30457
10032 13738 5454
23515 948 21974
3549 30772 26840
4896 15899 9318
19905 18219 7152
13896 19003 7837
1335 10454 28578
7798 32709 27687
10498 5024 15015
29087 26237 8390
13484 18533 6125
24170 11300 24087
15051 16690 15334
14269 32592 14979
18840 14076 18649
18257 10538 16269
3472 24886 6564
20717 22857 1473
32546 26709 30634
18448 32284 16108
2447 8353 23531
14396 2476 28517
18569 5346 1141
25622 30105 15754
1850 16587 7847
14875 2711 10954
26288 10543 23563
32157 12005 19398
19175 21608 19116
31035 7274 15737
13544 3959 2858
19489 10874 13156
21941 31938 19976
30116 8313 7978
14588 12164 12001
15135 7632 11307
14273 9019 24458
29208 22772 10747
17026 16587 28228
11538 6763 5825
20361 27395 6545
21414 14869 22254
9568 19143 26960
24234 21542 22982
8864 22293 30746
22417 14476 680
23452 28564 18720
26191 4798 15662
15251 24695 1540
15202 16679 13928
6760 23760 23889
3029 6817 24547
14618 30897 17829
13131 17861 12613
9837 32430 29362
29824 6392 9114
31362 13454 8338
19135 2940 11692
29526 20827 20271
24378 24306 10997
5465 6929 27306
2894 9736 7960
23200 27797 32511
27922 30802 17882
91 21690 17508
1477 19575 25618
30112 9608 24332
12792 26939 26642
8093 14074 26713
6533 29458 10347
26324 25323 4259
2486 7993 1573
7671 26611 12308
5667 22157 29624
7790 32603 16988
27954 24979 29811
16310 5748 23577
4929 25714 8206
26141 22006 31306
17378 19664 9366
6786 563 27443
6828 11467 13567
16414 21819 19814
28047 9607 23799
24204 20556 3329
181 18702 25300
25987 13345 12345
77 3691 18095
7420 26618 31682
1748 25677 6667
28610 9589 19656
30394 28053 28064
14233 21395 18784
9338 20637 31507
31104 9592 2500
19061 3348 3794
26042 25033 27579
4661 21958 6726
17055 15801 12018
14049 17074 20754
31340 799 5175
29450 9516 21543
9093 23343 21207
8219 11015 17352
22499 8104 7816
14350 7933 11740
23469 4761 32167
23096 17347 16409
15398 24839 8891
6726 21659 32238
1907 28442 11632
19651 28984 2109
21237 11426 30344
18113 29771 22846
18716 9999 10114
11894 15142 16673
14590 18985 10711
6386 2591 74
28964 21299 17185
21815 19658 8768
23616 29254 19087
32594 16928 18593
12747 1014 6509
22101 1064 30654
26046 16805 31654
26166 6080 16036
10722 20761 18064
29443 7319 21189
6248 19495 11109
17645 7806 31614
21201 16270 10281
3348 16526 1060
20806 19553 29947
10525 20442 27494
7660 6542 17657
8184 3757 15653
5350 11099 31044
23647 2683 18
19703 5370 18891
31222 24078 29358
22023 23686 15066
24 11934 2942
20982 25591 18344
12715 19917 24218
24965 18941 18780
15257 961 16094
16954 3012 7995
5058 27605 15193
7047 19711 18430
22650 21392 2528
10408 7645 17794
1268 32492 5574
31207 28332 6993
26930 26128 22053
17227 12117 19894
5187 16385 20807
26593 27903 19027
22011 19209 23298
30748 10864 25723
14706 3764 14891
32511 16396 24250
27620 7352 1395
3344 22144 10315
31687 27942 16959
16708 7034 20604
18999 10165 12383
28514 12801 2847
32004 20227 17330
16534 10306 18593
18956 9249 10514
5666 31478 10592
9378 1996 26154
24433 29353 18253
15406 27667 15351
19454 389 16908
26448 25704 550
5833 18554 30984
6445 23365 17813
27727 8401 15404
26283 15341 7830
27967 904 18255
32707 17402 972
24422 31255 25972
25918 939 25784
2952 31843 28768
7532 9522 9040
25112 19979 22075
19132 12921 9781
6681 8537 12865
23872 3601 17765
25735 4212 9886
13435 32580 20859
21526 28080 21777
30995 23179 31195
3122 4614 24815
20020 18132 28764
31612 15649 8339
18639 13651 26956
9535 23679 23908
28409 9440 3303
6797 14231 2295
27664 2822 11156
3847 7428 29436
13942 3156 6278
15996 20776 7915
10752 23187 1681
28642 14525 10676
9835 27361 12632
5977 6739 3810
9077 3821 4380
15412 26542 23018
29801 9158 25041
10559 23675 15266
13128 19956 30279
23736 29144 25872
4044 28125 13967
31419 16035 16403
6391 26784 21720
11 27280 29589
6136 24808 18045
27774 28267 25670
18814 22638 30468
25467 1566 25616
16087 15900 2350
9798 2379 20932
625 30223 24176
7952 26009 22446
21394 16366 6002
17673 16910 4888
31582 21839 24676
16603 29953 2013
29070 32029 12861
13923 32400 10910
20833 29250 20049
17278 14237 20793
4009 11008 11194
27969 27067 19597
2311 7093 26245
11260 7831 8118
27573 19216 3753
23502 13758 2114
17000 18131 2348
23233 17877 10255
3636 4024 8193
24221 2704 27855
31615 14358 28042
23540 13081 6766
25174 1115 5826
1304 23716 29891
31948 11633 21366
17148 29531 14939
7727 17574 9754
25384 10221 17723
19500 30139 27929
23888 12902 2025
30525 20247 13755
22565 19221 3113
16887 8541 31976
18562 10417 26143
24344 16077 25722
30464 32505 2531
7259 14398 25567
14222 31615 27300
17531 30866 12588
31662 9831 4590
11512 8430 7167
29535 27449 17070
5235 5926 26045
31191 29210 3851
31931 9490 23305
25250 27658 22828
30693 8909 8337
12479 5365 22146
511 16143 22907
9422 1212 10802
2373 24602 6175
12404 1151 22190
17633 7417 31179
3187 4049 28580
32404 16893 29898
15416 414 27848
3554 1213 19426
1218 15077 4902
922 19210 23810
5680 26008 28152
31427 1421 10459
11869 24643 4418
16484 27148 3995
8270 28486 12185
5533 8844 25341
16224 5829 14810
18432 7625 10348
32379 3226 6859
19007 25274 17909
29359 5104 31184
27512 27671 27435
9736 23634 5950
21964 29217 25431
4737 15439 6644
11532 30751 12423
1623 25597 22845
3219 16448 26455
27181 32271 7982
20402 17391 20871
14020 13871 24312
4657 18359 29123
11059 20955 14315
16082 26950 11554
21977 1280 10518
24549 27444 12100
4493 32249 25292
19006 21915 9246
1458 23754 31354
13618 5021 11989
21303 30629 14988
29295 21870 10029
12717 802 11093
20155 31614 12162
9979 32429 4914
16646 31442 13125
2390 13846 23404
32602 21428 25189
28290 20301 21624
27009 11066 22591
23697 18345 4009
1921 11610 23774
20375 1612 15738
11836 24707 9651
17673 20875 1767
18133 21748 14098
18622 4951 32162
17835 26946 6674
18647 32029 20986
9224 2777 4773
3316 21917 20178
15318 13392 28676
25206 7076 31486
18167 17637 1467
12999 16043 31955
3093 29586 26115
6630 2763 18400
260 25951 9771
666 6025 1533
28428 8716 23607
6942 8542 25649
32692 4904 12549
28721 17428 16679
6376 14632 25748
30136 8260 32297
9611 7973 2631
2947 8349 13521
25562 8514 8498
29143 25534 8953
9510 8942 4314
29887 21955 2960
8915 10616 3308
9819 20702 26198
15002 17591 722
8095 16013 20921
6274 4784 2619
15431 15177 8514
7949 19581 28134
29164 15562 26704
20106 31209 21587
2929 16176 21532
4754 30324 26669
2385 6061 22834
18696 11718 11903
31852 19339 30698
6216 11953 3354
13412 16547 30849
21060 15191 28089
23474 22680 19172
16565 8723 31418
27377 6776 32592
23222 15913 14477
2581 1683 25668
7775 20598 19244
20873 7849 2959
10555 16273 6447
13927 8375 6989
16556 3099 18016
5195 32011 12600
22424 12596 15833
3176 16500 3482
20731 4689 18451
9456 4508 2234
22318 20186 874
1263 3313 20648
11778 10599 5641
10268 19624 26277
31231 29556 9788
17244 21188 6820
8553 28630 8845
7652 26912 10390
15328 11626 13637
11325 28655 28281
2984 18602 30502
4506 3382 17253
18432 7722 9073
8510 20510 5908
8733 4401 17306
23776 12604 32397
30361 28909 4925
3670 29983 32250
7025 3047 19752
18923 26814 2267
16116 29898 14487
13358 18338 10509
26155 11424 14848
8471 27101 21082
22946 9729 27893
23508 11313 27545
17813 12790 29958
28075 28398 22398
3831 12928 20915
24481 6257 5797
28878 14325 9672
1517 20051 18830
28106 17849 7346
13671 9370 13431
4144 12292 30908
8809 25752 16470
26220 10152 27437
26079 21812 7016
13540 27159 13245
4221 11472 24845
1510 31519 14046
7505 6419 25578
9922 6930 21191
19496 9009 9860
19830 10067 18769
16772 14228 3542
9326 3199 10482
3348 19950 13968
25162 14507 18823
14568 11033 24826
29103 24947 16812
4833 2132 28857
4478 17607 16334
20226 9153 21730
20498 7357 32315
15538 27688 8738
25683 7631 11231
25111 11884 3045
15807 21584 11121
14333 30015 2747
16561 24830 2360
17947 15342 11635
5786 15858 2992
21134 15198 8101
20959 11373 23995
2267 1169 11165
29597 294 4385
15325 24147 14053
13697 2084 11911
873 977 16357
25716 31318 17456
16785 83 2124
10450 20062 30486
25799 2130 11079
24409 23364 4682
21331 27286 12198
12834 7963 32408
8663 5157 1414
818 21682 218
23000 14384 7201
657 10987 10126
30338 2364 10171
2024 13648 128
11561 9010 6399
3084 24824 5545
25639 24106 32284
30985 10725 23699
13876 20481 23423
1928 19541 17892
22854 22302 19721
5793 2753 730
1943 13045 16903
26493 11397 29919
28269 32545 13660
30805 25185 8069
31147 27701 12438
29350 5454 28542
25698 23951 1008
20160 6500 18801
5583 13777 13929
758 8639 10690
20368 9171 6258
24337 29613 15005
23798 16416 26860
9437 1663 14310
7351 20326 28519
5349 19161 20710
13683 6236 8163
4796 3928 1469
23246 31753 7038
18017 12771 21258
3075 30075 32472
18597 21507 26699
30268 25153 14871
1684 28181 13787
29723 1871 30663
11350 12341 26017
20791 15891 12050
8715 28977 24002
21363 9185 13063
1400 19177 20221
25979 6657 13276
8628 16607 6263
25810 28425 2171
16915 14574 2337
23343 14916 1463
28663 30554 19198
7708 22609 30202
17237 1716 7923
16660 9290 16202
31762 18774 4069
17816 2827 16123
11908 13651 31317
20975 32370 10600
30644 15667 16827
17030 11440 8580
32319 30428 24390
29495 17414 3876
2781 32616 11731
29920 1404 19539
20476 13795 1337
22786 2424 24852
6645 41 27450
8303 28486 590
10685 13388 27317
31532 19681 13284
31274 18010 4597
14097 9892 5928
13333 19797 16173
18378 3766 26142
12302 9144 20095
3656 23103 12628
9307 9956 32545
16077 11980 31032
5231 13892 3458
19462 5234 32046
21292 24082 7797
25338 18830 27102
31609 25331 15315
5816 23338 15719
15141 31478 23825
11273 4476 4993
14858 13716 22195
21648 8697 25777
23521 14262 8633
26139 24806 27423
9557 20993 18500
1559 27259 9388
15665 26315 30509
10849 32746 7508
26810 25225 19529
2033 12013 7695
3738 1172 1924
23818 23211 23457
19939 12188 22818
18418 29450 7705
7955 16414 12741
23660 9170 25851
21282 19639 18694
14689 5928 5434
10495 1841 5574
19830 8010 5526
11274 1682 16258
5259 18836 13053
11880 24990 12873
12629 4406 2547
2124 32392 1841
11659 12842 21305
24958 10182 29012
12389 3382 8487
15571 8006 25533
28248 13367 10359
21839 24686 16080
18010 8667 27245
11041 22199 5141
16399 25234 20389
29383 20929 1381
15278 7271 18927
747 16686 239
28545 504 14588
28137 4518 11668
6220 24777 24784
14835 12756 21376
22784 13736 4654
14158 8515 31509
31614 4568 1148
22054 17492 28794
26469 12863 7636
9694 24529 25714
1300 1486 20788
26102 25541 4934
12900 4820 9238
21710 24737 16612
15317 17158 9172
17144 29399 1411
18452 11351 26779
29145 28782 26733
7466 249 1766
31424 321 11966
28089 31526 20914
30658 21989 8758
16904 26998 24299
31228 14954 30834
25556 1777 11458
4361 6514 32041
17694 5665 25064
21967 31062 16961
31085 22735 15343
7916 24652 28370
22079 1582 9775
20335 11730 25204
31390 24479 30989
8353 9923 21618
10001 2141 21616
28161 32482 28336
18019 24228 14793
30417 26056 12901
7414 21816 18687
19124 22122 18682
6048 16988 8468
16214 28604 19893
29754 21899 12390
27419 16923 11501
19826 30624 2515
17720 4221 31742
16510 20772 27438
17872 21920 14650
16058 8449 22213
16613 15534 17796
30308 460 17641
19781 31241 12639
25831 18016 21427
25776 23622 13714
27259 18053 19074
7404 22135 29611
27140 23247 5086
29069 31835 29972
29037 29445 19401
9355 15881 24433
26113 13479 31141
20490 29743 2935
3430 30577 21561
28120 20229 10123
22340 21482 21366
27023 18811 25024
21703 23645 9995
22620 12106 19730
8818 4826 14838
15833 24570 25579
32267 20228 2688
26501 4597 15963
9594 7385 7027
28851 16441 23686
15608 14787 28267
32524 29266 22068
10723 18307 8329
19447 413 26253
23818 9435 14844
10633 12292 14175
16983 10761 22035
29124 9140 4486
17692 23399 19667
17747 30840 16462
24431 3792 18516
15105 25280 5088
20567 4251 32580
13213 10630 4896
10175 6986 31589
32273 21377 10120
10335 318 11751
26061 6504 28124
24356 18963 27873
14807 21057 27853
3260 19818 7267
25887 28640 20204
26957 4942 2767
24813 4389 28534
13190 1665 15227
12411 31909 8668
13191 24385 19407
16671 20914 10784
12116 11634 7769
3218 14093 28755
4557 7983 21640
17197 5534 9180
1637 7469 11033
8767 21248 21329
23311 10358 22097
32450 21208 1032
26384 7523 21144
1819 5916 8362
20673 11752 4893
24239 30425 14445
9576 6530 23422
3169 24612 4290
7591 29549 12971
20843 17708 2457
28211 14320 3209
28677 32174 22666
30687 6105 21743
16847 23867 14718
23309 19846 16923
19471 21516 29626
12846 4362 3514
21517 29532 2124
21464 26959 15110
24636 28538 6991
18575 13894 13745
8945 2331 15243
26982 29825 10390
4566 29833 9287
13305 29906 15468
31068 12488 891
5481 8892 19935
15827 6603 17051
4463 2774 26604
17405 10308 23215
2970 11905 14921
14636 5823 27773
26701 25712 11585
14160 22279 15336
2088 7668 27480
7040 13311 22995
7121 30486 3708
26076 31605 18990
18275 3029 25024
12264 26791 23539
21480 14128 10706
17064 4962 18229
4776 12476 30120
10268 12551 2463
26938 1013 26130
19454 19426 29678
3727 10388 30269
28102 2700 31555
8311 9605 26697
23139 1110 14187
13906 12378 24698
11814 16620 4972
16611 14664 16050
20437 12467 10231
12416 22549 14645
31718 30864 3980
21023 10373 27875
9030 10004 21109
26851 25880 22125
9023 8774 23788
3385 1349 17717
1113 9346 23545
7086 24695 9171
3148 17447 28145
19702 26986 15220
4955 5378 22948
15850 3526 11926
18349 17349 2962
2399 13322 7367
27012 27360 31428
28450 17944 1138
8544 7576 24345
10889 16656 22753
28014 4410 24875
24653 29495 12794
21979 13738 12313
16041 30486 18536
12245 17871 17359
23547 10016 27685
17773 11649 4783
-1