12146 4680 24163
9836 27315 9318
4266 14583 3377
11217 13816 32154
27615 11073 378
26849 16107 30907
13680 10007 26692
31237 15829 23643
858 1373 24130
10998 8741 14954
30480 29675 23400
26483 9661 1488
3639 20175 17552
11741 32439 24733
3456 24387 12325
15541 25683 25790
8217 4318 3075
20590 18188 10049
19301 7651 536
14621 17676 14967
18944 22973 1644
26592 23408 3495
4667 11525 13446
25111 27165 18705
2960 6315 23423
23750 8984 15200
5059 15893 7966
11453 16286 10731
16292 2126 14783
18509 9328 26452
3250 13991 32269
23995 19459 3169
20499 17228 2214
3508 10408 7460
25750 188 28999
15205 2493 22734
15552 24363 2068
11275 13952 31938
24331 10037 5907
28182 13867 29634
16871 10602 2298
17455 28755 20557
18975 31383 3543
10954 16838 7556
10662 25312 11078
3845 8545 5170
22017 14849 26918
1022 19852 10698
5321 5459 19729
16373 1633 19839
497 31850 26119
31943 25005 2999
18138 24412 5894
4010 7495 19082
19043 22046 27271
14897 18804 29205
16744 21113 21013
27399 2129 10690
1141 30330 7296
28378 16503 28627
14999 16243 29272
620 20567 17108
4755 14822 7083
23758 23809 27841
15080 3314 837
13609 4691 19969
24167 27667 10980
2468 25535 23177
28233 29789 24853
5442 25646 26046
17414 13942 21692
217 28841 27120
29791 16631 27507
32613 31949 16013
23128 30468 22340
16491 8499 15438
15378 27959 7528
808 27483 12570
17608 31535 25367
11193 11189 19787
13914 14951 13958
6023 27096 29336
31277 23328 31144
8345 4118 4315
27720 7807 24915
22428 5858 5982
11511 28981 30413
2747 19903 380
17495 9283 760
17312 8898 15293
16540 10685 4492
4413 19135 6829
756 6554 8233
16930 15289 28451
30789 9969 24613
14990 22586 31665
21066 10289 855
23941 17804 15733
19124 30006 11103
8839 22 11909
23890 13392 4116
31167 10317 29352
1912 19345 7446
7878 2024 20254
18970 7675 28614
32335 17003 29857
14676 5226 5637
27982 21788 3815
8021 16461 911
12415 18940 20302
29164 14981 14032
18780 7779 20601
24867 19216 18299
14811 10569 20228
27313 30269 26708
651 5729 22428
28962 21151 4842
5872 8858 17691
9998 5890 28466
29227 31639 18814
32180 12800 25152
27209 18243 21192
978 1300 22169
27357 14734 31026
3218 6972 5579
28582 3566 22074
24544 30593 15954
32370 1860 15467
27793 29186 20980
2943 5162 22007
18965 6748 22546
13829 11995 17528
6835 19580 27817
12984 22324 1655
24698 8510 8187
6230 27263 14211
26224 13935 5129
9893 28676 17921
19626 514 7283
6761 663 1541
24901 4761 6737
16704 7835 10949
2437 21435 12584
22111 6448 14476
25982 13894 4870
19880 12427 32571
24085 3577 20835
9364 20134 12721
16448 6964 11620
10461 3782 18618
14784 9277 7564
29433 11155 8275
19161 17321 30725
9914 32427 13403
23983 14777 14334
30387 31740 7704
32586 11473 31189
30514 25166 1552
32637 26956 23820
5107 1977 13861
21525 27484 19509
1998 1030 26111
20771 23996 2643
6167 21541 20508
27459 20055 8813
7526 14652 10276
6690 13877 16705
8705 23302 15190
24761 9291 27223
8735 26738 27174
19955 29442 12517
21687 25279 22114
17340 32404 29256
25508 16017 9080
19371 26250 21241
12348 25523 3772
1985 3842 16450
15784 8055 948
13042 26252 18476
11437 9979 13521
30841 31669 1624
27803 7616 15155
31269 14750 32692
29598 2636 24627
32028 17717 24672
1195 1492 2544
12745 31971 30228
21430 5410 24600
14068 6864 18143
18685 18480 12446
8499 32267 5929
19080 19249 29721
18221 14648 25393
24364 20216 8198
10357 17808 3963
16564 26636 18728
18396 12124 12535
6914 2749 678
5003 19758 6337
21566 28694 30417
17484 9606 6341
24181 17035 31880
19141 7843 3509
19758 17065 30900
15504 693 28684
18916 29494 15711
3191 22184 20761
6248 6533 24642
69 3132 2628
14482 18917 16615
7135 18479 21513
25805 8570 15030
27814 23451 18270
17762 1502 22909
4438 15325 18306
16018 6232 26454
22998 18077 19304
21460 19860 24829
14266 1994 17715
17631 7191 23019
17256 5554 19329
22847 17134 11227
8986 31607 31619
21930 5954 1406
30771 9357 7168
25168 25304 6788
27811 23567 10466
19413 30377 27476
23892 18689 27615
4291 31759 25846
16330 27874 29267
11142 5190 2603
4227 7192 22893
3423 18728 31902
9402 16414 24889
22727 878 10677
30106 373 19507
10807 31202 8305
13312 19407 5217
13406 10812 15956
31586 2283 16422
12574 14253 32589
8052 32536 28752
15085 21562 24855
9119 1629 28174
6762 29050 1169
15466 21427 23246
588 10834 6133
6750 31704 32054
10221 31428 11002
31513 6054 19890
12581 15347 27208
26750 12782 10836
8240 18910 29120
30539 27462 19696
19665 1414 32139
3453 6740 4026
9714 24958 20465
3654 12145 3039
31090 8211 13911
3204 22719 31422
26592 12682 16908
9721 24583 19919
2129 1582 6555
14516 3578 31334
9365 31521 19936
4458 5801 19914
28793 6695 27163
19633 16715 4951
16084 1004 6311
15966 12725 14761
3475 22898 15915
6511 1032 17663
24068 9383 27486
6218 23425 3162
16644 26964 2476
22588 11124 19457
22251 32490 16742
19577 28118 21360
20804 26831 22598
27662 15583 19937
22702 26172 15712
23423 28079 11243
9089 13263 13286
7694 26621 23023
6665 18521 8260
9181 6962 584
11124 916 29562
8548 11141 27512
714 8386 7875
20980 20974 25036
11650 6242 28139
27203 13 22827
3475 17285 12511
24879 13654 24332
12054 22631 19803
9272 9508 24008
24016 2894 14280
6763 25982 27072
12605 4076 32416
21423 27825 9744
17909 13998 5624
15274 14356 4553
4482 16063 30976
28358 8330 4072
14844 170 5521
13560 12704 2943
11531 7903 23085
31061 24152 1742
27166 16519 14581
9884 15103 32575
8692 20585 4738
28732 1449 10625
464 7379 20903
3202 20253 28724
19179 22210 7551
4079 5206 9451
18176 7607 31073
17128 7410 18021
20748 21253 642
16960 3351 28753
5520 10875 18805
20551 22974 18431
28670 10158 6599
16235 17508 22206
29459 15961 27752
8324 16264 3556
18509 29064 20898
11879 12173 31148
14022 24710 26060
7511 29651 16243
23562 467 28667
20586 4636 14580
465 11134 11357
20475 21154 8600
4513 17849 3081
957 9578 11256
958 28559 29279
30742 22959 17687
22777 18163 15442
10689 5760 6158
18233 15528 14390
17386 12263 24596
20178 12727 13538
15425 30255 4142
777 24419 1350
5565 1320 7910
31322 3044 20938
7674 30578 10719
11086 7503 25356
645 17981 30749
272 2416 18907
29288 6147 29534
16124 15490 30333
30167 24857 20433
27869 10768 1443
2258 3899 5904
3479 8798 21406
10001 5459 30253
24687 3113 22184
9880 7982 22569
28976 5539 26468
19398 3298 19770
21977 8438 2787
15547 9222 21661
14495 28597 5069
13161 14617 8688
17256 11770 6271
21677 32160 14407
15874 18734 23103
14397 12261 1145
17095 18345 24019
16474 12132 19799
25973 28071 12320
12667 1348 11207
5718 12625 12700
22901 21097 5633
18 8898 22965
21189 23816 12377
10438 20045 16255
23559 13768 23395
20268 3707 26431
9419 12493 10826
25337 4205 27837
10294 18752 23990
9158 18607 12372
827 1591 32410
29720 3999 16695
30546 11787 4535
22105 25580 27002
19437 4465 26560
26612 14050 4261
20516 2559 5976
4807 31099 12297
11086 32738 1391
10145 12908 24594
18042 30951 21922
13465 1195 10305
12813 26416 32679
16464 2842 17307
20974 14371 26605
12160 6495 2474
8196 5241 2303
3181 6935 12392
18422 26749 18499
16395 16858 13739
4200 14288 19504
6905 18384 32490
17712 590 25361
24740 4041 13422
29492 10229 4325
28968 11542 6485
4590 22482 15
16080 11409 13298
32722 14937 9154
574 9620 4704
19968 16839 11377
11431 29914 25969
3339 27473 19890
31142 23668 8252
28609 21067 4686
19088 27483 21747
31280 21144 26228
13139 21580 14289
25188 10743 26959
25921 3815 5939
5513 8202 20072
32347 3918 17471
20351 19254 27804
17398 24504 27057
11261 7327 23446
1489 17583 13972
24535 2027 515
25329 8186 8471
11779 27557 1535
31714 20311 27081
32622 25923 32362
22065 7066 465
5576 2113 24359
25394 16843 5890
28874 4567 13174
20597 848 24294
31393 15144 8418
4728 19286 22022
15239 18949 12924
2675 9962 6940
32178 1177 24414
20056 23166 26108
16927 18063 28839
1621 6874 26700
31711 13981 10864
5504 10405 14952
2808 4468 14442
27508 5379 24834
12531 15234 10787
31493 6910 2148
2222 23822 5160
30296 3263 22617
14350 17556 638
11007 9395 20514
28065 14700 7714
14574 27187 31764
5460 23838 2708
30050 5715 7841
22210 17393 24992
9995 20694 9471
13522 7584 8914
31519 1665 942
22937 11565 14690
11041 20799 29063
2739 31569 13955
22906 16346 30750
16794 12539 22345
16191 3631 1688
16548 28631 13479
28590 24614 12361
2217 23771 24897
17998 8414 4790
7300 30021 3061
6846 5314 5834
22251 16529 20337
8585 18569 28511
3152 4692 30254
925 8269 27508
5582 25854 30629
15933 12603 31903
845 29414 7843
23425 5521 17047
25178 9533 29179
6082 24026 4851
5238 18615 28681
8836 29619 24691
27322 17921 17100
27065 373 10083
30247 28773 5499
21628 3998 11516
773 26413 30172
3719 21453 32218
23306 5794 31439
6171 30380 15312
32081 11188 5829
17937 11553 1480
19522 22967 22558
19529 13973 9333
4345 13235 12961
24761 30013 15610
28886 9019 5261
4032 13981 9942
23853 17612 20214
2712 12741 13496
28255 13845 3169
7913 3577 22528
21179 15557 486
13052 16317 5407
20213 11439 1602
9206 897 21272
4381 10848 6038
19491 1116 15041
6230 25467 25550
21824 8859 10912
706 10364 28894
24377 8466 19066
88 2987 22880
32227 4454 5610
17568 22380 1842
12432 30422 22421
27280 25132 14625
19606 5158 5852
9465 4246 16848
28702 1205 30751
6979 18147 7504
1231 27120 5093
17772 12368 2091
12859 28055 25482
19340 12330 32206
28182 28309 8767
11327 4598 15766
11418 12627 30596
2766 13965 31980
7593 11731 31846
20716 6735 4660
29576 25846 16153
6492 13505 30584
30289 21433 24791
28649 27682 21790
13156 30287 22535
10342 14308 9221
31363 9819 21773
12731 8979 13270
8799 18110 21089
11047 15355 19834
19642 29878 2232
28989 12482 4843
9844 10557 26214
9548 28840 29917
31251 9957 21823
11564 14373 27629
27561 4014 7331
8870 555 26208
27433 23429 5497
28918 805 23699
26246 29543 17478
17427 8859 3499
5938 15973 20903
16579 28280 21290
32470 17659 21445
3497 20324 5484
21850 1138 31668
21700 26557 1088
24220 28490 4015
25124 3843 7708
26719 14560 14255
12219 23005 5521
8536 14794 5073
22418 8961 6163
8301 18332 27784
23755 9120 10802
24443 5655 6797
20796 27181 3279
12091 28914 6409
24705 29838 15355
21031 9401 7798
2774 28445 25471
2662 4730 10520
10530 11272 28217
2859 32052 12847
234 24294 27862
30733 28999 18219
2614 5798 17812
32061 1365 10884
25218 25626 16910
8620 29010 26123
3924 9682 28989
20601 25531 30409
30740 8706 17209
18749 26148 32460
12846 32164 4444
16153 22947 17266
11186 19484 16591
31884 26818 16140
16352 29952 9912
30326 4088 17139
7793 5591 7285
25307 24285 9066
31093 25582 6056
14399 9113 14553
30489 30349 27914
182 7994 14921
15290 23608 30265
14327 31981 9001
22030 32193 29175
3607 24414 2758
14919 10314 29599
28852 16036 7673
6782 13209 25015
15037 22141 23542
6602 11333 11489
28438 22479 23884
25803 16797 24484
31944 16805 22628
30101 1380 15551
19332 1315 22833
570 24497 9475
17816 13606 18890
7274 916 16103
20653 19848 2078
11741 16720 10578
14568 26436 26894
4229 22861 12376
2622 17896 17288
21181 32522 21969
16933 24607 32383
5866 7606 22806
14304 10293 12999
15180 14400 4174
9236 15073 20047
25073 31993 11022
24693 2491 22569
23049 26909 10549
24227 25641 3412
8974 13026 16971
402 15528 7252
6004 12503 30935
1806 440 23034
4069 11198 29274
5950 10457 29665
20788 1063 14328
28214 28505 30092
9869 26482 3322
30700 10214 31541
30342 2054 24479
12605 32021 14755
15651 31450 19975
16567 12399 9377
28136 4264 7193
4197 23191 1518
10385 19299 6312
19932 23720 21693
12294 189 8014
10282 23517 8739
1696 24811 29111
31612 6178 2305
17381 1254 24136
26781 800 20549
30524 27096 25456
10898 219 25764
2125 26486 1536
26370 31748 2839
20742 19830 13917
17970 18312 16312
30331 30826 13163
26029 29699 11487
7455 26773 11137
17667 6945 5254
18951 17833 15045
11801 31767 31327
26162 20579 9154
25342 27566 26407
14866 8063 2588
6473 24486 19984
9922 14214 24732
3943 4176 867
12212 9559 29470
25187 7345 24481
25270 20861 18947
19212 7314 11469
9636 22200 26663
8074 26944 25519
14370 20536 26008
29373 28913 7455
7464 25730 30853
31995 29191 32709
29526 22517 27408
12811 21160 27858
21567 15976 6157
5739 15965 20118
29228 1373 8672
6724 5824 16897
10509 6320 32228
2719 25951 28792
25229 25054 29740
6574 11352 24959
22150 26154 9862
9547 96 25636
10308 25162 25329
20226 4656 32310
30302 622 17690
15151 1683 9132
30215 19376 18289
29994 892 25282
29743 2137 12281
5232 32250 16828
26051 6778 3551
25407 26598 20814
24043 4297 5243
307 11665 788
7207 18376 21835
23741 21220 13741
15748 21911 32260
29824 15542 12357
17267 2315 8400
11784 7740 1467
26586 29909 31822
16724 27611 7083
27009 26084 1531
20771 27604 27638
27877 20553 29944
22023 21103 6058
3347 16446 1149
5806 6846 6231
5410 17704 27727
4577 19977 22828
26206 10921 29460
3873 31618 21366
6210 14358 20828
4342 3798 602
14039 10489 11702
12358 20397 12253
30993 12638 6446
2633 27972 20889
11325 14111 28927
29436 24731 30123
12963 1389 13672
7201 29935 12487
8934 12870 3804
25898 14721 9325
8901 17813 12812
8869 20683 8374
21326 49 26744
27648 20669 10040
23971 29951 1673
29886 1171 15592
14044 4307 22887
12917 11361 5898
22196 15855 26115
9005 8049 21388
12279 5679 16
32764 19964 10082
2798 9023 6881
5610 21485 19897
16712 3698 3935
29576 29099 6430
6183 27157 14748
9152 8474 25577
24657 31822 5548
24259 27743 20372
28104 14311 14022
38 30975 23224
12078 27033 25829
15753 13680 25586
696 8369 11352
7007 4163 17373
10666 4133 2050
1451 26466 21210
15495 8564 23104
20692 17180 32616
4484 17633 29098
19169 17399 8248
29658 17137 11818
32688 15225 31037
9730 304 20513
29455 1908 3431
16918 24742 24206
27069 17518 24273
29367 9865 12917
30396 5943 15748
1103 20489 25850
29822 30431 18722
16784 22607 27368
27086 22393 25617
16242 25603 25504
10380 11120 5884
31781 2034 23199
18570 13407 22989
20913 2223 16930
2869 23979 29545
2109 3910 4748
17612 10823 13265
7471 29523 3484
11858 27762 17528
27554 29986 30104
3970 22865 14574
6124 8863 26610
4712 25511 32306
17190 14396 18452
23150 28715 20806
27890 11044 4699
14082 15130 5593
22773 15428 22626
3612 31264 19497
6848 3095 24365
30029 14003 4451
26141 13630 11486
28705 23651 6193
15094 2118 5867
244 21471 28470
19290 11556 25362
13717 3736 18848
24386 16217 7308
11069 28735 25124
19750 32700 11290
15826 23203 2809
12170 845 23820
17508 5518 7593
7936 26805 4692
29037 12212 21468
13658 9774 22072
14135 5843 11875
18940 8 29772
372 21650 550
143 15380 16565
15091 27336 6865
14987 16525 24806
745 1319 12617
4420 3424 10578
14173 28553 18511
395 29916 16589
8831 18252 27624
13053 13622 1423
14115 896 24657
5265 9830 31002
27795 726 5046
13585 10301 3949
1139 8079 12767
6517 27347 29512
25965 10464 7055
11356 8085 29815
19420 24191 19280
2334 11165 13911
28088 30298 28631
10789 9241 9232
24933 7592 18506
13712 17389 32063
12094 7633 10514
5197 13782 18686
1003 8929 4089
32562 4276 30359
3559 25729 25796
2745 19402 14903
15039 29610 32655
17764 20237 6533
22771 32408 24715
1537 10209 28395
10624 18840 15611
24128 25810 15336
14455 14027 13178
7001 15148 16849
30261 20480 11756
8623 28540 21955
4885 11550 16823
4542 5731 4021
7598 5862 20232
21424 13632 7660
26623 14575 18007
13413 8861 32066
21019 26407 26473
31203 21606 27638
22829 14916 3960
3680 7757 28683
16365 25573 21592
26715 19692 2907
25053 26198 18592
31633 6784 1760
21740 9523 26956
4517 16474 27629
30027 23389 28501
15059 29780 7503
26009 14337 8229
26131 999 23422
434 1949 19965
28007 1724 9847
19653 12105 5540
20046 24781 13518
4994 12208 6391
12188 4210 27412
24946 12922 3630
3355 7912 12212
5346 8213 2553
14017 2619 30407
24297 13604 32449
5228 13717 16016
25960 22009 5548
8271 26977 16549
6939 17381 22070
6569 16073 9456
17942 11076 6021
24146 2670 23299
10045 4754 697
30015 2160 13184
21912 20967 4069
27928 16421 13952
13982 14249 28548
6505 24584 21815
6332 10852 20596
15901 17093 17490
26570 16630 30435
11326 29820 22974
19250 16797 12986
1077 31617 980
19429 3460 1123
4347 27205 10531
29828 481 13566
19706 26682 18256
18496 6343 25436
27794 32191 19647
32087 25395 6499
4984 4990 15369
11840 8966 30114
29042 20424 31077
16611 9949 25407
14359 23749 396
9584 25357 20103
32408 14495 1739
22192 27189 20158
2504 3306 23607
17380 11539 28179
24021 15610 60
4242 7341 7864
19570 29415 20233
28880 15081 6278
11617 360 14975
26854 9505 23758
26782 1237 10411
28007 356 1550
16544 22505 6913
23821 16988 26570
12385 16674 20415
8185 16140 26309
1075 17355 31818
28713 29418 27704
25994 19476 23144
32071 12292 30445
12610 4039 23454
21015 28709 9024
27916 1405 15641
11305 4924 8046
23559 21083 15345
26284 2169 29638
23470 4799 7330
16227 27861 24207
10654 31849 27152
10546 25851 20932
18416 6403 3959
8643 12756 29940
14603 19985 3597
10277 1577 30694
3391 9141 23107
4222 18698 4824
2956 19915 13802
5417 1026 22375
27740 29506 29612
16332 3395 394
30752 7623 17801
9551 23881 23082
13577 12309 23399
1474 15533 1325
30295 19336 30675
15753 25109 21275
25846 15822 4223
10094 394 29355
19548 30142 23847
10090 1436 14536
26602 10948 13025
9272 25 13818
27711 25700 773
18977 9024 1594
25909 30653 7212
7031 5568 17554
3207 28443 12539
9143 730 24089
18004 13292 31671
10322 13694 14381
18423 19908 26319
32392 10310 19455
25318 10539 16866
20441 3472 3521
20639 12131 2029
7935 14895 16412
32206 5241 26272
23908 25186 17595
-1