-0.851955 -1.79046
-0.630024 -0.587542
-2.96066 -2.07709
0.896146 2.35078
1.12711 0.592181
3.1699 -0.547014
-2.24677 -0.195441
3.58788 -3.9519
-1.62712 2.87082
3.19236 -3.90796
-2.12787 0.870998
1.52678 -1.40129
2.27534 2.53218
0.00817896 0.52382
-2.90548 -1.81829
-0.934721 2.35151
3.56883 -3.9707
2.29096 0.634663
-1.95746 -2.97214
-3.1384 3.73827
1.7387 2.56197
3.4724 -0.965484
-3.833 1.21354
-2.96432 3.80493
3.42796 -3.14206
-0.600726 0.0887478
2.65401 0.33607
1.32585 -2.25703
-2.15741 -1.04483
-1.00943 1.94842
-3.66918 2.0683
2.24458 1.4218
-2.84127 0.981841
3.89209 1.58196
-3.42625 -2.56026
-0.765038 2.9172
-2.07196 2.93844
-2.86691 -3.19358
1.21281 3.1174
-0.172246 -0.955229
-0.51503 -2.5212
-3.21653 1.31925
-2.56294 -3.31321
-2.20454 -3.1091
-0.647847 -0.308237
-1.3903 0.728416
-2.29609 0.934965
0.311655 -3.65624
-2.35347 1.88128
-0.27015 1.5844
-1