-0.863186 1.47209
2.31098 -2.83541
1.7846 0.501602
-1.74212 -3.64403
0.691061 -2.39399
3.67553 -0.697409
2.08344 -0.750389
-0.26429 0.787255
2.70992 3.89404
-3.06516 3.68578
-1.14566 3.95776
-1.79363 -1.37687
0.362926 -3.26658
-0.823634 0.210578
2.93918 0.506241
-3.19187 2.10688
3.95312 -3.87793
-2.31001 -2.83859
-0.983795 -1.73406
-2.78927 -3.11618
-3.42674 0.686666
0.877102 -3.50853
3.75756 -0.37196
3.02268 3.78539
-3.23655 -0.285775
2.15546 -1.89593
-3.01584 -1.46525
0.197394 1.60735
2.16547 -1.81439
0.865139 1.13419
-2.1767 0.0120853
2.43916 -1.1066
-1.82 -1.19523
0.175909 2.22919
-2.13666 -3.30052
1.6093 -1.28459
-0.377087 -2.96994
-2.00726 -1.16984
-0.68862 -1.61687
-0.867336 0.454726
-2.61861 -2.89303
2.86227 -2.5461
-1.85125 2.52461
-1.59563 -1.41667
2.07025 1.09732
2.87863 2.97409
0.287484 1.79412
-1.80511 2.446
0.687399 2.91208
-0.409558 -3.09934
-1.2736 -3.39891
3.0571 -2.96017
2.27192 3.34227
2.90695 0.663717
-0.292123 -3.374
2.73214 -3.20286
-3.44188 -1.91058
3.0029 -0.106571
1.87323 3.35032
0.556291 0.3661
1.63372 2.7983
-0.773339 1.70061
0.419324 -2.41157
2.86666 -1.60857
0.594378 3.08664
-1.99384 0.959624
0.255745 -3.98047
1.40739 2.29682
-0.798486 -2.4228
3.75414 -0.411512
-1.84027 0.718406
-3.26365 -1.93524
-3.46263 -2.07074
2.77438 -1.16984
-2.06732 1.68596
-1.36882 1.01968
-3.33787 1.86908
-3.83081 -3.46556
2.55708 0.381481
3.49535 3.60692
-2.73043 3.22117
1.74554 -2.56099
-0.648091 -1.74651
-3.23606 0.175665
3.34349 -1.05924
0.91934 -3.55052
2.12983 -1.72869
-3.68822 0.759667
1.8139 1.1442
-1.3759 -1.07706
-1.64739 3.45555
0.858058 1.85858
1.21305 -1.86077
-3.78417 -2.05316
1.288 -3.59032
3.37181 2.21894
0.332896 0.458144
-2.61983 -3.37791
-0.835108 3.85229
-2.51949 -0.384411
-1