-0.879788 2.36543
-1.27799 1.79339
-3.09787 -3.6306
-1.69964 3.36424
-3.96313 -2.87326
-3.56639 -0.923246
0.578265 2.41768
-2.04242 -0.104373
1.21549 -2.57149
3.54906 3.0759
-3.6726 -3.41258
1.22623 2.65987
-2.50606 -3.96435
1.9284 3.74047
-0.294321 -0.00695822
-2.57759 -2.26044
-3.47093 0.261605
2.78878 3.95166
-3.52367 0.123173
-2.26582 -1.39738
0.825343 1.87347
0.984527 -3.32322
3.14353 1.24992
-3.99707 3.75634
2.76705 3.99878
-1.71087 -0.872707
-3.52 3.83325
-1.49528 3.40355
-3.35032 1.03165
-0.323374 -0.0870388
0.0618915 0.927885
2.73092 3.1008
3.71215 -0.460585
-1.39836 3.19968
-0.202521 -0.410291
-2.8298 0.412732
-1.83489 0.168096
-0.717917 1.86541
0.459609 3.28196
-1.9096 2.56954
-1.7741 -3.45116
3.97998 -0.343883
-0.783593 3.28074
3.31761 -2.87814
2.1474 -0.79458
-2.71822 2.34248
-3.8374 3.08274
-0.980621 3.59935
1.24894 -3.54173
-0.618549 1.87518
1.85174 3.81005
3.48582 -1.83685
-2.05048 -3.66723
-3.64061 1.54241
1.82586 -1.38322
3.90918 -0.73281
-3.20212 -2.53584
3.46654 2.12543
-1.85247 0.0965606
2.16718 2.30927
0.504044 1.0043
-2.59786 -2.94577
-0.0684835 -3.3137
1.60295 3.29148
2.9697 -0.471572
-2.40132 0.566057
2.87545 -1.92499
-1.19279 -0.526505
3.32078 -1.05997
0.500137 -3.14182
-2.20917 1.60857
-3.60179 -0.96939
0.937895 1.37907
-1.15519 2.24751
0.135136 -0.303842
-3.19529 -0.290414
3.48778 -2.87448
-2.0539 0.324351
-3.4575 -3.7832
1.04556 0.484024
-0.0452895 -2.49092
-3.02585 -1.88983
0.354869 -0.0740989
-3.48827 -1.78777
2.67135 -3.18772
-0.763085 3.2136
0.153691 2.86056
-2.25214 1.29167
-1.64959 -0.821924
3.46043 1.98553
1.29044 -0.254036
-3.76708 -3.68334
0.115848 -1.48332
0.0716575 2.67745
0.419324 0.403455
3.16208 3.73412
0.53383 -0.589496
-3.52123 -0.404431
-2.97385 3.15378
1.22648 -1.50114
1.64397 -0.978668
-0.64687 2.25849
1.96283 1.22599
-2.60298 -0.267953
1.99115 1.99652
1.90912 1.55266
2.97482 -1.83807
0.703513 1.37516
-3.34397 -3.62548
0.186895 0.889309
-0.764306 0.224006
-2.98386 -0.15247
-1.71282 2.49214
-1.66692 0.359996
0.87637 1.79949
0.828272 -1.29752
-0.868801 2.8901
2.88205 -2.10663
1.51726 3.80883
0.0352794 -1.71697
2.06488 1.21891
-1.96332 -0.588519
3.79955 1.11026
1.71819 2.37886
0.626118 2.14692
-2.04975 -2.01508
1.91546 2.90719
2.92331 1.88177
-3.95508 0.263802
0.00793481 1.99139
1.14103 -1.84613
-1.55608 -0.557756
3.27561 1.99017
-0.893216 0.268929
2.36592 1.9621
1.60222 3.12693
-1.97333 0.479873
-1.06143 0.274789
-0.374157 -0.993561
-1.97089 -2.92795
-3.20701 -0.469619
-3.73022 3.24046
-1.36735 -0.0684835
0.447401 1.14274
-2.11298 -1.51457
2.22382 -3.6726
0.306772 2.75851
-3.54955 3.58763
-0.530168 2.14399
-3.43944 1.78533
-2.69259 3.28977
-2.7131 -1.30558
-1.41838 -0.335582
-1.03922 -0.894192
-0.43495 -1.48332
3.63842 1.4489
3.17502 0.472549
1.30387 0.180548
0.810938 -0.974273
0.402722 -0.812403
1.14396 -0.833399
0.951323 -2.54366
-1.89007 2.40376
-3.52489 0.256966
-1.64373 -2.57613
-0.973052 1.09317
0.391003 -0.355113
-2.4709 3.6682
-2.31489 2.90744
3.69897 -2.88278
1.9787 -1.44279
-0.202521 1.75359
-0.960845 -2.82907
-1.53948 2.58101
1.12418 0.168096
-3.14597 -0.177129
-3.60497 0.567278
3.41136 1.71624
-0.463271 0.130985
-0.605365 -3.17991
3.82788 2.15253
-2.46162 3.0925
-1.08512 -0.868557
-3.98169 -1.02091
-1.45817 2.59322
-2.0014 1.77215
2.47798 -1.70598
-0.991119 2.47993
-3.09665 2.0727
0.398083 -1.53337
-2.50386 3.58739
-0.884182 1.10514
-0.528947 -2.80319
-3.92553 3.69433
-1.17618 -0.768944
-2.66427 2.89596
-2.97336 2.90158
2.37886 2.93381
1.42863 2.10297
1.69402 -0.190802
-2.39302 3.35667
1.95575 2.78292
1.92425 -2.85714
-2.9758 2.37251
2.53536 -0.12537
-0.975494 -1.88641
1.10099 1.76165
-0.247444 3.34104
3.45189 3.81567
0.661763 -3.77123
3.45726 3.24534
-2.32417 -1.64641
0.345592 -1.50652
3.08127 2.01776
-2.26972 1.16251
-1.2548 -0.410047
0.585833 -1.91742
-1.08438 -3.8872
-1.57146 2.77023
-3.15452 2.425
-1.04801 3.52464
-2.50191 2.04706
-3.63817 3.4199
-1.42155 1.08683
2.66744 -0.567278
2.1435 2.40767
2.17328 -0.0355235
-0.958403 -2.6877
-2.57271 0.00061037
0.428358 -0.00573748
-1.13077 -2.83615
2.61177 2.00311
-1.56706 -0.0938749
-0.525773 -0.0250252
3.35301 -0.908597
0.724998 -2.11811
2.42183 -1.78045
2.22748 1.04215
-3.0466 1.54045
2.65816 -0.850246
0.697653 -0.691549
-3.2595 3.56883
-3.04196 1.42961
-0.690085 0.140996
-2.8359 -1.2548
-1.54607 2.76437
-2.85592 -0.789453
3.98315 -3.01999
-0.645894 2.21162
1.47746 -1.16788
1.30802 2.27314
2.16425 2.2375
-1.5385 -2.59322
-1.1298 0.124393
-2.20112 -2.6484
2.30586 -3.4138
2.37324 -1.04752
-0.0762963 3.29978
3.0488 3.93188
3.60814 1.45915
1.6989 -1.70061
-3.55882 -1.52239
-1.89642 0.656148
0.798486 0.70278
-3.19626 2.63399
-1.97943 -0.603168
-1.84466 -3.26926
1.91522 -0.76455
-2.16083 2.78365
0.335093 2.56954
-0.927641 0.332163
3.0864 2.70333
-2.22651 -1.87567
-1.5866 3.43895
0.931059 -3.98828
0.312632 -1.86444
-1.5761 -1.51433
-3.07712 -2.4648
-3.45311 3.10398
-1.75237 -0.397351
1.48747 3.05783
1.44987 -1.36784
-2.99362 -0.869045
-0.0198981 -1.1298
-3.42772 -3.70263
-1.22037 1.90228
-1.80242 -3.78954
1.8139 -2.94333
2.22919 0.834132
-1.81927 -3.92627
0.341197 -1.53899
1.05069 -2.71041
-0.018189 3.37645
-2.31733 0.587298
0.522599 0.407605
0.769921 -1.6386
1.36003 1.61809
3.36058 -0.248909
-1.77776 2.3896
3.61058 -2.61422
-0.0716575 -3.85473
-2.38716 -2.10175
-2.1518 2.96554
2.55318 1.45378
0.319712 -0.658834
0.446181 3.54247
0.265755 0.3202
0.699118 0.290414
-3.73461 -2.70675
-0.246467 -1.46599
-0.670553 2.67061
-3.94555 3.91089
1.62639 0.699606
-1.40178 -3.78344
-0.585345 -0.327769
3.30906 1.27653
-1.57512 0.77456
3.49242 -3.41673
-2.05145 -1.17496
0.618061 -0.0491958
1.87591 -1.84442
1.68035 -1.56731
-3.05905 -1.11954
1.38517 2.75704
2.41719 0.808985
-0.581194 -3.47411
3.51659 -3.75365
3.04123 1.43254
0.742088 -1.06314
1.25895 3.74145
3.44456 0.395398
-3.17331 3.28636
-0.170049 -3.11765
2.32661 2.23237
3.67211 2.26826
-1.42644 2.85495
1.97723 -1.96307
1.60393 -0.417371
-0.146855 -0.31727
-3.51463 2.55855
2.82955 -1.25407
-3.78857 -2.03656
-3.11789 -0.261116
-0.0806909 2.35786
-1.58831 -0.785302
-3.31175 -3.71191
2.42329 -1.77532
-2.8337 -1.59075
-2.83956 -0.58388
-0.726463 1.37077
1.44255 0.023072
-1.7658 -1.27799
-3.04587 3.99536
3.18796 0.0799585
-0.261116 0.518204
2.6274 -0.185675
-0.854884 -3.82421
0.914945 -3.50316
0.475967 0.00109867
-3.87182 -3.63134
3.59081 0.668355
-2.51802 2.0705
1.71233 3.07663
0.579485 -0.110233
0.684225 3.57323
2.74166 2.77438
-1.06607 3.06858
0.663961 2.35957
0.386608 1.28996
-3.34739 -0.737449
0.584124 -0.572161
3.68725 -3.10691
2.25678 2.42183
3.56224 0.0267342
0.596088 0.136845
0.357555 -0.603412
2.48408 -1.31828
3.48582 -0.449355
3.92309 1.11661
2.56807 -0.778222
-2.081 0.800684
0.38905 -2.53194
1.06998 -1.36711
-1.82244 -1.17667
3.10446 3.43113
-0.530656 2.71871
3.62548 2.7026
-1.20768 -1.58562
0.306528 -0.944731
-2.56343 -1.29679
-3.20847 3.4995
-3.45335 -2.37666
-1.45329 0.89053
1.79534 -2.55855
0.91641 2.76119
-2.11591 -1.85028
1.6325 2.79586
-0.876125 -1.27262
2.02484 -1.80535
-1.66033 -0.579241
-2.81198 -3.82177
0.358043 -1.71453
-0.651021 0.88345
2.32002 3.24729
-1.31242 3.89892
3.0715 -3.07321
1.86151 -2.30757
-0.114872 3.48045
-3.5161 3.17893
-1.24406 2.7065
-2.19575 2.67598
-3.47044 0.667379
1.84173 1.50603
1.1044 2.07807
1.22184 -2.51753
-0.0357677 1.70818
-0.0325938 1.54143
-0.709861 -3.94873
-0.508683 0.761376
3.89673 -3.48924
-3.95801 -0.975249
-3.75024 -2.65206
1.85443 2.56954
0.812159 -0.350475
2.25068 -2.31855
3.96435 -3.44212
-3.05246 3.77734
-0.243538 -2.98093
-2.18549 1.12833
3.73876 1.29508
3.33518 0.474746
1.11612 -2.50826
-1.97723 -2.21992
-0.514298 -3.64599
-2.96139 1.37761
0.399304 -2.42598
0.262825 2.75558
-3.99536 0.867336
-3.93115 -1.76605
-2.98288 3.06247
-0.948149 -3.21653
-1.73504 -1.54094
-2.04218 1.23112
0.0667745 3.69897
-1.93133 2.11029
-0.314829 -3.59618
2.28852 3.39988
-0.89053 -3.17112
3.18406 -0.595843
-0.584124 -2.21821
-1.77288 2.02289
3.95508 -3.9436
-3.5078 -2.33711
0.620014 -1.3654
-2.94577 -2.96042
1.44011 0.90054
3.343 1.11954
-2.24555 2.1225
-2.30366 -1.5468
-2.7878 -0.548967
-3.62865 1.14908
0.851955 1.6801
-2.74435 2.73678
-1.49089 -3.97412
-3.46898 1.1735
0.801172 -2.82809
-1.45671 2.23847
1.94061 -0.172979
3.12302 2.56978
3.62816 -3.94946
-1.39079 3.58983
2.27021 -1.40446
0.828761 -0.425428
-2.22187 -0.488662
-1.72576 -0.890042
-1.80511 -2.73067
3.74096 -0.808252
-1.60271 -2.35127
0.660543 3.2136
3.12937 1.63958
0.394177 2.0976
0.612201 -2.38716
-1.27653 1.81536
-3.01682 3.00461
-0.202277 0.547746
1.81268 -3.23411
-0.217414 -1.26212
2.9465 3.82934
2.46431 1.28288
-3.06809 -3.1616
-0.946684 -0.882962
1.26701 -3.60155
0.443983 1.43571
2.72945 3.08567
-1.82293 1.80877
0.0343028 -1.52385
-1.64641 -2.56368
-0.930082 0.44203
-3.24607 0.794336
-1.03995 1.95868
-1