-0.869533 -3.52123
-0.580218 -1.83392
-2.36128 0.832179
0.178838 2.07343
0.441786 1.61394
3.96435 -0.783593
-1.15665 -1.06729
-3.60839 -1.07633
-1.66912 -0.0928983
1.35929 -2.26118
0.558489 -2.27876
0.880764 0.922758
3.84155 -0.865627
-2.44209 0.031373
-0.578509 0.691549
-1.05313 0.824122
0.743797 1.88983
3.06101 -0.251839
3.00119 3.54515
-3.7329 3.25315
-1.80706 -0.385144
2.82296 -3.81884
-1.04776 -1.27799
-2.69918 1.48869
-3.6162 3.63231
-0.841212 1.54167
-2.82687 0.934233
0.695456 -0.756005
1.20719 1.17472
-0.349498 -2.75973
0.961821 -2.30586
3.69311 -2.55147
-0.0936308 -3.58226
-1.94769 -0.829737
3.17185 0.848292
-0.462783 2.02875
1.73431 0.511368
-3.802 -0.0135502
-0.632221 -0.893704
-0.121464 -3.31126
-0.39198 2.60884
2.90719 -3.6118
1.98407 3.57469
2.18085 0.693503
-3.23386 1.90033
1.88934 -2.60005
-0.521867 2.2851
-1.87201 3.64721
2.42524 -3.35618
0.653706 -2.34712
-3.5117 -0.271615
-0.970367 1.2775
-3.56542 2.19575
0.412488 3.66527
-1.00919 -2.61568
-1.77215 -3.78588
-1.06485 2.04169
-1.01114 1.12467
0.453749 3.25364
-1.49675 3.77319
-2.98727 -0.170782
2.72237 -0.831446
0.995514 -1.61248
0.480361 -1.26579
0.356334 -3.60228
-0.625141 -0.33314
3.53954 -3.57836
0.0357677 3.12595
1.91351 3.81079
-3.96191 3.50096
2.97165 -3.89502
2.70284 3.00436
3.54711 0.386364
2.03925 -2.15375
0.295541 2.83273
-0.921781 -1.76531
2.69112 2.72872
-3.15378 -3.54564
1.78948 -0.824122
-2.77145 1.27433
-3.99341 -1.24064
2.97555 -3.06735
3.16257 0.414686
0.0965606 0.951567
0.0399182 -2.25092
-0.102664 -0.973785
-1.28971 3.06735
-0.0933866 3.24802
0.875393 -2.65255
-1.05728 3.89941
-0.528214 2.42329
-2.42793 -2.9194
0.795068 3.61644
-0.791406 2.41572
-3.61449 -0.926176
-0.898831 -2.91818
1.93329 0.0589618
0.465468 0.421522
-3.55467 2.44331
-2.99728 3.38084
-1