-0.887112 2.74825
-0.530412 -3.08029
-1.76165 3.74145
-0.538469 1.79608
-0.243538 2.63594
-3.24143 -1.02017
-0.0665304 -1.93915
-2.80465 1.79925
-1.71087 -3.05661
-0.473525 -0.614154
3.24485 2.57173
0.234748 3.2468
-2.59273 3.73681
3.10788 -0.461074
1.74847 3.20164
-1.17154 -0.703269
-2.081 -0.25013
3.83105 -1.13834
-0.0406507 2.06195
3.67309 2.76803
2.64766 -3.33226
2.17353 1.3278
1.73748 -3.76952
-2.43403 -0.827784
-2.66036 2.40645
-1.08194 2.99435
-0.307505 1.5324
0.0648213 0.744774
-3.42845 3.39427
0.31019 0.532365
-2.40718 1.32023
-2.85861 1.47551
2.65426 -0.145878
0.212775 -3.24168
1.76946 -3.7434
-0.160527 1.14029
-2.45967 -1.91595
3.26341 3.16623
-2.477 3.09568
-0.0706809 2.3332
-0.269173 -0.261605
1.03043 -0.542863
-1.46916 2.46211
-1.434 -3.50438
2.18036 -3.89111
-2.83102 2.07172
1.25211 3.63524
3.94458 2.95065
-0.796289 -0.593158
1.57756 1.72137
-3.66601 2.32807
-2.04486 0.93057
-1.61711 -0.956938
1.55364 1.91888
-2.98093 -0.529923
-0.158086 2.61129
1.47233 2.91061
-2.04901 -1.48967
-3.4492 0.987701
2.85739 3.14231
2.30561 3.6643
2.33467 -3.79418
-1.42033 -1.41472
-0.0814234 -0.322886
1.70208 -1.99652
3.1384 -1.88836
0.569475 3.52757
2.26435 -0.59389
-0.628315 2.95285
-3.18015 0.259651
2.20429 -2.5815
3.11081 0.587298
2.82369 -2.8569
-3.98242 -0.859523
-1.2067 -0.0135502
-1.69231 2.57662
-2.73019 3.09299
-1.2924 -3.76611
-0.320933 -2.13935
-0.00427259 -3.14011
-3.46629 -1.51018
-1.64202 -0.459365
-0.358043 -1.64299
3.26096 3.08518
-1.04532 0.471328
3.08737 -1.88787
-0.693503 0.255745
1.79192 -1.90887
0.294809 2.90719
-0.18128 -2.41621
2.54952 1.58489
-3.46361 1.94159
-0.354381 -1.32145
-0.561663 -3.29539
-1.0961 -3.59935
-2.64254 0.954741
-1.66594 -1.03848
2.94992 0.869778
2.96701 0.568743
1.68914 3.73461
-0.17127 1.50725
0.631245 0.650533
-1.19523 2.54585
-1.80779 -1.7973
2.64547 3.92309
-3.80834 3.32688
-2.63985 -0.839503
3.41307 1.63005
2.25483 -2.04608
-0.0728782 -2.58321
-1.14225 -3.6057
3.43602 3.66601
1.98773 0.76455
-1.12394 2.21039
-3.7893 -0.835353
0.543107 2.37226
0.941069 3.21848
-0.0225837 2.29853
3.42747 -1.89666
-3.13132 -2.74776
-1.11466 3.16184
2.2248 -0.894681
-2.98361 1.33976
3.05588 3.28391
2.16987 3.70312
1.8244 3.41917
2.39399 -0.718406
-0.0880154 -2.05121
-1.37101 0.494278
-1.64983 0.923734
-2.71041 -1.60344
-2.93307 1.26579
-2.51094 -1.987
1.90081 2.72994
0.152959 3.99268
-3.37254 0.819971
-1.72552 -1.15616
1.25553 -3.09397
-0.440809 -0.000122074
-2.16572 1.79632
0.71279 -2.04193
-2.9697 1.01065
-3.38401 -2.24824
2.71798 2.00873
-0.356822 -2.0036
3.83496 -0.378796
0.369518 1.76678
-1.24479 3.93262
-3.07981 -2.45039
-2.57295 -1.1315
0.210089 -3.47191
-1.47429 -0.26429
-1.67766 0.440321
-1.12809 -2.03461
3.28001 2.26777
0.367809 1.30973
3.45628 -1.99701
-0.304331 -2.2602
0.87759 -0.255989
-1.96527 3.30052
-3.33543 -3.63305
0.0426038 -1.83587
-0.133915 -3.97363
-0.648579 -0.859523
2.93161 0.736229
-0.16834 0.888089
-0.923002 -0.725486
-2.13031 2.07978
0.78872 -3.32884
-1.0878 0.769677
-1.28117 -1.4799
1.52556 -0.783593
-3.77783 0.370739
-1.77947 -1.59441
2.78219 -3.55199
-1.70525 -1.47111
1.57854 1.95135
1.93695 1.66375
-1.55461 -0.82168
2.85006 0.906888
-0.529679 1.73089
-3.36058 0.212775
0.482559 3.04636
0.215949 1.1818
3.68358 3.50829
3.46385 1.05509
0.667867 2.38447
2.42622 2.15937
1.08316 -3.15574
3.25584 -2.94284
-1.81683 2.30366
2.17939 1.64983
-1.48088 0.345592
-1.26969 -3.51878
-0.976226 -3.52586
-0.504776 0.499405
-1.26627 -2.05805
-2.37349 1.51604
0.40492 -2.09247
-2.62862 -0.377575
1.26652 0.171026
-3.13547 -0.192022
0.167119 2.73727
-1.56072 2.03095
-3.63915 -1.54265
-0.298959 0.993316
-0.815821 -1.00064
2.62008 3.86767
-0.1283 -3.60521
1.88592 -1.77166
-3.23289 -3.58446
-2.21918 -1.56438
1.16935 -1.97235
2.81808 -1.27824
3.07297 -2.82711
-0.607318 1.23136
0.0472427 1.13102
1.70305 3.26463
-3.49168 3.70556
3.18381 -0.0262459
-3.37156 3.4929
2.70724 -1.23771
2.13862 -0.524552
2.7983 -2.3625
-1.72918 -1.80462
-2.884 3.76635
3.09153 -1.24503
0.451552 -3.51683
3.47411 -2.10395
2.48921 -0.996246
-3.03537 -2.59297
2.58638 3.08884
2.78585 0.108524
-1.18375 -1.08878
-2.76778 0.666402
0.528947 -1.61956
-3.2927 -2.51631
1.67473 0.163457
3.65014 -0.0789819
0.146123 0.664937
-1.39885 1.09268
0.384411 -0.794092
-2.33735 2.49434
-3.49901 -2.34053
-1.40471 -3.29466
1.16544 -1.21378
2.80929 2.42427
-2.49116 3.52464
0.491592 2.0744
-0.707175 3.4846
2.12983 -3.75341
0.59389 0.89346
3.67064 1.21378
0.253548 -3.75463
0.572161 3.77587
2.34516 -0.095584
1.99774 3.68261
1.9035 -0.090701
0.396863 -2.11518
1.1735 -1.76751
-0.269417 -3.13596
1.62224 -0.257454
1.58464 -0.711325
0.967193 2.11933
-3.57543 -0.750633
-3.53001 -1.02945
3.24216 0.323374
-0.252571 -3.59471
-3.16062 -1.28434
0.344615 -0.69277
-1.99188 -2.27119
3.32688 -0.438368
-2.15522 -0.189581
-1.8637 2.48726
-0.539933 -1.57073
-0.0367443 3.71947
0.326792 -3.96997
-3.11521 0.797021
-1.48039 -1.68499
0.0177007 -0.297494
-1.90521 3.10422
-2.06366 -3.39427
0.860256 -1.97674
-3.39085 -0.941069
-0.212775 1.27287
2.09809 2.89743
1.31193 -0.28016
-0.727195 -2.9089
3.77783 2.57222
-0.204474 0.801172
-0.731834 0.879299
-3.38572 -3.11228
-1.91864 3.11203
2.22895 -1.87738
-0.907132 1.06803
-0.0328379 -1.64544
1.26164 -3.64086
1.52922 -3.12375
3.52513 -2.27631
0.0482192 0.246712
0.335582 -0.581439
3.91406 -2.185
0.0865505 2.9382
-3.38499 -0.80166
1.68084 -3.68676
-0.155889 1.96258
-3.51268 1.23698
-2.87912 1.7553
2.94162 -1.7326
-0.820215 1.1442
1.03262 0.361705
0.372204 1.40568
-2.06513 -3.01462
3.33689 -2.4814
-3.97241 -0.948393
-2.81661 0.611225
-1.44328 2.936
2.44331 -3.89135
0.185919 -0.176641
-3.96533 -2.16181
1.68914 0.630024
-2.50508 2.33247
-3.96631 2.75411
1.72723 3.58983
-2.89547 -3.09519
-0.487442 0.535051
2.31758 -3.73925
3.03952 -2.56441
0.374401 2.2038
-2.30317 1.51921
3.40916 0.88345
1.3842 2.04486
-1.22672 0.858058
0.586077 -0.922514
-0.286508 -1.93524
0.463759 2.21601
2.1872 -1.6325
-1.78875 3.52269
3.07321 -0.0675069
-3.07297 -3.09177
-0.98233 1.68255
-2.74728 0.218879
1.17594 -3.92065
-3.97461 0.274789
1.09 -3.51537
1.19742 1.11417
2.96042 1.3466
-3.7307 -0.309702
1.55754 1.46843
-0.507218 -2.72994
-2.97751 -3.39817
-0.91641 -1.21378
-2.19013 -0.378307
-2.29463 -3.60619
-0.978423 2.52437
3.46507 1.47917
-0.621723 2.50874
0.676168 1.37004
-3.91357 -1.6176
1.63738 1.00284
-3.15891 -0.451308
-3.32395 1.78997
-3.77758 -2.18232
-0.291635 -2.05951
3.73144 0.299692
-1.4362 2.48531
-1.28336 1.62444
-0.673727 -0.745506
3.44237 1.73846
-2.05951 1.05802
-2.45503 3.53172
-3.66527 -1.68084
1.1337 0.541398
0.307505 2.41182
1.77776 0.984283
-3.56908 -0.0499283
-3.36204 2.36689
-2.77902 -1.71746
0.98648 2.92404
-0.179815 2.43745
-1.63274 -3.86425
3.44969 -0.227912
3.64965 2.57149
2.87301 0.575823
-1.78143 -2.68697
-0.870266 2.87619
-3.44041 3.20627
0.781152 1.69622
3.48094 0.188849
0.922758 -0.982086
1.22819 0.948881
-0.786279 -1.30338
-2.25996 -0.84048
-1.83001 -1.42106
3.29319 -3.45775
2.97433 -3.92602
-1.21256 -0.990631
2.05048 3.42918
2.92477 -3.86767
-2.34443 0.955229
-2.47603 -1.80853
-0.26429 0.459609
2.23139 1.0502
-3.70263 3.12815
1.86712 1.10953
-2.45332 0.112918
1.66643 2.59127
-0.958403 0.0726341
1.6574 3.39793
1.111 -0.0850856
-2.56636 -2.20038
1.78924 2.99313
-1.43571 -1.79608
-3.48338 1.00528
3.8955 2.24726
-2.14447 -0.152226
-3.00705 3.46971
-3.52904 -2.33052
-3.0239 3.81518
-3.37181 3.38206
3.99023 -1.78875
-0.544572 3.87036
2.57076 1.47575
3.2219 0.158086
-1.85052 -0.198126
-2.11835 -3.22312
1.9494 1.07315
-0.865627 0.586566
3.52025 2.25263
3.249 1.29948
-1.83465 0.104862
3.90503 -2.04144
-3.48949 -0.507218
0.299203 3.61791
3.46019 1.50334
1.768 -3.52416
-2.20356 -2.34761
-1.82611 -2.28657
3.66967 0.416395
-2.68941 -3.71728
-2.77389 0.342906
2.57027 -3.09885
3.63085 -0.0108646
0.129276 -0.502579
-0.27308 -1.06168
-3.10251 2.36055
1.58831 0.144902
2.48506 -2.75753
0.21131 -0.143193
-3.56737 0.665181
-3.40086 -0.633198
-2.03998 1.67718
-0.515763 0.841212
-0.522355 -1.68328
-3.05832 1.47819
1.11466 3.02731
-2.85275 -3.75854
3.51463 -2.72555
-2.48091 3.42528
-3.85766 3.6184
1.507 3.2949
-1.63738 -0.513077
-1.73284 -3.94311
-1.47258 0.904935
0.480117 -2.59249
0.334605 0.423231
-0.440321 1.90716
-2.30073 -0.496719
-2.5002 -3.5642
-0.608295 3.60399
-1.3842 -2.02484
-3.30931 -3.7788
0.422498 -2.03192
3.30222 0.132694
2.90573 3.50829
-3.20652 2.09174
3.43309 1.60491
2.79489 1.22819
-3.44432 -3.2197
-0.786279 -2.59932
1.95184 -3.75976
1.71746 3.75341
3.75732 -3.12351
-0.270638 3.72192
0.541398 0.344859
0.192022 0.74868
1.17008 -1.52776
0.345592 0.945219
-2.18842 3.24387
2.77145 -3.03757
-0.669088 -0.385388
-2.04852 1.31022
-3.67357 -0.598285
3.59471 -2.61763
-2.94235 2.50459
-2.02411 0.435194
-2.48921 3.70165
-3.45555 0.766503
0.858058 3.27708
-2.95529 -2.64937
-1