1295
3312
1640
3641
2510
4714
3435
2456
2591
2126
2133
2459
4854
3981
2511
3811
159
4022
1473
606
936
396
2886
2720
3502
1792
214
4176
2083
40
313
2628
21
1128
3710
1406
595
2837
1475
1961
195
1149
581
4039
2310
2335
154
3862
3309
4585
1627
1104
929
2363
1150
3966
3554
928
347
2317
1083
1163
3498
55
3435
2010
3420
1693
3546
2309
388
1873
2502
2787
4416
4729
3731
4250
1701
58
2239
1273
4112
4141
2383
3941
1571
3651
288
3075
2965
2947
4967
1695
3542
1659
2374
4453
4062
1761
-1