1237
5926
5816
3139
8845
6349
4504
8597
9278
6035
4348
6792
5448
5150
2305
877
6096
9776
1777
8184
8531
7549
2033
5793
8830
4741
483
1408
1031
1947
8051
3257
7651
5771
4894
3492
7518
4221
8314
2622
7635
4299
6840
8941
6774
1758
1752
9403
3093
6488
4985
7509
7863
3502
5873
8584
4872
7985
2814
2469
6997
8836
9027
6730
1211
1374
3493
5478
155
1396
6752
1833
3231
3549
1603
8609
6455
3904
3332
2508
5658
3052
6748
1853
6766
2417
1902
4366
510
5633
1265
6097
1937
5462
7534
6296
4332
3659
8128
8847
1248
6471
8318
3360
1765
5993
200
9849
8858
3900
7748
5713
5407
8371
1319
7760
1569
4622
105
2480
1468
1479
2634
3978
8431
1141
6593
3305
2270
6735
792
3061
623
8729
1711
3203
3431
9795
1888
5309
353
6402
9231
7864
6782
2867
3970
2047
9477
5567
6771
28
6299
833
9188
3610
1074
308
2752
4090
5882
8996
4488
8941
8430
2569
1922
7898
5144
1857
282
5671
6514
2854
4978
8340
1506
2908
5451
5110
9703
3047
1165
205
6391
514
7003
4974
6438
5301
8300
1079
8857
352
8811
9804
8493
1954
2475
7303
5536
6135
1130
218
6596
931
6819
9839
5233
3600
5862
3172
3453
2753
2730
2302
3181
7737
5949
2203
1999
8026
7391
7236
4939
3876
6045
3110
8289
8746
7636
6251
1628
4219
5652
5150
9060
2318
4003
8374
8122
4336
779
2156
5589
2722
7220
5035
6486
6792
4144
6353
7213
5508
1589
6070
9029
9720
5048
6019
75
2715
201
4009
3264
7533
8867
1939
7150
2160
7629
7718
5938
464
6790
467
7422
8888
3359
1550
8961
3472
7955
969
771
5449
4310
9951
532
3991
2930
9849
5318
410
4813
9262
5901
3466
4047
7863
4989
2384
8994
7737
2829
8838
4302
5106
7813
6756
1721
9969
3313
9523
331
959
568
2339
1949
6243
8
1520
600
5620
9159
1836
762
2358
2271
907
8253
1026
8697
8374
1253
1616
2995
5057
1955
5556
954
2505
298
4519
627
5433
2459
942
8168
1345
7193
8394
5295
8650
9990
1279
8732
3791
1965
4168
6264
1927
6808
2558
3619
2308
522
295
691
6215
9416
1007
4138
1876
7271
2731
2043
5967
6557
2463
9913
2756
1265
397
2620
469
5732
1695
4833
3746
5311
557
1828
8440
8825
1638
1532
7029
9222
813
5776
5370
163
2014
2775
8513
7129
9901
4313
9074
3092
3993
5807
3649
8898
9552
8256
3556
4583
3116
254
1517
3994
9031
180
5542
1672
6030
661
2181
2753
3522
6498
9866
3127
8841
1489
8408
7322
4647
1461
6992
9101
933
7844
4558
587
3712
1314
3238
8771
2603
2561
9262
6949
4867
9257
7052
957
1548
6778
3629
8355
3759
5600
228
6611
1464
6897
2669
2719
1671
1449
689
4325
5604
1691
5579
5890
4032
9277
791
1556
255
1874
9822
9416
3870
5943
8307
4424
9805
994
1258
3476
5731
9765
6814
1603
8436
-1