30768
30497
10104
18084
29050
19733
1629
5356
7672
30941
2432
10578
29594
31414
18938
11030
25847
491
25784
774
14574
30190
12086
19769
1421
5543
10633
4864
21041
8460
20899
24858
9455
16626
15315
3623
32563
8482
5259
17759
3495
28848
28518
10628
3927
15496
1897
9237
14354
22602
21642
13509
4627
18776
6766
21804
8929
26669
21623
17595
22387
11248
8958
20725
31640
21576
7645
28124
16534
25971
12337
12970
5905
10898
24926
3778
24623
12871
12115
19174
14842
31106
24079
10922
27398
14488
24675
16937
12627
1686
15866
21494
30836
18132
6808
19286
15089
5325
17055
9900
4843
8749
24791
26164
15870
15148
16750
21236
6252
25883
17982
12784
21367
19260
28751
14238
27406
28119
8861
20377
7852
18314
539
3225
29054
23777
5879
21667
30148
27175
4896
7549
26489
9083
25094
19813
23094
15142
26017
5122
32340
8747
1204
20379
16721
14112
28243
21127
19828
22333
13987
7397
11444
1459
12513
24205
4823
7486
10917
21830
4823
16382
27752
23353
17289
31107
9028
14757
6016
18215
6140
5077
27696
31392
22332
32335
5199
10965
12066
5711
24961
9969
9724
11635
28979
8118
20052
23992
16583
31509
7210
6565
19698
1531
8064
3270
16483
30829
18460
24668
30118
32727
5769
14419
20551
17313
24159
31860
12602
6148
32196
16860
2682
21276
11827
26797
22001
30782
21116
16899
29592
11659
26124
21034
13023
12229
29039
782
2895
14434
10259
23282
18542
2527
4943
2917
11491
5719
28323
27762
20698
29780
6466
14360
16298
5605
16589
6650
6325
30193
10594
26454
14224
12234
14037
4923
10085
13573
6973
13047
26005
5514
20147
9935
14241
3559
13398
15092
6218
20458
4243
21682
32759
14702
13475
32745
3160
28021
852
28865
19273
887
13069
19866
11513
16634
28940
21826
24907
4451
18931
13675
9340
12300
31619
9564
16135
14486
5031
6374
15557
4481
180
8090
8025
25849
30447
17465
4043
7155
20304
108
21363
3961
17285
6325
2073
25666
11066
29862
27482
17542
7832
18257
12621
27664
8715
7167
11879
14997
16201
6949
22684
16452
12176
7059
25543
30878
31534
21487
32076
10120
12871
16482
27388
3231
8915
4241
4409
24779
12262
12751
9306
21015
11828
18832
2385
29120
27092
13345
10634
18571
14660
23447
15895
1372
16814
31494
22027
31237
20585
8691
7203
23132
28099
3083
8108
29072
3326
8469
9376
16829
32152
12581
16147
16829
464
16658
15821
11586
11877
31531
10297
6945
30625
6182
21374
19953
3990
21593
21227
29397
31144
17709
18328
17046
30539
8911
21322
14581
12814
23080
12952
22079
18137
31504
16972
7969
5746
22206
29708
20158
32582
25219
30266
28415
25703
12985
4888
19242
9681
8694
2864
28855
28145
30853
28403
12895
30824
10262
15264
24949
13836
28596
16231
12665
29231
31736
2255
31211
23845
22396
25941
19037
8192
16275
13141
1228
23966
12599
2862
29232
17638
16963
930
1362
6222
6883
5499
16350
20128
9032
25204
28089
12543
14752
25430
10900
6693
1093
16738
26050
15086
13364
24303
22598
2074
19394
21332
8497
13646
15754
24072
31787
24925
30634
5384
17999
22470
12079
21113
17724
2942
32717
9615
25704
12015
13268
19117
23736
3392
18527
28366
31310
2263
462
16931
29859
25372
9335
7677
3285
12672
9625
16878
26178
9151
26769
27691
19797
32609
23633
20789
24736
29831
3341
14009
20523
12260
32311
13748
9996
19978
24750
26586
21304
5095
31027
1081
24473
4239
19228
12058
5217
3132
23372
296
29085
26770
8034
2516
14349
22056
27953
20727
29747
837
32369
7097
16298
10215
23731
30899
11449
4874
18843
22352
4136
7462
30537
11897
7506
9210
9496
30321
2172
29576
29835
31229
9061
16481
2692
17097
10270
5922
20663
9479
9756
25919
27487
11865
17804
32511
14127
31729
21734
18120
25484
15350
21701
22941
31993
24106
30198
25829
31699
14283
15823
2414
11070
7863
17602
28593
31839
16339
17202
29016
6604
13484
24708
31741
20288
7263
30842
4405
6548
15287
19132
1997
29418
26774
18616
29267
12076
17558
30124
20184
31925
2799
3329
25589
23885
30108
25307
28428
11099
32185
13038
2000
32598
31536
20883
23816
2429
26516
29467
11920
13256
18509
32099
10400
8222
1014
6056
1104
22216
9987
27805
4444
14630
23463
21179
3365
3232
6389
20185
27385
12768
19781
9468
29076
23614
2009
27504
20967
23932
26048
21528
6936
22964
17915
8194
12233
30606
2271
28990
8349
24758
24250
28401
4088
9870
27065
28581
775
24352
14089
7651
17409
3670
21309
19204
14764
12141
32240
25668
22562
29351
16555
15896
3797
832
27913
10690
22481
27044
17944
2338
19521
24031
22787
21711
25141
7765
18670
18534
14242
7859
4642
10530
3754
8997
2154
23213
24350
7114
5308
13878
8514
21605
30236
22468
13776
19541
2494
21962
3903
19143
24171
5883
68
810
5925
14943
21402
24035
24846
17831
4351
14658
134
3518
4991
14005
14740
3488
21748
26684
6023
8047
4814
29213
22493
19396
12304
29913
31843
9027
30875
21342
18590
22130
10671
10622
11882
32715
25519
1696
28129
21519
26916
16566
27774
11486
20229
29551
1922
8581
566
32685
26007
8727
17998
7993
2996
18623
4509
24758
14656
21844
27246
8147
20346
1838
10633
19909
18456
18744
17916
7669
32558
25671
3611
27381
21586
11178
29126
26553
26366
22531
16874
28932
29238
1109
2378
4896
2922
349
25216
6098
18589
29478
28478
12429
4551
27864
21722
4326
8568
32464
25098
3400
30911
27382
16876
4585
19018
29515
24649
1532
8398
30402
25370
28457
17578
20561
23883
26938
9415
11335
7872
17943
18114
18400
17814
27124
589
20247
29867
14281
3026
19643
21344
8706
4698
24773
15005
13176
29870
12521
13078
9377
20923
18283
10445
20739
30779
21556
30680
8431
31122
1061
13925
15211
25590
25259
24571
5232
26579
31124
17923
11094
27758
8993
27014
3468
22472
16988
8760
29068
3525
21931
14006
32270
27277
6054
18956
4476
15411
8742
17018
7591
32661
18334
3448
27576
25731
5807
25847
23657
23843
15350
31210
30837
15507
13865
10245
25932
10449
4194
5828
4620
25560
5818
27568
12461
12300
14618
29150
20347
21464
4174
23224
9930
150
14683
31743
28389
8367
31507
12049
21063
20739
27110
13672
20494
2443
32251
18020
8876
-1