31799
19121
19086
19915
11656
15395
2124
30609
15223
21464
21230
24497
13127
17173
19310
17610
13421
22926
14467
29002
17394
6966
5411
8158
28441
26710
26694
1069
322
27612
18926
19397
20750
17398
14692
11093
26820
6368
10436
19486
3571
5627
25019
11684
27737
31006
10128
20393
26628
11312
14945
14427
23223
7415
8112
10957
16527
18219
21534
8612
6118
9423
19061
25107
30840
30913
23532
15113
9668
10127
3495
17576
8374
4748
20350
13306
31874
10531
6143
5855
31443
9324
438
3146
13093
8445
19884
19629
18799
2819
28461
5810
30726
4241
1230
21548
28862
3639
25263
2893
22866
10711
4606
28697
26374
4020
27068
10778
23946
1484
9412
8790
29986
18792
6409
28030
27652
27377
29727
9832
18177
7173
8445
19647
1384
9162
15105
31738
19496
28034
12852
3722
19508
25952
1232
344
26668
6042
12799
11118
23865
17856
18918
7668
29497
26188
16098
16479
30748
17018
23569
31973
2701
9818
1301
4404
30677
22307
8980
22371
12541
17354
25347
6953
6963
9171
10533
20301
16240
30824
24014
14173
7511
9128
30573
22947
9567
2625
26057
19797
7732
29505
17035
14604
31067
6697
27389
5495
23317
10051
26385
2129
22919
566
16805
27536
14103
13016
13829
21728
7193
17475
22194
12623
5035
24107
4450
18762
20445
2159
13383
16584
30998
19693
22676
26565
3251
11163
22078
28402
3824
5332
9471
21675
5132
24047
20129
7721
25768
25622
22137
12537
16753
20821
14898
24748
2558
14322
28620
1233
19195
30717
1251
11040
30600
8999
17205
14840
20956
21208
32351
5900
18222
9339
28391
9817
17109
20509
15999
13659
15534
3382
10632
9856
1726
14790
22998
28893
7704
30628
24243
18463
769
13331
26150
197
23635
19863
7029
1165
27167
19463
20200
27436
2966
24290
19152
2882
23594
5606
31176
6029
11248
2015
16955
7261
22345
23486
15142
29000
16833
26602
7711
29470
30775
23515
6807
6688
15935
10212
28252
16492
2756
5968
26465
11452
14322
20657
12994
13648
27218
12405
7427
3881
29495
12730
10137
7544
12890
22884
6059
21846
15041
22380
25113
2485
16101
21114
6334
13207
2067
4535
15602
2686
32019
30940
6995
291
31752
2704
5318
31338
2967
25840
30904
19094
10059
27759
21674
22713
11064
6368
23788
29807
8927
6353
21160
13260
32594
16155
2851
28051
30873
28343
31808
9129
7763
30931
29254
29129
23456
8485
21218
21624
29247
15488
4464
23612
12532
7589
14454
8457
26925
17499
11377
2556
26596
706
3029
15692
30151
3300
20559
19581
8855
9869
5453
28886
24526
25437
10176
27670
11908
11547
17184
24931
25747
1100
8113
14979
19706
12036
13830
27982
10111
18941
23491
13667
19353
28646
7591
5659
29324
27389
31433
14523
27862
9440
25889
31470
18122
18592
11083
16754
8315
19224
12168
25361
15579
19837
4102
16339
3108
3638
9313
22642
13687
23533
29801
31246
25539
16102
3110
21026
23017
19599
20761
32439
4638
22873
15557
28375
27792
31943
8302
10053
12620
7108
22049
16235
26975
27962
756
10900
21307
11488
20111
8539
30301
28756
13291
16227
6701
21097
20314
10569
9254
26818
19912
20183
8502
14240
24896
7547
32360
6136
24242
14071
13504
17353
26867
89
27750
31916
19717
7470
23304
173
29593
10995
24953
16729
3026
20684
11422
4376
21324
30585
23946
15037
8029
15749
31976
14172
2970
31680
15769
30299
29085
28144
21151
27596
3590
21444
23610
22778
30400
7689
12368
834
18054
31776
530
19749
8613
23984
11485
26011
30723
15512
9822
425
10336
17192
23546
21557
26844
8848
32621
14362
6329
11672
1713
16504
24419
2962
25377
9037
15533
6029
13278
12874
28254
16332
30578
21983
20204
31095
179
16025
4487
7311
13034
16557
32601
15399
18741
3541
6669
20178
11562
16730
18318
15192
8381
29298
27409
7597
16228
16589
3925
22563
6777
3947
1577
17630
29919
25008
8496
7048
25064
3770
26593
24391
19318
16114
28369
26860
9057
26593
13365
24942
17433
14918
9634
16534
17549
13925
13080
9211
17227
23201
4927
4657
27880
8269
7408
32318
16802
15040
23031
8013
24132
19623
14104
28839
19530
1952
30032
28126
7494
27140
16476
24395
21890
3843
3712
19131
27111
17655
11649
23654
21789
24050
8435
23585
2036
28313
13755
724
14595
28470
28364
17453
22415
29448
12084
24726
9646
27102
17756
21349
15787
8164
15243
29011
1709
28604
4525
19248
23700
23248
17491
10453
28452
31719
17658
12377
7269
2039
18320
3464
19017
20794
2356
11664
912
132
29758
25342
23529
30932
17791
1513
24410
6441
5834
25709
4321
20631
29362
5980
15452
14489
21910
3887
8102
10665
16347
27971
12035
32270
15737
32066
30910
30454
1721
25310
27664
30660
7741
20422
1860
2987
4160
21970
12569
27004
14111
10625
16744
27068
10520
26790
32006
8954
13138
14686
2284
8287
1566
21829
6293
26247
30333
21738
23464
14991
30946
20352
28375
24432
14649
8918
21511
15755
29735
30601
13745
10373
30100
21880
31112
14164
24679
23672
26204
25242
9104
30025
24894
23858
16460
3785
1509
23305
17828
15208
7760
14896
9527
17116
15789
16943
17722
31766
634
28059
29629
884
17386
29163
7984
8504
11914
31111
30757
29753
5156
17442
24664
13528
29411
8522
19180
9270
30649
31037
29175
31652
32766
22527
1345
28763
24154
11945
13897
8046
26340
16132
17801
30204
1675
25942
29947
27050
27062
13436
988
5456
30247
6201
6064
3571
7205
29134
13958
1012
17114
25291
13949
1158
21498
14884
18055
28517
10917
14215
29805
29894
27023
6381
21524
12169
31838
9840
11262
12214
18515
12380
19219
2343
20525
13192
27554
14978
20298
6119
18339
107
4112
15706
16959
26871
395
19144
19090
15203
20567
29553
23471
2054
1729
9855
15844
29828
30761
23774
27968
6213
31659
31054
18771
32037
14846
28343
29237
6253
4763
8380
30410
20483
23586
12946
14403
24541
1018
14355
9960
13243
20792
32014
15381
2326
20163
22242
21891
27987
8373
13387
21961
27709
18692
24443
11811
690
8033
9837
13681
10652
96
23926
28803
3364
30682
28701
12179
17442
27280
29740
9491
7127
784
29447
22954
19422
26077
23869
8569
9824
28874
23645
30370
6280
2471
30475
23819
3894
16415
15186
13151
5112
18145
25404
5462
13878
2046
10144
13111
5292
-1