15
26 06 2007
27 09 2012
08 08 1995
02 01 2008
07 04 1999
25 10 2006
26 04 1995
09 02 2006
06 01 2010
05 02 2012
07 01 2014
12 05 2009
22 04 1997
24 08 2005
05 05 2006
10
15 12 2000
13 10 1997
29 06 1998
19 06 1996
03 01 1997
05 11 2000
18 02 1999
12 05 2000
29 11 1995
22 04 1998
10 
11 01 2016
16 01 2016
20 01 2016
02 01 2016
24 01 2016
14 01 2016
11 01 2016
24 01 2016
25 01 2016
25 01 2016
100
03 10 1996
24 04 1997
30 07 1996
12 05 2000
04 09 1999
13 01 1995
13 07 1996
29 08 2000
27 09 1999
20 12 1999
10 11 1995
15 08 1995
10 09 1999
11 09 1996
22 10 1996
30 12 1999
04 09 1997
12 01 1999
26 03 1997
03 08 1998
13 06 1998
29 07 1997
02 07 1999
04 07 1999
27 03 1998
13 07 1996
23 06 1998
26 03 1995
21 10 1999
14 05 1995
06 05 1997
02 03 1998
21 11 2000
24 04 1995
09 06 1996
05 02 1997
09 08 1998
27 05 2000
04 12 1997
12 12 1995
08 05 1995
03 12 1999
25 01 2000
11 09 1995
13 04 1999
13 08 2000
10 05 1996
01 09 2000
23 04 2000
08 01 1995
01 01 1998
23 06 1999
03 07 1998
02 11 1996
31 07 1999
02 06 1998
23 05 2000
26 11 1997
18 08 1999
10 01 2000
28 07 1995
21 01 1999
24 07 1997
25 06 1999
02 04 2000
17 11 1999
13 02 2000
03 08 1999
10 10 1997
08 12 2000
18 07 1999
25 02 1995
04 01 1996
21 09 1997
28 12 1995
28 10 2000
31 03 1998
11 10 1996
23 01 1996
12 01 1999
05 12 1999
24 11 2000
26 12 1997
09 07 2000
24 05 1997
06 08 1998
15 09 2000
28 07 1995
23 11 2000
13 12 1996
11 02 1997
02 10 1996
01 03 2000
24 06 1996
31 07 2000
23 05 1999
02 07 1999
30 03 1996
09 12 1995
28 05 2000
100
15 06 1980
19 07 2008
05 05 1966
15 05 1979
26 03 1978
14 03 1962
26 11 2011
25 08 1963
31 10 1970
19 06 1974
18 05 1970
22 03 1967
12 09 1976
28 06 1978
27 03 1985
24 01 1984
29 06 2012
31 05 1993
17 12 1988
16 01 1962
25 08 1973
28 06 1982
19 02 1973
21 12 1982
28 08 1976
24 03 2010
12 05 1983
20 10 1997
07 05 1993
27 08 1995
12 05 1991
19 06 2004
16 12 2010
11 09 1966
20 07 1972
23 11 1966
11 11 2011
21 09 1999
15 01 1970
26 01 1994
30 01 2011
15 06 1970
04 05 2011
04 05 1973
04 09 2002
24 05 1992
20 01 2009
10 06 1994
01 05 1997
07 02 2011
12 01 1983
03 09 2012
03 02 1984
25 01 1985
26 11 1976
01 08 2010
24 03 1960
28 05 1971
25 02 1991
02 03 1984
25 05 1992
08 04 1981
02 11 1977
03 11 1963
29 11 1982
25 08 1994
08 05 1986
31 01 2014
18 02 1989
08 04 2000
20 05 2015
10 01 2015
06 11 1981
31 07 2002
18 12 2009
23 06 1997
30 04 1999
19 09 1979
23 11 1982
24 04 1983
29 11 1995
21 02 2004
05 07 1978
19 10 1962
09 11 2008
03 10 2002
02 09 1994
09 04 1991
06 01 1998
08 04 2007
13 12 1968
15 09 1969
27 02 2010
26 07 1992
04 12 1988
26 02 1979
05 08 2005
17 11 2007
16 05 1962
30 12 1998
0
