5 94
44 25 1 35 46
8 28
40 24 11 29 1 41 32 43
3 38
45 39 16
3 41
23 2 19
8 79
31 15 13 29 46 32 33 28
10 63
11 41 15 11 1 24 43 16 7 37
3 10
1 43 21
9 33
16 36 38 15 3 19 9 27 25
2 15
35 26
4 90
5 21 46 18
8 5
16 19 36 3 45 44 21 45
4 73
46 36 13 44
3 9
43 33 3
7 92
24 46 36 17 38 45 17
7 79
19 16 15 13 30 6 37
5 51
30 47 3 33 13
5 11
12 5 38 18 29
3 71
14 4 21
6 12
39 47 23 28 13 37
5 78
22 43 9 12 2
10 39
45 24 50 46 15 21 18 2 15 31
10 14
42 36 41 16 8 9 16 20 38 34
10 40
12 33 48 32 47 49 27 48 38 28
10 12
25 15 22 7 10 33 34 15 2 17
10 84
27 13 26 8 35 2 12 17 17 39
10 100
45 10 9 9 48 44 49 35 5 22
10 70
25 26 38 27 6 41 27 22 41 48
10 34
2 9 27 2 19 33 22 6 48 6
10 65
39 12 13 13 38 22 46 18 31 23
10 15
19 31 20 39 15 37 16 50 7 7
2 18
50 50
6 93
50 50 50 50 50 50
2 96
50 50
10 79
39 13 39 50 7 34 18 1 8 25
10 83
12 47 5 48 20 11 34 2 5 26
10 26
50 37 21 22 11 5 26 14 36 28
10 1
49 49 49 50 49 49 50 49 49 49
5 1
50 50 49 50 50
3 1
49 50 50
10 100
49 48 50 48 48 50 50 48 48 50
10 100
50 49 49 50 49 50 48 48 49 50
10 100
50 48 49 49 49 50 49 49 48 48
2 69
2 1
2 84
3 2
5 45
1 2 1 1 3
5 32
3 2 2 3 3
5 64
1 1 1 2 2
4 67
2 2 1 2
5 14
1 1 1 2 2
1 95
1
-1
