6 96
17 45 40 18 19 19
2 48
38 42
9 76
41 12 3 50 40 44 43 48 35
5 72
3 42 20 19 5
3 86
28 17 49
5 12
38 31 41 10 43
6 96
50 21 28 38 25 1
8 48
25 16 12 36 3 19 50 2
3 76
6 12 20
6 48
19 15 30 7 48 44
4 76
35 12 34 8
8 48
24 19 26 19 7 33 5 30
5 48
38 18 34 21 9
2 96
38 42
4 76
5 30 43 11
5 72
47 19 44 39 29
3 72
50 21 19
5 36
46 38 29 17 33
5 48
19 45 45 36 18
3 48
31 39 19
2 96
19 29
5 76
44 14 13 2 6
5 96
45 33 38 18 24
2 96
19 1
8 76
35 21 12 42 3 22 38 17
8 72
9 38 6 9 41 4 39 32
2 96
19 5
2 72
19 11
3 12
20 38 31
9 72
43 22 48 27 14 19 11 22 31
6 60
10 17 36 14 38 48
4 76
6 12 34 27
4 92
2 41 41 3
5 96
46 39 32 5 38
8 76
15 4 18 34 15 50 16 11
4 92
19 41 24 3
6 84
21 39 13 38 49 3
4 60
11 38 25 15
3 76
13 30 36
4 72
24 38 14 14
9 96
46 22 2 11 27 23 38 26 45
6 36
28 12 38 35 31 19
2 76
30 49
5 76
18 34 9 9 25
5 36
30 10 18 38 39
2 76
26 12
10 96
11 17 11 4 50 16 32 11 47 38
6 60
39 16 20 6 44 38
8 72
21 24 18 2 22 19 30 42
6 48
32 12 44 26 38 6
-1
