1 3 5 9
4 3 2 1
1 1 1 1
1 5 23 8
7 3 4 5
1 1 1 1
1 2 3 4
1 1 2 4
1 2 3 5
1 2 5 10
1 3 6 12
1 3 7 14
1 6 15 32
1 7 18 38
1 8 21 45
1 18 49 106
1 21 58 126
1 25 69 150
1 58 163 356
1 69 194 424
1 82 231 505
1 194 549 1202
1 231 654 1432
1 275 779 1706
1 654 1855 4064
1 779 2210 4842
1 928 2633 5769
1 2210 6273 13746
1 2633 7474 16378
1 3137 8905 19514
1 7474 21219 46500
1 8905 25282 55404
1 10610 30123 66013
1 25282 71781 157306
1 30123 85526 187428
1 35891 101903 223318
1 85526 242831 532160
1 101903 289330 634062
1 121416 344733 755477
1 289330 821489 1800282
1 344733 978794 2145014
1 410745 1166221 2555758
1 978794 2779075 6090308
1 1166221 3311234 7256528
1 1389538 3945295 8646065
1 3311234 9401541 20603362
1 3945295 11201822 24548656
1 4700771 13346835 29249426
1 11201822 31805183 69700672
1 13346835 37895490 83047506
1 15902592 45152017 98950097
1 37895490 107596161 235795682
1 45152017 128199522 280947698
1 53798081 152748177 334745778
1 128199522 363995203 797691076
1 152748177 433695874 950439252
1 181997602 516743379 1132436853
1 728374635 276 12837162
17 19 23 101
1 2633 7474 16378
1 13346835 37895490 83047506
330771112 393755724 63849513 138531737
940268955 675250714 72339899 395191637
244044866 697152742 287011104 467360565
289999734 802629990 863247669 709892545
328851734 205636091 187170518 396697514
979869841 440786454 614499189 338646407
934005010 445836823 351037673 689501580
232453761 402203793 468328452 884276195
805172886 95114677 698894350 656114943
351450096 637059995 36324501 820479172
147725159 939930262 533148527 100467186
923258644 997970868 755146355 226862623
261488513 62607325 119615550 291233905
928758691 834276252 151847562 554909414
632629499 781999471 446710354 324719197
917573414 370694131 865133014 2338866
290285544 654311602 263815946 571159207
110390772 633925113 550297264 718138924
52239280 83302955 50448483 749907441
874527207 435027140 197063489 310631473
847345167 344642646 113387219 963374960
60985724 156933808 218627190 255643200
715366587 304673476 892188902 552848698
75754978 303315310 485449089 818289969
128383968 122599450 521921176 532591854
389430188 270734375 161846422 428907051
181836929 336874474 333882954 587356075
654968715 825756691 818698147 365776995
969580075 975142702 851591178 554577878
282432231 144440134 222221404 722681726
947192049 226545572 375415426 897920358
144242770 809063093 647368879 831323093
511782067 592901129 294861366 860912247
485328390 388252849 350256218 71209567
489783491 26838508 516555503 973080705
369046670 339373847 775183903 361717482
676742785 95040062 451190185 822173863
442706398 44027575 700115168 659154067
610843321 802172821 627879206 539567720
805017175 429499190 618821190 699223375
307099191 827382893 468839210 7175748
708025083 300044193 11027966 989459356
152561420 361664704 143241553 287652797
923956655 296455884 122966308 780185372
118430900 478954506 537525285 356432963
733405973 591410558 966862753 679810810
579662036 617886400 171173260 689641641
34927430 450176771 329007537 183984688
259492065 345913692 358491093 575831226
992165230 325342288 621737342 929276764
18717749 764102995 145339304 147598539
196151521 969175557 117381805 302995996
744470976 967330348 857160311 132923985
170703190 935085267 903208388 282644206
54329535 385439065 928572184 513614677
281267091 533951423 496389568 53589027
24342894 312745440 283939165 899631280
94389492 793463587 199104329 731394904
752483938 147146614 966596392 188361779
748127141 18324010 936375231 695155854
678332188 655021940 961860149 424797958
378431342 703416079 220174988 972179835
816118679 725190780 665594815 306687011
917994857 328602996 849138618 249657255
447477296 126423901 397555927 47757383
258587766 32379441 100307035 451744936
582448116 603997763 601211650 662231522
948734290 557966268 685392923 619164864
266463535 83691641 650730836 222894120
738781502 891126147 339198895 348495906
406067594 729548327 345401745 117106054
400434137 715040946 451303417 243121223
636867375 888921291 904898646 707284330
480736621 397644368 915758388 943815946
758121087 281449393 694360339 429003281
419322557 933502648 547175179 236196149
555716788 308789431 948925215 930360440
908816440 824306092 318354530 955881980
991737953 107438901 926657331 952236270
925889843 212365249 504898618 225554327
676562387 260486817 674158799 774683262
667625977 924025245 703244529 368980419
734914425 123283601 453775635 351212086
577798006 635748973 187958268 295086376
958986960 154144341 508669502 231066458
517724458 127948521 292630864 166887703
959262870 494433695 196294219 634037728
654312523 593216574 162901047 457673076
564253376 215471150 967529510 898825964
678093457 96400557 297578173 188173626
209133809 116689685 83728972 809598319
214145208 199292001 130994356 660149286
249450630 668579241 421287770 289574287
400501305 521261623 50246683 783447868
524697420 130851851 110455745 400833386
733261233 368413676 528967788 800548494
423538177 450577097 934077127 678216227
634582672 113395541 885884524 131759298
126604054 405521745 475966970 845744478
17374316 316674902 723232654 177697915
3 484818 521 772268100
1 383216 61 438401979
10 399062 923 451254027
3 750088 412 134001913
4 910313 530 244631929
6 137826 74 988802909
2 606043 857 108101416
2 266471 584 75011841
9 420092 293 968547779
2 477471 663 240909617
4 774302 174 889434439
7 47543 220 329632939
4 43415 380 819765315
10 65212 86 620014048
1 188155 444 949044247
8 45726 644 143076144
10 811813 249 689634104
6 58285 32 415945521
4 655854 757 248789350
3 679944 185 825769874
8 457424 684 879166482
3 369009 415 865189077
5 735983 688 960618975
9 417293 954 109344496
2 716327 957 412558463
4 138624 318 616529450
9 109048 506 482989410
7 520566 413 930956838
7 510849 80 791382504
6 130542 734 304850060
9 836532 387 108262798
5 870811 610 94541609
9 85689 39 538028942
5 93659 69 330097898
4 642746 46 254005858
6 611326 713 569346174
3 243841 162 16924290
5 529988 612 478999017
6 568783 191 754415697
7 246189 825 20288991
8 208882 440 945045436
6 888752 523 966151105
4 406864 173 806856865
6 326134 398 496572698
7 389631 30 653081526
2 291802 523 134459654
6 636635 564 543530122
5 579061 468 63078893
1 712234 63 704740523
10 895243 317 549559769
2 153042 144 863859793
3 519148 159 94520468
4 714068 330 108810567
2 285837 80 327558054
1 731055 711 528951209
1 532562 506 145436594
6 216341 132 213460975
4 767436 497 139476306
8 533764 388 586980906
9 657843 715 912006622
7 999967 782 597438102
7 274983 38 71784464
8 380059 784 84588031
1 179310 365 397598572
5 791757 832 715003146
8 373765 214 915595943
1 108993 853 680746431
4 937968 840 656232747
4 434373 293 116495863
4 967832 988 615766865
8 78506 236 418829724
7 126022 427 856250513
10 98721 821 271232387
7 815906 372 141500861
6 106278 543 673564526
3 535007 792 119860182
5 660943 444 76237233
3 246019 722 188863549
1 905327 199 116339434
8 77543 879 791532958
5 801336 190 64955298
1 340513 836 792966257
4 784137 982 474329790
7 37351 463 728525311
4 3004 1 223240327
1 642071 119 117878942
10 840577 438 481187390
10 841487 287 495047114
1 916816 647 207273059
9 135291 306 181745522
7 66559 161 677177427
2 807050 386 583423273
6 175797 474 525924028
9 579110 615 653539446
4 329219 435 478543129
6 57539 613 725104744
8 521841 29 357121203
10 545220 421 40836353
2 703965 337 443214687
1 943313 587 655299714
873119776 3 185 446
118132825 2 678 584514
648389194 5 48 942409
847304033 8 312 488444
589425066 5 35 983029
176826997 2 788 307167
860700805 9 800 320185
386579442 9 38 68985
525936028 8 673 628813
647850572 2 883 451772
919118184 10 640 885419
662057811 7 435 666364
295295327 6 985 503505
104621936 10 256 332079
991187246 7 788 157757
927468774 6 262 642539
726300670 2 409 152431
475242771 2 971 176042
708360113 6 908 825641
895451566 10 430 766344
357808163 8 832 264306
586055176 9 761 610627
238612075 10 214 338062
127457869 7 864 401274
111866393 6 333 861575
965145794 10 129 778479
94573175 9 184 165735
174335238 10 835 532996
578970058 6 917 471739
9774418 1 337 876545
19242763 2 561 327611
668324855 4 892 251394
935402994 4 834 117612
223184615 9 238 209
455595177 10 768 446254
518846532 4 740 789097
164587119 8 528 890018
859868957 6 124 788722
624070194 9 345 983811
645055315 6 899 340108
457257174 9 651 230439
532810201 7 117 197328
404448622 2 889 317564
384493812 8 461 252244
27648385 4 511 510028
382028923 6 55 133861
124428102 9 459 418299
160956951 7 485 957707
409911638 1 517 943044
109063 5 722 892034
636144226 9 875 275726
489548438 5 981 376802
995581198 3 204 829652
532627867 6 835 672458
613464384 1 590 50376
909685401 10 180 566954
57481960 2 260 915501
591419837 8 306 815975
978583362 7 334 167383
815967521 9 986 177815
538506770 8 550 274798
983658500 6 898 749058
431254759 4 207 106794
381881876 2 394 666210
613241758 2 944 821606
206246091 3 75 196110
427289600 7 603 369466
202907949 1 843 752175
570410740 10 251 938489
210170249 2 610 306357
700180914 2 649 857848
276891986 5 520 483378
466315329 4 109 31822
103682526 9 442 304815
995637300 7 206 357757
846105791 8 978 293732
815503368 8 543 818353
506471138 3 485 643858
579948351 1 282 521280
975067823 5 477 838200
490627191 9 526 52516
47073610 5 364 825113
378457766 7 898 967290
26493390 5 383 13433
539404895 3 400 209277
657303186 8 884 971488
426050829 9 796 412047
627599462 1 70 464277
929018421 9 357 142705
77041108 6 478 698403
177317663 10 142 206049
194365306 5 119 984777
896141601 4 811 373706
206884093 10 511 271938
937134884 1 362 274470
83303918 4 335 96933
860198478 7 1000 275521
662976076 10 854 266574
576371334 10 411 441612
471002293 6 520 847029
519 556950 486716128 1
935 585683 849723954 8
85 811257 49903151 4
139 62945 923447961 4
365 229120 245254035 10
684 55205 275205060 1
158 943072 662544520 2
91 819746 412011297 7
138 789029 94123260 6
761 265713 259918038 1
259 865706 875107504 5
993 990182 311071966 9
34 346864 47014461 6
317 295321 282772356 2
747 318453 680093108 2
58 625657 730890665 6
371 417839 105603283 8
693 3987 169975550 1
187 925518 763496780 4
720 298636 817039429 2
555 706172 990326533 6
645 700515 909174164 1
199 21406 404401234 5
865 562994 395076753 6
949 383953 90010685 8
354 887212 242771638 5
469 893231 741734078 9
121 689886 967647118 4
863 623178 98149635 5
177 486895 151281398 1
488 933549 630773673 3
869 554529 799228984 4
680 999360 534976627 9
800 274179 549212741 5
522 107658 392267504 7
519 853373 91737640 10
246 753275 287312471 4
176 74094 153265547 2
328 357882 780169981 8
578 477519 390708031 1
607 776415 191117057 7
986 726313 645508223 7
794 699762 29998563 1
829 655090 299490720 9
34 680334 483016746 1
938 714856 528906285 9
499 610119 723202723 1
182 331097 846102970 7
886 504509 709263315 10
531 976107 523793063 2
852 618177 493888644 2
724 769835 731341237 10
411 831021 547003392 8
125 769424 360972361 9
935 430311 153094228 10
837 956924 243685544 6
921 479324 54197902 10
831 446012 449356857 9
859 257415 851672319 3
956 148997 613799878 2
730 752489 828674426 7
258 425719 134649274 10
338 624912 386824594 1
704 761051 811204707 3
877 453778 467429087 9
991 105254 70820401 2
716 475792 149860153 10
330 37430 590598896 5
694 701371 196635443 2
593 623266 593819015 7
103 296769 220421233 4
987 172943 392983680 5
706 662698 474000673 5
942 852659 338352418 4
225 711894 624811713 5
488 578151 548866379 5
64 93736 383619052 7
975 109543 664681367 5
836 58632 419720368 2
705 620733 122740909 7
106 929195 6151141 6
603 636833 600956158 1
902 15887 158648809 6
983 431861 775228177 4
722 834562 529466863 4
443 996960 540902413 4
384 999334 597747497 5
258 411914 681812995 7
443 945076 274436548 5
46 384429 115799051 2
895 839990 525522836 3
592 90229 441851271 6
37 346314 885656923 10
870 37440 714755429 8
374 762272 896151553 10
620 521567 376007003 10
357 621495 369577435 1
348 305107 266592043 10
856 321443 919206886 8
440 159120 111873502 3
578452645 229949577 890 7060421
582148364 997554876 434 8804017
290514343 559025569 713 5156731
883930519 447533582 875 568735
567372659 560727375 504 9745056
839128915 581760177 253 869594
381152017 22591902 690 1113097
939778442 809930398 78 3423235
561869744 827751458 106 8032727
832312562 687079790 53 8185646
471199845 305218424 709 3919490
893735056 275569641 884 5532652
259741652 431673920 189 9189018
175039350 201000726 745 4666334
984950091 993695204 135 3614208
696636100 18545660 905 1550799
567123349 153694478 284 1041125
242288715 263259737 334 4459148
312362775 713970004 840 1475648
349209893 322734878 442 7299559
825229763 928005257 813 5749058
91123061 361545926 972 627229
925959717 617691824 966 2172466
585132151 569711281 687 7929756
787811899 266816341 726 8461171
236143100 961253362 608 4657461
594515789 397837886 555 1363810
507152683 212144387 294 6137856
38035123 982388842 569 6600760
247348396 707142375 665 6489489
286492915 374313126 770 8632949
564647816 468205068 593 9134569
61184187 331087306 558 5570420
206035616 395229045 340 8379084
761191915 850473170 581 2256308
983994166 294191950 700 8529046
866235879 28977748 686 8236810
668595435 802771608 300 218034
167937031 825135104 485 4938035
606784588 210786863 625 2087248
424324009 281587630 736 5714340
76672410 832264633 208 1115004
681242366 648362660 21 3603151
528366343 259490024 899 8795867
98474827 118797006 784 6185053
14643447 479299255 469 8526059
634027810 361923589 570 5081842
809481791 544956074 585 5211336
497468077 761191243 818 3576429
163842665 493411344 326 3948771
149908451 180769803 184 3657639
502904302 312781634 749 6340555
137556176 814161755 164 7924017
191959673 542055139 153 9398502
935069649 55384011 408 2249642
941402399 677767477 637 5755220
559817426 617160866 376 4191726
71568489 112060053 709 5023035
844151440 531577390 511 4044077
217650221 102740688 556 4248758
589825679 37795716 645 7378966
723867219 865943756 226 7841360
999440258 636075498 189 5259301
422602365 768575682 136 9239828
66177734 930793438 22 235951
37910632 40910987 623 20875
567757316 161012512 975 1523921
103602554 808645470 681 6255857
863412016 737613043 925 2052087
850279426 795387929 779 8086517
237149638 978098268 290 9300000
514347642 442737570 151 1634957
575141472 415893418 606 6236230
914279003 176077159 897 6766805
20348489 120228970 451 5435125
11021828 36754821 207 3179066
692951522 134690594 5 2649596
803195990 573495103 486 4580448
895681974 654128906 587 9165056
803913239 648290836 823 6088374
834213204 873812277 310 6057482
560319790 269580541 221 4424885
611947474 158782546 837 5190059
441792114 213651744 836 1262184
518606487 554034166 543 1976907
15121358 511214020 476 9060247
891488810 214014785 155 8142787
714674608 682289846 845 7307227
343915554 179644007 206 8375796
520796666 610483609 888 3857354
835589234 404470853 612 6870520
898430144 556514647 797 9037522
612034144 242335139 560 8558946
671179401 968972645 11 2773118
917229249 382056051 207 9566083
36343436 574361857 40 8594096
222856768 788602129 73 4866209
227228916 693683829 956 793573
802416514 143572967 975 8431260
793240659 297550227 902 2468435
944937655 7 552098777 7
122002616 5 767285075 8
905340361 5 103976230 7
701022859 1 12363975 2
472202556 4 650293846 9
27096252 8 594446777 5
467938365 9 776307540 3
830959495 1 693945447 3
910388710 5 623324931 3
892005297 7 751841194 6
859239543 2 731380866 2
763956167 3 421848118 7
154391196 8 344650240 7
72553334 4 3441564 7
56651142 6 752173328 2
318274735 6 314973130 2
775303172 1 990341699 2
218691735 8 384605105 2
762250987 10 672678698 2
119782415 10 126002917 7
856645038 4 415065950 2
214956503 10 635117823 10
876148154 9 648090218 1
964790782 1 377297253 7
779609526 7 303321285 1
782047898 7 200686772 9
367135015 1 822980584 7
452115752 10 861719794 6
569826097 5 230029497 5
903612641 6 73445484 8
82563370 10 91126940 2
652286994 4 541212134 2
378950507 6 681542788 8
63912890 3 671135999 5
965673786 1 931470850 7
326476537 4 469802314 8
380678175 8 429303738 9
232662350 5 100786316 5
840355877 10 958368161 4
429516511 3 749618936 4
935890457 4 374722877 6
537771185 4 210108281 4
499891173 10 520965696 5
712712941 4 522436300 1
119507421 3 684712295 1
404224979 3 242722235 8
936968023 9 538592261 1
897674069 5 884361117 2
297457589 7 380051491 3
982236569 4 301485384 7
728450354 1 742720310 2
623114000 7 708638606 6
935614262 3 216832607 5
978804098 7 41082761 9
154906616 1 93638458 7
630756568 3 650622240 5
453930288 6 135896138 1
288859275 8 352897839 6
717015495 3 230248391 3
208572676 4 87013847 2
253214392 10 909219658 9
358201824 6 704991931 8
785994577 10 452034064 5
135451181 9 154075456 3
34679664 5 646800180 4
387763882 7 215469771 1
719280583 5 197071864 6
232025610 2 930078982 5
737384984 4 528864252 5
626633009 10 745580572 10
156197241 8 231907717 2
671706484 1 133721336 8
875990673 8 396781495 7
762413789 4 671498121 5
590792152 7 90199259 10
886417519 9 851047136 4
986988421 9 877484032 4
959165464 4 242037620 10
617323070 9 450997236 1
661245229 4 568951317 4
212169975 9 213925609 2
942421197 9 442038782 9
174397972 4 541939289 1
481752489 4 234529922 4
245359430 10 613390777 7
590861564 2 907639366 2
361850080 3 355443630 2
352482088 8 6008803 6
134739433 7 284956467 2
546254819 9 816974201 5
600250220 7 611893286 3
103238929 4 643179241 7
597890894 3 865177338 4
387424232 7 80153860 1
823531 2 43350445 3
697269052 4 110595779 3
900217562 9 256821877 1
53995673 2 414229528 6
214301726 1 282868886 9
875381907 9 416411048 10
133167 43 393356 820401278
736017 331 28438 914406245
144961 71 379137 550571883
75214 115 316357 702820344
904034 751 365269 284023616
201515 303 923190 142420300
563043 697 953604 873067014
187788 684 768323 443160192
984694 960 315565 96393437
23644 392 919913 383157472
365998 909 808477 18802959
353066 160 523994 66316931
180515 267 177590 758007631
216932 636 576951 808769931
9326 535 156139 8502524
655644 919 230997 333379425
659688 369 700034 201605980
988486 726 42745 899725307
998190 83 819600 276297443
202679 862 47259 463567640
638111 510 254016 672212647
709319 262 243073 297506139
346801 756 870843 605678703
672629 726 66375 335829445
617132 697 889283 983982860
807795 392 711689 210445442
121094 855 668123 322062809
600632 909 726636 412099384
72652 359 166345 850516568
413172 238 628451 419879375
497443 482 130041 910492778
304721 921 804454 239013554
94091 936 398596 808957073
463859 698 310972 879574287
865627 966 517996 236386357
882874 490 752051 565309202
876361 446 160796 243363291
241597 532 768740 24582189
287329 155 543465 537022831
843983 354 489330 322852691
819723 473 864661 978624123
489339 355 790921 909295416
224263 433 368137 20862061
249033 496 847008 381059633
523130 487 232085 36220920
636778 161 449306 26483327
738673 960 611363 93837013
900254 467 238079 889318633
890857 549 562271 89681912
783011 378 29212 597947227
993317 438 90233 79415210
691368 172 893144 722701711
28400 16 671353 733798326
579606 674 61905 375746017
120496 339 248707 388457751
253151 551 878013 144504572
386164 235 203954 129288252
797183 592 653231 378390049
430454 285 844572 501605189
107903 659 444370 54226785
928731 825 245139 41311811
818350 352 114410 786060254
479087 257 959776 91429755
608104 251 372120 502263310
621034 104 882632 927752611
735569 567 457620 808518135
911151 236 226313 828937252
872024 675 875058 966821748
742154 772 952922 518133590
800246 457 309408 165646957
5999 11 421232 594974406
422126 185 308131 341784866
288256 986 623477 679122290
343245 26 191455 384185441
656389 81 393361 970712587
152168 697 56526 21586891
143090 638 403811 759558961
290146 872 497285 270190611
636070 811 608134 303151546
923621 536 301748 365781310
604968 556 539662 601706732
43494 182 429796 173114083
20458 942 958410 818719422
577379 625 310008 182979691
396104 457 321089 550170138
499046 945 100846 852450130
579911 383 516663 564719901
599424 986 29 853162852
132248 450 673511 884348245
128336 270 479479 341614336
235412 457 356615 675117569
772028 342 464838 96752984
767487 539 984201 176767061
799925 674 968304 495942318
785158 225 639510 569513907
987189 875 404340 230673560
439619 976 471315 339481073
497089 935 36459 416183357
537461 820 89629 245481369
648552 397 976266 256109206
47 336734 974 722375716
15 9858684 957 47727789
28 9453959 368 969169982
49 7698808 91 839417824
93 7683770 118 754008069
27 247525 294 209959299
25 5326175 617 345167323
93 910169 648 555946272
83 2606245 901 23098630
58 8990922 465 70504111
67 7309039 460 355914487
85 3876279 318 43859290
60 4618165 236 484275075
35 7875210 311 154406257
34 2862626 598 601854536
27 1438343 835 8943538
63 7232352 75 502684656
93 3682955 607 190096513
83 6585298 528 253301613
53 5678284 135 362473774
78 4774611 874 78479164
17 3378205 523 774078260
89 5505529 635 608205476
62 9847848 971 182766965
60 4278870 475 839899893
68 1629619 67 127096193
38 1575475 606 513177804
56 8138462 63 621966542
32 6941012 892 808223051
24 6420321 735 385979390
77 3716025 860 532394850
91 864720 452 793193502
48 4735960 559 407558411
28 3237848 9 991632355
19 5925222 795 464647815
71 5440001 138 305580314
21 4933069 620 972122888
63 4320087 605 472898969
16 3534797 912 742305073
43 9510802 607 478243242
60 294717 588 730099604
53 155564 315 102861724
39 2587570 35 283415050
96 1670124 702 299410532
49 365489 634 762812495
59 5020283 415 472879041
54 5044183 725 748814596
76 1868270 645 656912342
60 2354740 610 226332773
61 3419549 904 897868051
23 2887780 360 278279625
24 1837943 218 516506357
20 3742466 893 286996513
31 3335702 922 617584177
52 6020086 527 248752441
79 2716670 695 386080761
17 4567473 206 917488374
20 3675741 250 521544501
15 9755117 174 309709975
91 1030603 8 135071692
63 3054447 314 774650357
46 158345 686 197320666
86 3298759 834 337862853
59 94275 931 565449977
27 2050957 293 992031186
89 5317584 848 397144954
36 1680675 903 899009605
93 2492654 418 402856362
9 1089783 908 923952351
49 4152712 527 691255568
41 6551487 266 917025416
34 5373916 859 981924226
60 6911139 942 827123113
37 8234805 156 724694906
92 4330345 677 136587157
69 7678564 154 221251084
98 8489331 316 71182280
84 7602470 491 499909969
80 2030512 825 43336253
36 345954 338 265161524
23 3198911 688 881840796
17 3561915 387 946083813
88 3161493 861 34439026
7 369486 619 66894114
57 1685444 727 548373883
35 8902896 882 408270195
84 650808 848 309333722
58 6705266 252 427756903
45 8720119 274 236127325
40 1896671 547 455917785
40 7113822 555 26916027
45 8289210 542 578511919
44 7825896 369 424622551
27 1118659 774 598739862
29 7249640 431 349880316
94 4204976 651 18621513
94 6867915 710 251411232
10 7553909 482 210660298
71 4666840 412 116909091
44 9250814 818 402725157
798282856 1 4 974121998
952762036 2 1 338585649
672562155 10 3 564290903
712692143 7 1 426045658
474183502 9 9 418274527
587691346 7 1 694567758
275490327 1 2 889602934
886881902 10 2 765130788
585370997 10 10 145709962
494658001 1 10 869533500
33535627 5 1 240887891
248572804 3 3 405420468
903924659 5 1 57708105
280929443 5 8 587958063
756358718 4 2 841361629
236850118 9 7 4818822
721741912 2 5 421333813
118866849 4 1 204549030
511870856 1 4 724969447
500473495 7 10 585792780
822584190 4 1 572849276
800001295 8 8 693212287
832421405 5 7 778846647
873492744 3 9 305574833
803605991 9 7 516696221
740770128 10 3 64794139
217957318 7 8 426600747
821771712 4 6 799557447
76403282 2 7 840822413
956581499 6 1 722690835
78641418 5 7 770941791
184025901 3 8 725482991
205577623 8 2 789360114
533006925 3 7 430487322
858409742 9 3 560864393
59620957 8 3 686712552
733542700 5 7 608940439
532789031 7 8 643846910
103688601 6 10 184143874
189801727 1 3 205991060
290949416 4 9 885053283
865303557 7 3 482523825
123480851 7 1 689107011
35585889 2 9 144550514
585159744 9 6 327795295
472173191 7 6 36030788
765792384 10 6 311870693
854509171 4 2 94249765
677022668 6 7 636536500
980619499 9 5 734324454
339855241 3 5 371131551
108058050 9 10 559182443
259382723 10 9 34416554
696376848 7 6 983473896
757696626 9 8 932958027
165653372 6 3 168454949
863767225 10 3 600452522
571561844 1 5 558507963
113350180 9 10 821671393
645991537 10 5 842693461
685267943 2 3 934368827
977965878 1 5 340057327
552033315 5 2 435067512
615217679 4 3 819658266
302830882 1 7 830509576
225102356 1 1 25499957
688943256 3 6 31749195
941381221 8 4 28044213
666587874 6 1 749554903
414309229 2 4 863475784
165631882 5 9 181102624
777312315 6 6 998152764
384303231 8 2 37601598
801688372 1 2 234908313
374936379 2 3 109061776
641813440 7 3 966545126
332235928 1 10 263342632
538748099 3 4 270883088
645833631 3 5 378824416
816581476 8 7 805546579
443714572 4 8 765801512
581696476 1 10 15183847
489199429 2 4 387219497
333472691 2 8 675350236
326615563 6 4 812583639
42681684 7 7 28442615
830850006 8 9 915260450
916292923 1 3 67575656
417807784 9 2 113426525
58561322 9 7 38436779
99760831 4 1 51742669
459277052 1 6 703826744
942088815 10 9 17939014
202062541 4 9 982391234
417830320 6 8 573862022
270944634 5 8 120793844
876234476 1 10 233342439
489876339 2 6 648990522
198447279 7 3 367379453
564128540 6 7 747023208
762937268 2 6 8
182663602 7 1 2
142410354 9 7 4
824380789 1 4 8
614136448 4 9 1
602969571 4 9 9
133373787 6 1 5
667664852 5 8 5
111953745 3 5 4
701131266 10 10 4
846231467 2 2 1
697138567 2 3 2
574018061 1 2 5
5030782 7 1 4
494142515 10 9 8
220130112 2 6 9
872516818 10 6 10
477790403 10 10 9
729350736 2 10 5
98802914 4 9 4
147935752 10 2 8
84690054 10 9 9
115841671 1 7 3
301054189 6 9 7
904631241 4 4 1
101259750 6 10 10
256976033 1 5 10
948207395 9 6 7
843084261 6 4 4
374581044 7 6 10
200454105 4 6 7
227373563 8 3 6
829265075 7 3 9
583315499 8 6 6
124418673 10 3 7
690596574 1 3 5
840729629 1 2 6
928878810 3 8 10
603151625 5 9 10
929706960 1 7 6
571508242 10 9 1
778307993 10 1 3
850607327 4 3 9
17171321 6 3 10
872938785 8 8 2
70315358 3 10 6
401706962 4 4 4
39121696 5 3 4
988787832 6 7 7
381249984 10 1 8
214935648 10 1 2
945854634 8 9 7
68389861 4 9 5
834375413 3 4 3
188637608 6 4 3
309542047 8 10 6
867867607 3 6 3
586572243 6 9 9
933184360 1 9 5
18610212 7 5 3
36040540 6 1 7
577008081 1 5 6
832767486 3 7 6
442728705 7 1 4
443662883 2 4 7
838403334 8 8 8
17765482 4 10 4
596116892 9 10 4
878856315 3 8 4
886026407 6 7 9
528882022 9 4 2
649559578 8 3 2
263518615 2 3 4
733082352 10 7 8
388150598 3 10 10
221924044 2 6 6
324630787 5 3 6
18078286 1 3 4
320665673 5 7 5
584786986 8 1 6
270779731 5 9 7
371166984 10 6 3
308203322 1 2 2
109685378 8 6 8
381495081 6 2 6
853688164 9 9 2
768906909 6 7 9
723316204 3 8 10
401931173 8 2 5
52660746 5 7 2
688428833 4 5 7
432521336 4 8 9
586857779 3 2 9
649963622 5 1 3
905010360 10 1 7
842235853 3 5 2
937001519 5 1 4
686850378 9 8 8
582475153 3 7 4
40590015 1 6 6
0 0 0 0
