30808 4407
14328 27851
7035 3743
17291 5610
14033 2498
14065 10384
26269 14443
4373 1799
9934 32344
24590 6941
15816 15597
8702 17275
17511 19242
11578 11058
28481 10715
25515 16279
32044 18446
13684 14417
28417 27594
14036 26032
27807 4862
19790 14657
31538 24760
14344 15519
26805 27287
30578 27275
4277 31363
22567 7743
24152 6299
9496 3328
12191 29039
17639 32243
32232 27760
18065 13361
28599 1701
8528 16157
14261 17823
11200 9462
25849 22190
3648 7080
2183 11861
13467 17384
21526 15356
744 6783
5655 1509
20910 5094
14066 16737
30028 5652
7059 15172
21656 17556
-1