30772 17246
14430 25299
24646 26085
15823 5042
29014 4591
15692 9900
12117 29041
22404 7688
9848 26274
4452 10314
21318 9147
7379 5650
20719 28667
6560 26434
16863 15855
25272 13151
9875 30448
15261 28986
5803 8173
29203 25039
4161 15211
18461 8813
20858 3273
14887 10775
28762 8393
30085 13867
9437 16204
4892 27201
31043 10845
27231 10070
21675 20081
4222 24106
5091 18413
22489 24806
9343 25065
25531 30722
22056 29236
9285 15974
22071 13976
20136 2255
2435 5983
9624 23669
14454 29461
9725 14571
16743 22416
27627 14662
17699 19502
25556 20609
461 4446
7164 9504
20457 31074
18990 20500
30131 15955
22958 735
17589 31077
5486 22776
13720 8044
17028 22641
30267 9887
16092 26071
7682 14748
30762 12122
31857 7085
20259 21293
13817 8778
15085 17712
8977 26591
16596 14285
9609 7119
5182 3103
26651 5048
29409 3418
15428 505
4403 31591
2642 30065
11042 10446
1981 1674
3334 12249
10170 21878
10452 759
31246 15801
2964 23646
27680 25320
18197 20724
8275 31408
9183 2672
20370 30745
12137 27836
26925 31756
31372 10910
25827 12052
7224 3480
31552 26721
19558 29965
14377 17938
11085 20644
7093 6836
2265 6642
15678 21509
16473 4435
-1