30733 19337
29436 31451
31944 11732
11241 7402
27483 12831
17467 9371
8595 27093
18242 29007
15712 1780
15252 22930
15404 19984
23809 19779
9323 27034
13001 25334
28019 610
22029 21654
6542 16731
31876 12111
13902 7838
7023 15018
14113 8626
14031 23290
24101 30475
12501 29432
10046 32464
11674 2218
26981 14562
24336 12681
8771 12825
19769 2530
8190 22225
28310 15229
32083 20133
9443 22397
9189 17786
29185 1927
18644 17856
31028 23078
6034 2036
8334 11886
32498 23401
26283 736
21634 3145
16543 11150
16923 27350
5165 13184
12726 22518
8762 27989
11137 31471
30080 30509
23091 1135
10631 13767
10652 8911
7633 2791
13184 2968
26965 19195
28325 15943
8752 13821
21547 25677
19862 30619
28444 29274
3086 29334
2628 28379
21983 23400
28739 450
23493 26153
29152 12677
24553 2995
9888 29033
6928 10757
7064 25856
531 997
25727 31984
32655 25546
17159 20727
30173 26104
22637 23340
7493 11757
5455 30856
4718 2812
23487 21156
10521 20536
1941 5828
22287 25491
20745 7701
19288 18503
15745 27443
1454 10357
4775 8430
562 8716
32703 22094
19805 23277
28984 27605
5176 8269
17024 17923
1232 5466
16925 4384
4836 13601
15354 29237
29922 11183
32254 18780
27922 19062
2787 26937
13072 7155
28486 26569
4479 23182
27898 27738
3068 20162
28834 7899
8529 22653
1407 7254
32235 10186
15238 5307
12943 26797
13238 30175
17224 26190
18088 18372
8868 26970
31080 7707
27935 21927
13443 17159
30944 19223
29025 32548
3491 19902
20949 8904
22775 14663
22003 13449
29353 915
9250 26879
1408 4772
6002 18379
28714 10682
2095 8663
29303 12731
694 15584
15045 24792
24711 22578
26556 1390
30620 28339
21051 30762
21497 23075
13201 31089
12165 15266
31729 32255
7192 19827
27936 11982
5077 511
19825 8249
25530 5149
18163 1121
9333 27792
18153 23760
13689 209
29050 28508
28242 3856
32170 590
31285 23413
3465 9156
4572 21163
22186 84
1937 13727
11991 3314
22920 12933
20739 2068
15985 3869
28288 5652
24654 18484
24691 31957
14722 19053
3460 17065
18475 10305
22490 13426
2994 28997
10054 5896
161 3755
25534 2011
3764 18700
29710 20698
7474 23397
5322 13203
16765 14175
7047 28571
15336 24275
31306 2096
14026 30349
5953 3357
31697 30288
19633 27358
5016 6683
9520 1541
891 30891
10260 9692
7594 25409
18987 29260
6012 29349
22189 2301
23046 25963
25710 28095
16621 13173
11096 23081
-1