30697 32177
29538 28899
16787 1306
9772 6834
9695 14924
19094 8886
27211 8924
3504 2128
15626 28478
27882 26303
20905 13533
22486 8155
12530 3691
7983 7941
16401 5750
21787 18526
17141 28733
685 26679
24057 21185
22190 14025
23236 18975
12701 17446
13421 8988
13044 24688
12003 13570
11181 21577
32141 32171
6661 32138
15661 17371
4736 9272
17674 13267
14893 7092
4942 10786
13867 1073
22701 8383
13420 16491
26439 29269
29113 29591
2256 26590
24822 7061
32750 17523
22440 7021
14562 17250
25524 18937
28011 15490
11881 22751
16359 25283
4289 10179
4540 20745
15588 22458
6390 22843
8430 13057
31026 18838
26354 15599
25530 7240
13887 32296
753 17722
6626 24852
13554 4653
12396 12943
22900 20744
2293 6882
14065 12400
20832 8946
15111 3738
14817 6584
6686 10845
12733 28145
4683 27276
24913 20503
21876 12162
1366 12431
24245 25342
3939 28196
14083 14898
12211 18612
27919 24086
11305 27689
17517 28162
10385 10155
24566 4220
17449 9493
27499 1615
12384 13477
2139 29661
9437 247
582 21685
21699 16180
3586 19816
18740 12167
6238 20377
17684 464
26630 17492
5647 29341
5798 12449
30429 13398
9554 2136
26308 30903
12326 9014
6751 11907
1321 2097
27039 18295
8823 777
24335 6781
24480 14368
19548 13859
17995 10891
2068 14155
24095 26729
14510 30756
28643 20851
20683 11097
995 11221
8379 14216
8086 31549
8515 26357
1663 20017
23453 16256
593 30117
4801 5844
30294 23245
4579 14050
16913 26416
17469 9870
14115 13054
31246 27303
9835 28067
32483 21277
18545 13468
25877 10350
1285 19593
10899 19810
24099 28804
6881 10488
538 11186
4705 27808
18669 28951
1746 2730
8442 26031
30998 28927
11993 4282
13368 23567
9351 26199
32173 22026
5060 24660
6874 13907
16313 6469
20439 13618
12766 7635
15219 26569
5659 26711
13432 14409
8750 15016
3120 11877
3148 18992
23079 7175
21771 29254
13619 578
26751 24760
32178 17033
23203 28838
7443 28702
17147 10135
24216 21964
31608 2246
17753 985
18076 12989
909 31287
8414 31525
30469 17146
16720 31965
20217 4367
3455 19529
16135 14122
1179 17901
25465 2816
26072 11066
15047 2231
5651 423
22620 19098
2233 26628
13469 10514
12261 22027
15912 5841
14280 31289
4185 3409
4430 10716
29459 7549
4094 5996
1981 30894
7971 17182
18314 1496
21033 22967
14078 22278
21577 30110
29358 4867
31593 30262
31047 10074
573 24938
22225 22145
-1