495 31
913 155
722 78
93 235
847 713
845 157
713 338
743 792
618 834
697 719
647 861
487 423
260 76
94 87
920 122
546 304
362 788
757 335
540 387
177 824
727 180
544 61
360 98
194 184
601 521
447 862
787 134
357 148
706 454
220 142
49 4
88 749
896 615
567 409
867 147
356 552
381 750
35 958
69 622
813 157
504 386
550 974
527 678
342 353
458 667
581 186
428 486
75 45
25 760
863 922
870 206
277 204
720 113
141 959
392 984
722 80
181 285
400 2
691 374
690 646
739 397
99 418
114 754
379 69
302 383
748 754
334 244
326 515
585 404
111 352
194 15
7 577
187 522
44 528
952 468
153 962
773 539
508 447
778 126
72 959
741 932
144 192
281 541
621 86
511 743
778 298
882 684
29 295
767 849
881 312
524 506
754 493
640 437
737 288
564 916
497 643
57 231
929 933
586 673
787 701
-1