9450 6626
3958 3716
7158 9872
2055 7681
9060 482
4916 8541
5448 8065
9732 5203
5614 6025
8834 54
1902 3503
2655 9522
194 9093
9686 803
2090 9644
9300 3301
7936 6169
1912 4108
9528 4458
3607 6518
9338 266
1683 2413
1683 5603
716 1105
3304 6452
3735 2501
4332 756
8735 3976
9412 5302
1897 4807
9162 7582
5885 5393
8079 1698
4113 4060
149 116
1080 9110
9323 319
1788 1246
8281 7999
967 8932
3887 9862
680 6910
4442 3821
836 1517
823 5656
9067 2384
1242 2237
2172 3271
1713 4214
1292 8506
2404 1045
8371 6426
9840 1896
9031 2280
7253 7421
6013 6902
9837 7655
2589 1019
8286 8257
2166 4107
577 6498
4194 1653
6627 6290
1083 2527
5788 6589
5790 9679
6719 6934
9071 8651
6833 8125
1149 2820
2110 4292
7 2446
4280 4174
159 9859
7889 5113
1166 7384
1643 509
6360 1872
1277 677
6305 5200
4073 6334
4961 948
5020 1262
932 9648
8598 6775
3029 3000
2331 7292
4028 7747
8233 8403
165 9598
9546 300
5971 3438
7644 3313
5188 2360
960 1822
1847 9780
3760 1138
9468 2975
9668 5766
6939 2496
5783 5790
1799 1326
1669 1662
1620 3135
6760 8431
9927 932
2755 4146
3341 1875
4558 9637
847 2501
4643 8243
2484 9506
4393 7792
3287 2025
2831 5974
5931 2261
2459 4985
668 6364
9844 898
7719 3689
1116 8058
77 5693
1282 4613
2501 7681
3479 7153
9584 47
5568 1183
1616 1298
635 8801
939 9963
9877 8437
4748 454
9515 4353
6155 6748
8080 6751
2494 3705
6607 187
9024 241
401 6843
2369 6127
624 5406
5423 46
2941 5672
2339 1292
3967 5773
3023 1484
446 5195
1622 5034
2959 5758
5324 2244
9104 7534
1968 1159
4727 5131
6791 7608
5814 2540
492 6165
4561 1348
8468 8683
243 4998
214 4840
4830 7723
7915 8579
7377 4850
1714 5947
9455 5703
8552 7150
1614 4278
166 6012
1021 3377
2875 9818
5802 7201
2411 3195
1746 6570
6600 9436
4154 1779
9424 3742
7710 8308
71 4378
7784 7023
9879 9584
5251 3636
3990 9665
8576 7344
9735 7438
4457 4518
1154 32
9076 1810
9528 4601
3755 73
6546 1386
8393 5812
3850 1783
2215 8591
1724 4840
281 9597
5134 8785
8946 878
1406 9749
6159 5348
8555 8294
818 1090
518 4240
3086 1142
1242 4215
1747 2728
2810 9213
2650 1763
9834 9193
8611 7045
1186 3221
2220 1474
6190 1142
2566 621
40 1266
4803 5161
5898 6188
6546 1964
5935 4035
5086 3765
5578 5085
4771 8352
441 4894
2579 4248
5115 2653
9512 6781
4543 3913
4155 5350
1455 7927
2181 9000
749 2608
6451 7447
733 2409
431 4493
7379 8306
2765 969
3022 6707
6995 2633
7798 4307
8109 4443
4354 828
7120 2784
6733 8604
3677 2178
7961 6861
56 4024
7700 3303
6249 1127
8955 7459
3618 2364
6444 4307
2547 599
8224 3329
475 5898
9321 5094
672 7315
7449 1596
4289 5749
467 4582
7113 3934
7973 7646
2502 1108
70 2943
6379 1681
620 1060
5139 9441
9730 2128
664 4298
8296 7344
4083 8652
7227 3262
7668 552
151 983
6227 2709
9002 4735
9528 3617
7914 9203
6489 3077
346 3952
2226 76
5481 4914
1914 4230
9915 1920
1011 9192
8973 1430
7346 502
7043 3186
5232 1171
676 835
3264 872
1672 2015
1954 8020
1136 6901
1335 1859
9864 4354
3446 5537
2985 1639
7679 9873
2993 2202
4525 6201
8455 3644
4913 6768
377 3772
3773 8908
9704 5610
3614 2085
5591 2206
9695 2190
688 2554
1481 5093
7736 9469
5663 9384
6740 8602
4057 6922
2732 1560
3647 1734
1870 2331
1016 9108
1078 5059
9667 58
3772 7283
2311 2837
9487 2229
6790 9432
1009 2732
2023 6755
851 8522
1540 2888
7283 6851
561 570
6210 4177
1247 4295
4043 9513
7775 9352
7377 4383
794 1942
7416 1510
5041 2559
1558 762
6017 9609
1771 4913
9337 6534
7712 2495
1407 1113
2076 2185
9055 8953
3821 4301
5 2339
1189 896
2430 6740
2514 7448
3770 135
6562 8699
2613 9788
8854 390
1654 842
4039 1331
5991 454
1831 6277
5398 5684
1050 1318
3755 3774
2036 1780
5803 883
9220 9703
7340 5153
273 7254
3947 1238
4068 170
5418 467
1735 8226
6718 5043
8572 7897
6904 250
33 2053
9618 3713
2754 2945
6764 5217
2336 2062
6023 5966
976 2837
7219 3111
3287 705
948 8410
2485 6459
7274 5181
1103 5285
2961 6843
290 2506
9349 3995
5221 4837
1674 567
8206 7746
5308 7036
2279 659
6787 9117
1762 3652
1897 3773
1963 3697
7598 7532
1294 5622
6043 4690
1176 4342
870 202
3810 9504
5718 9937
8075 783
5144 943
5349 81
8961 1460
2740 8683
8485 1191
2738 7483
9095 3243
7254 1566
8225 8276
4133 1091
246 1625
1178 2079
5207 7337
675 9682
6291 6499
2588 7802
5106 2256
9056 759
9652 7060
9596 78
7477 8533
5830 6114
8884 6731
8958 8640
1429 4105
4341 6586
6291 3258
7483 9703
6698 1488
2125 8584
8164 8441
6063 4942
8146 8483
1125 8106
2733 2578
3113 8853
6093 8511
6056 545
3690 4083
1885 3151
1777 6740
4947 3971
7402 2575
405 6789
4808 6919
792 5434
4624 6236
9116 4082
9582 1856
7518 8595
7604 1398
3026 7382
3700 2284
9199 992
3823 859
4155 628
5343 1692
3145 2630
4691 6125
175 8515
505 6148
1773 8672
3009 2228
139 2704
3470 8398
6659 3450
7088 1545
3455 8106
5633 6501
6900 4119
4717 6188
2735 2197
1397 9962
286 2860
9925 639
3730 7352
6260 5490
1555 3186
1309 632
3605 47
2604 9621
3898 344
3594 3987
7993 1834
5965 7137
6029 8574
4154 4909
2369 4588
9020 9109
186 9707
8921 5787
2389 1372
3283 2279
1859 5848
-1