9404 19988
26004 14510
13825 20434
11248 15895
27274 31019
6986 27924
10416 5793
3954 11846
610 20216
15972 8389
5925 3378
19055 29622
22360 18110
16279 32288
3261 29165
55 2299
19509 16549
25835 32650
13515 29529
5036 31211
8180 22584
21053 21997
10005 19109
22471 21025
8774 18152
25024 24372
1110 26147
4112 7035
14351 22151
19575 11472
25275 9159
16681 27805
12263 25549
8892 6710
2662 7085
20804 1900
26265 28887
5309 29535
494 31376
30889 1939
15271 18339
2809 11078
27357 27731
561 8449
21956 11413
3784 8814
11824 5756
23501 28265
14168 8437
721 32089
30938 8884
30464 20417
8960 13678
11153 2834
2114 22857
31073 22724
20492 27793
2010 15268
18113 19372
15642 20336
28415 11600
31057 9889
14373 3827
8555 14984
32274 17795
15600 8604
13872 1624
11048 19
28082 31847
13186 26287
32025 15800
30006 5083
5373 13594
31274 19190
2058 21525
28947 13807
30281 8480
21212 1298
15776 30228
30539 16673
21405 737
23778 935
27759 26751
10243 2441
4917 40
7512 21470
6012 8901
7026 19200
29698 1190
22448 6115
4800 31093
25187 10150
4648 13421
13871 3432
28588 22727
22197 13917
15231 28277
17006 9249
14751 3859
15322 8524
5139 24347
11739 9286
625 10072
12123 21597
2724 8861
27189 25876
16108 21430
26963 15294
7462 30623
4628 4940
29518 26612
19696 4708
27970 425
8542 1971
12233 25595
18677 16515
9427 7078
32210 11664
23811 3673
2107 18967
10858 14951
20353 31025
22678 7871
29227 19807
9675 24350
10576 28262
24976 30851
31557 4445
21613 6628
377 14084
21748 29983
17820 9303
11774 7219
31239 18787
14903 16048
4440 2649
22749 23404
31068 7905
8132 14968
32051 31664
28318 17234
4782 31325
18297 860
5884 13168
4233 30861
16006 16061
9000 29799
15383 19952
19483 11049
25408 21864
8471 17221
18939 14153
20355 30996
11662 9420
18560 10953
7858 10714
28199 24740
14581 5850
9745 9576
26973 15559
29981 17166
2126 12165
2157 14267
19117 629
20402 30448
20038 13127
3242 19200
17771 14095
31719 27336
1502 23963
31441 6042
32498 32516
20206 22394
23276 10116
29281 8077
20399 13703
2481 718
25241 7685
26316 14595
9128 19214
15692 4592
9185 18599
27640 10442
10994 13268
32654 27630
28694 8182
21184 19667
23097 26199
28540 11325
2909 5124
5488 22196
15164 27099
2510 9525
9518 8932
5196 5671
3406 29925
19824 29328
8408 32560
8714 21385
13782 7104
12290 7152
11772 18052
24659 14940
208 3835
25176 18262
12558 18433
27719 21446
12618 27113
25851 31659
31703 23243
23286 4367
25064 4383
27814 29499
22005 17547
1511 26151
13664 8442
5834 32308
21849 12270
10132 29725
22271 27671
28170 29995
1735 13092
18412 17321
19234 2521
16064 15256
26202 26210
30928 4004
4029 29927
15222 21078
10238 2656
25239 8074
3288 14763
29038 31268
20468 16091
8331 12799
21773 13524
3355 26150
6994 18709
28009 30535
13836 25044
28325 32356
14464 27216
8165 7116
6423 14691
3689 12874
20412 18006
30499 25244
13190 8186
12662 23334
23447 23028
14143 20456
1860 25689
28178 11950
20854 379
5574 25478
13135 19970
51 16759
6673 3902
30266 25456
5180 15291
28166 6527
23031 29206
30354 13891
13489 21008
31851 20644
2568 27617
19384 19905
3562 14799
29559 18218
24570 22526
28169 8528
6197 28298
13041 26170
1749 467
5593 14457
11125 7448
5845 29277
10103 2888
2028 17769
12195 4628
11221 28165
16656 25417
12798 20339
7496 14429
13267 3076
20903 19527
5948 28044
19972 10132
31335 12819
20116 29368
3273 4301
7434 17058
31071 2893
27907 5011
17978 24309
22434 26159
19770 10929
14967 13013
12826 7397
32166 10028
31148 15779
1349 25086
9830 10530
20997 8522
32286 20075
5397 5780
23826 1622
15171 21888
14891 5813
13157 4255
16515 30159
29687 6281
8740 25104
1029 20780
2067 8702
2892 4451
17293 111
11676 8395
9360 22777
13696 18386
6557 18603
21025 9744
31933 22266
27752 17115
12738 11006
22371 3093
31183 8415
24554 14153
8218 21386
32642 14582
25585 28328
13953 17963
17403 23760
20851 5204
3777 9723
7613 19284
23660 4665
20864 24020
21968 25763
10944 15322
27818 17041
2502 5021
26918 6925
2754 5272
28837 8839
25269 26845
27068 14026
910 22700
24960 16174
19347 19524
22017 23823
17411 8185
2580 127
13050 32391
18006 13624
1172 13734
11117 15316
20309 14558
31121 17217
30665 18077
29004 22127
14183 25479
12669 21067
2747 8205
13987 30705
19141 23617
24408 28445
30108 32232
6684 19683
27222 19665
8276 29345
7212 26982
25234 22833
218 4481
2583 7267
15941 10113
13207 23210
23392 12188
18236 15637
30800 14199
4589 15233
20943 23539
975 28942
5070 24906
14348 5327
16222 4444
10708 27334
10192 21571
15010 16655
19227 14125
28097 19803
2431 21867
32014 32416
104 22469
11007 5903
3221 32273
30180 8775
14201 26372
4205 7112
5090 2631
17261 22954
19928 6349
7389 3983
29128 14181
4132 32214
12002 18315
27542 8465
6335 12932
18234 30137
11335 27306
20688 9249
7122 5892
6418 10409
9869 7449
17979 19508
32544 32006
20422 220
1421 13263
10104 30436
22619 6131
29600 32237
245 25667
16030 1645
16205 25843
16290 22366
14532 31474
8374 19507
3662 26999
26111 12048
7633 8669
23103 826
29391 432
9375 21453
10821 14088
27564 23213
19923 16149
10655 5054
27164 13052
5601 4184
25712 22241
18382 7925
21417 8005
30394 6957
24658 8339
31537 31205
28687 7413
30083 26051
8248 9324
15744 32741
21448 31520
32641 6354
22646 14837
10920 30128
26401 23902
5224 30136
881 13942
30023 11240
32444 29261
8930 16631
8742 11135
11058 12686
17421 14860
13583 15541
19620 13667
18930 5772
28125 23744
27903 13115
4749 22968
9027 15915
18635 4371
20794 4471
11160 30169
4500 16797
4038 4783
26936 4474
30738 15716
31882 25205
5268 10440
10729 29946
20825 18621
11644 3370
14414 15504
12847 20432
10847 13193
29688 27543
13281 32704
22367 25211
45 19251
6717 1918
12430 8982
452 1180
6750 19818
10687 32000
12395 7377
22811 8056
7072 13985
32679 15655
18145 32567
16664 14458
25142 8334
12624 24669
8492 24336
9696 2990
14456 12459
16587 2289
24286 18984
6285 13894
21841 5816
8539 21913
14940 19920
15277 28953
11456 6967
3066 25579
351 3422
32706 23327
4184 15855
9170 25315
23924 26792
12228 21494
8129 25706
27333 13664
27772 12941
19867 26209
2356 6263
1510 9383
10541 30573
16037 17091
6659 22184
20989 8926
9103 21420
18486 18856
7950 27861
18439 7570
2432 23091
23571 9789
5455 26776
12723 24626
32561 2798
13558 30931
10831 5582
11750 1682
18343 22863
17165 4448
3247 3356
1336 32616
15675 17098
26747 14846
3232 21096
20085 7890
6682 30039
1493 4458
3179 860
25373 16591
4293 1523
22183 30086
16618 5606
9189 31681
13458 14111
7660 32215
16909 9914
3380 25330
12841 20319
8857 1543
27478 22479
7078 22796
22536 32700
31763 18533
3165 16094
140 29343
28416 23107
11957 2144
26957 25575
9834 26782
25270 22660
6219 19728
2917 20395
1400 6882
14882 29204
11417 11181
24952 10803
18466 8870
24595 17163
469 8726
12397 26951
16264 29962
15274 17031
11560 331
21440 3832
10238 5520
6362 2343
28465 26611
19967 30743
15756 22690
24814 10129
12418 19671
10573 15035
8303 13834
8963 3308
20001 6501
10211 5311
2455 11128
27786 32102
13832 21550
17546 27201
20264 12031
29128 6319
21414 23400
802 21541
14585 12696
1621 28797
19548 12141
4382 16016
9495 12702
26016 12038
3073 19770
13830 5997
31811 23889
19305 19849
8542 6384
5108 3307
30320 17747
23622 23237
27315 22615
14359 23549
12102 7982
24095 20864
4656 15702
31539 11993
2722 6092
16562 32514
23164 125
12831 2938
26899 13821
30223 31127
15153 2939
11846 21022
11358 19701
6941 10001
19806 13224
3623 19400
3067 32459
28691 21315
2053 1148
24020 18623
14742 20219
8448 22151
19610 6678
1910 20237
21903 17636
24132 19513
17290 2998
5064 22785
13179 7755
17685 22842
2225 26179
14999 9134
28321 4566
6139 622
10211 14022
17225 3434
20093 8594
18259 4926
26980 9453
13651 1103
31552 32110
18896 5143
28272 7561
22721 1213
590 30142
17653 20713
7604 3344
1714 10198
10943 32185
1437 28585
24530 10780
18905 16897
6622 15867
18547 5839
11233 20458
20222 4456
18349 14084
21114 9176
25579 26844
9595 31865
17247 29623
22919 29125
366 26872
20415 24681
18397 19419
15553 12186
4571 22630
9166 28588
8258 13981
3368 18145
794 28150
31678 8319
23647 11532
26123 21029
16387 14743
13884 11102
21815 7324
5521 9079
7399 24289
1797 6542
387 27044
5425 23276
5125 24460
5998 25493
6704 480
21050 3356
21013 30199
30429 8124
3804 32496
17996 31141
4801 32675
23373 16532
19037 22742
24540 20902
19751 30645
12749 25454
18234 10364
15028 3653
12377 375
32514 12001
29744 31276
10352 22314
28636 727
4001 16712
26798 12310
2306 30977
24620 20198
30966 12098
26969 29902
29488 27643
25399 24666
26975 4656
15497 15819
11537 27214
9437 9229
18641 9915
20170 24041
29843 5808
10103 21372
10579 31563
10076 10216
6136 13024
8269 24393
1918 11921
11444 8427
24148 26142
9246 27066
23299 15870
14585 17145
16401 5038
9115 20791
30501 25673
32391 20351
28523 16729
14316 19152
15162 2028
15471 12748
12533 3563
16170 3252
4911 14760
17141 29076
1042 14262
18660 2235
18433 17149
18449 13678
7036 13069
21147 14046
8260 17587
3054 21847
9664 20682
21573 28601
20640 25940
19822 32044
26048 29898
7373 22288
15439 4016
3748 24371
6960 23659
32402 22087
1440 16727
10585 30355
15130 29973
19428 9960
28279 26914
13192 22999
30810 17070
9098 27937
2251 21931
13281 7535
7202 22052
3390 25155
14119 13264
9802 17967
11895 21479
26158 3909
32042 7476
20569 19406
28338 2668
7549 5951
8198 14014
26075 11112
7169 6315
16577 4591
5892 24344
32081 2557
3555 9377
22659 30263
19455 27953
21614 26352
7343 8655
5315 5276
11237 32443
25754 24200
23054 10170
18801 8649
1849 22190
18289 31859
6524 22633
15092 20747
17043 19395
27461 7742
18635 22250
15014 32466
22303 18170
6040 26078
6304 19918
4950 27446
8986 21013
16803 15402
29940 1448
17861 1136
2648 13851
12498 25438
19860 2961
5418 16732
26304 10709
29509 6554
11937 26535
25519 3070
18638 4180
8784 19297
10513 25482
24305 15354
2064 18281
30460 22042
2861 24797
31875 8474
9130 1580
11908 23186
26897 16331
18028 7628
29395 19318
16089 8057
29999 21887
30628 20898
9557 23655
23327 993
10444 29355
26779 21456
5137 21216
18478 450
15489 31234
19379 32177
24952 15370
273 16504
28859 1726
14785 17730
27155 18125
11146 14147
9787 8987
3727 10150
1276 602
23692 24518
18071 3802
5469 9120
5219 11426
11456 30857
31927 5567
1371 17436
26122 4316
7425 22391
15705 30227
20017 15015
25546 30211
19167 19552
8078 22307
13431 2545
5131 7509
29984 4984
1339 20415
15934 16466
27215 20694
20538 22486
5017 31931
28549 16963
26536 459
10970 17910
31669 10098
22212 9441
2878 30527
25185 11832
4848 31806
26981 6253
4810 3202
10081 14175
15232 20737
12358 25295
2845 32677
4645 8467
7405 31647
17464 27150
12442 20479
1830 5727
11413 14465
6787 20185
8119 11434
27542 4147
1577 8468
8544 5889
21889 29447
10713 18403
5165 12872
11389 26621
21 15670
1543 14759
2172 25362
12669 20837
7975 159
17004 14105
9410 19179
21621 10103
29823 15468
5128 2490
21248 22606
17520 28053
17527 14348
26384 9581
3596 5950
26604 20677
26239 20914
29547 27386
6670 1981
22875 12848
9625 23763
8501 31372
3332 1110
13218 16804
28893 4268
15679 5683
10046 14484
11933 10258
23541 1722
32141 5219
31715 10121
2970 16911
28578 18752
21974 25204
26987 16968
20954 27223
18998 29125
7176 5920
25122 3691
23315 21574
4120 22418
31938 5384
1195 23693
12272 30302
11331 20024
16344 15663
1147 3793
13455 1220
24775 29705
23762 12669
25178 28506
9474 31682
10055 4250
24429 10045
29926 5841
25039 14918
24953 840
7193 18847
16655 25314
3184 11362
22953 16815
13433 11319
8860 31935
29652 1482
4918 26164
27622 19837
17572 28571
20700 3162
27411 20093
19436 10571
27158 20272
21214 29325
2120 18931
-1