9345 23125
32129 7354
24771 15288
20760 3050
24977 10612
9649 27131
5132 2871
30479 27440
9406 16242
15787 10928
29822 19633
10932 1663
21651 15660
25941 30637
19996 22681
11574 15054
30895 12357
1605 23722
9280 12643
20918 32565
23108 12708
30792 27329
31255 10760
2507 16242
29851 5107
30175 23282
27427 7299
16894 18023
13711 8737
24765 16546
5048 12374
3662 14489
3598 28128
22090 19480
18815 12550
9901 7859
21147 11816
5155 7423
9206 29850
13186 2
27598 11699
11415 9447
21742 21024
27173 3318
22226 18814
2859 6596
20748 10281
31078 22951
30183 32590
18711 30829
18505 29512
17926 10318
12510 3113
20935 5918
28274 29846
30524 17352
26015 6873
22363 18423
5033 26673
21297 27158
10406 620
5927 2939
3298 19384
27525 18143
21889 5303
28212 21266
27750 13521
6600 32236
28500 31950
15806 21383
2643 14244
19457 17835
20822 11661
8115 26506
23834 23901
8491 4526
12113 24595
27450 559
8704 10926
21939 19753
26150 8770
2346 12653
21918 13898
32763 9591
7238 30016
6287 12449
31841 20331
7386 25750
12858 31737
25384 2824
15115 13389
27674 23462
796 14746
8683 20040
16175 22705
7416 23917
29980 24599
4480 19688
30649 15451
19112 18646
23036 11942
22210 28883
7524 20884
18638 9070
8084 24642
13121 7642
2882 29609
16390 17382
20559 10794
2499 9262
26423 28009
6749 3219
25516 19039
12990 17130
6782 4011
16342 13809
24254 9769
8415 14983
6691 22470
8934 10524
17580 30867
21895 28518
32647 9752
7416 27221
22322 4330
9545 7242
28896 1152
6889 4996
10014 8514
19565 5338
22966 31971
6541 24240
29908 7409
21359 6180
29543 32682
29225 16520
24778 10002
17281 13077
7588 23106
30454 4829
27661 4355
11013 13058
1778 15771
24485 20262
18618 26855
29204 10274
9513 21674
1493 22779
31365 6181
32506 30738
32248 27368
29087 22682
18230 4583
10935 79
16223 8912
13835 9573
30503 4508
1407 18623
10292 15461
7575 16482
26056 26999
27451 17961
16543 27561
9911 24250
25115 24814
26630 11448
25246 16167
20560 1083
24375 9019
27825 21117
4738 5738
13884 11734
29897 15838
21312 8682
10095 10371
32201 3105
12175 12057
13162 7255
17376 6792
4666 19925
12764 1139
1821 27776
7713 9743
12613 31313
9239 2358
7928 2309
6355 20407
18323 23574
30011 1265
26319 26345
11115 11680
7491 31561
27480 2550
31274 15380
6835 15854
21095 10292
1041 21469
2246 20945
328 19785
11141 5573
9500 13823
2835 26449
10267 28000
11799 1038
7365 6652
18100 9254
12016 31586
3339 31427
29291 3637
8962 6856
1250 13955
25924 5056
1793 25683
19850 23315
12508 26237
18968 21888
1423 24511
11914 5319
27169 4620
8656 7590
9135 29735
11640 18951
198 17777
21035 7032
12816 5120
17787 4571
5683 26864
15580 23135
31990 3838
27119 27311
9638 10066
3079 23657
31928 157
15078 7377
23727 25700
20167 17607
22080 20124
2466 11510
17332 17270
26027 4687
11151 14204
11547 24246
13935 15837
16180 27130
15414 28933
9855 18187
11371 18801
25689 29031
21982 22210
5549 28374
20875 3856
21763 14679
5313 10368
32186 1370
28292 12569
13457 14383
29743 22739
22893 8895
8542 8689
18006 21626
12042 27537
32706 6800
26102 2690
14870 32612
28746 25685
22634 24126
28286 16567
18572 24383
21370 17662
24648 28571
19452 19969
8167 2562
13625 7213
32246 25439
26311 1493
8265 20421
21434 9162
9791 29606
18190 11308
26694 5447
16197 28543
20642 8816
11600 11265
12651 15976
6835 11067
15317 27681
31461 24023
31925 10415
11253 27057
576 2558
27251 24113
3861 13765
15502 727
32382 17590
6266 29719
15858 26104
18965 616
32735 22230
23497 1944
2983 697
1716 9826
20200 24403
28166 10306
5121 22814
10667 28040
466 25605
25643 9132
18627 1120
4046 13793
8455 25638
30467 11244
32290 18526
11266 27447
7080 31447
7089 3617
18248 31769
18372 17817
3082 4507
27689 30955
8917 1079
5027 6105
19508 8922
24501 21230
30553 23936
1985 11791
23139 3168
21361 8531
24540 14179
5206 15381
3462 29147
25295 32327
18519 7794
8749 23560
6594 12128
4116 8057
23096 14050
25380 7373
25839 23527
15577 27808
14562 1804
29360 8330
11033 23498
29324 9715
3626 20974
18007 19241
29440 842
31468 6831
26331 427
28213 217
21144 18699
18576 28565
24371 8711
9592 29836
906 2195
12129 30058
8035 27372
13027 1657
18353 21710
27931 3957
10259 23272
6479 12956
7582 23181
464 10756
28380 25004
6181 3889
17684 21250
22629 16615
19148 6798
31717 23357
5005 1605
16147 30195
12518 5896
16034 7429
6323 24019
12264 14208
16544 14647
30852 20629
4840 1802
26947 30444
8291 7773
8261 9787
13247 9646
22107 28438
10765 6495
7092 20745
13440 5735
18361 31460
26482 15688
8245 25942
15016 16705
31673 31677
24279 30660
25407 18237
3175 31786
30477 20495
12150 15270
6876 10524
5408 32119
11578 22987
32254 15202
20013 6679
14828 24160
31001 5348
12560 13204
30179 9363
32280 11647
25943 15828
32194 17783
27847 31931
30626 4437
17653 2071
17440 24943
12340 16127
5056 31430
7113 25773
15270 16768
28823 16016
11097 26520
22268 22684
28615 29652
29174 25573
26505 13559
21898 25452
3177 30008
15462 6968
30241 500
16581 30121
31334 23456
7315 21258
3621 8705
13521 30565
19469 4255
29756 2715
17485 8055
14633 24243
31135 7152
23220 28787
12165 19984
2329 22061
28114 32240
3426 4316
23917 28013
11331 29552
25170 6689
12354 5221
5849 23442
24346 32154
3131 12712
24162 3681
29778 22373
19306 17362
6304 28112
2662 23398
17043 21298
4302 961
30983 31365
12036 4046
14093 22314
7480 24593
32747 12506
20361 30265
29796 29663
21868 26357
19769 20868
18514 7689
24303 17610
3461 10401
2771 20316
28499 31205
16700 709
20847 24013
30992 10721
1172 3639
16521 9873
32107 7735
19257 22451
29359 12206
8524 6994
9871 10014
21518 16665
24404 20924
23469 270
21315 12743
575 19069
3013 25881
6 32561
965 23036
11507 28394
1370 17982
27498 9996
2726 5256
12357 27285
9726 15339
19483 26193
13642 13756
22978 30033
25775 1442
30226 2457
17516 2029
9452 3353
30210 31273
1915 20191
13464 29171
18362 20618
15517 13836
23863 2050
22191 11692
3862 26982
2492 23065
22360 19782
14439 3703
2910 1811
11693 23010
28072 16339
23752 22458
3299 26905
22611 23102
5155 23605
17584 9053
28781 31144
18855 8136
28536 23771
18255 22604
15284 30736
21042 3423
22924 11416
15020 12537
2536 13126
9108 12965
13815 26917
27678 20951
18475 21606
28928 27264
5765 30108
26836 28640
16914 14636
24510 2459
12214 7422
5710 1808
32296 24185
18344 7398
7486 17583
6882 8423
27243 23252
17325 14354
30342 12021
5688 10987
22732 26854
4689 21526
13097 19837
10702 23844
19379 509
17963 15789
24439 9173
20852 12447
4729 2187
18021 5077
8438 14835
3025 26092
13804 676
8000 22098
2781 7852
21212 7071
13519 25731
8846 1065
17047 31294
25700 29906
4183 27397
22582 18981
29766 12487
23177 20386
10415 1580
16051 16725
5949 5324
5184 2990
26997 21406
23445 15756
644 10675
28115 24731
17979 10532
7166 11232
20824 30281
18783 17554
1799 12075
1318 300
6056 26428
26452 25280
25811 2886
13528 14478
26265 16802
3832 8661
30221 6826
12787 25065
8452 9584
1765 14982
27416 15537
3306 16484
8179 8196
23942 24075
6858 11607
20549 30953
10023 20124
414 27810
24300 28608
16669 20647
10645 4317
10946 15370
16573 18608
28580 31633
24035 19277
4569 28169
30063 18705
6042 31452
8944 14809
31139 22246
10920 26737
20697 2949
13386 21072
1839 29679
8962 12162
4042 9417
11958 14053
27236 29173
8844 29336
30190 1707
25772 14513
22137 17355
11079 7214
29270 22641
728 27183
19068 18634
2473 1890
12843 22311
1177 16830
10703 848
12574 27252
24871 5147
30854 19490
9382 24381
26754 20810
14874 17247
5348 28420
28811 2165
18088 10223
26470 6731
7217 15213
20699 20832
32470 21776
13187 15864
4509 20559
28486 10605
32070 25726
2428 16838
15756 19709
1106 9098
21415 16815
17775 13783
533 21421
20440 3246
30106 572
21777 17809
32646 7165
24966 4688
17718 16484
10281 26144
2269 5483
12635 30957
28549 1416
28944 5361
26704 6620
2094 25222
6404 17581
13623 9784
29638 12310
14376 9503
23078 25853
11681 9068
29020 24134
9541 12609
3025 23622
30564 14790
19426 3195
7640 2169
25568 22906
5164 14533
5979 30504
772 17367
24992 32557
15032 8365
25984 12710
16707 10863
2643 11802
30556 16643
27197 14512
6370 22492
30128 24479
7293 26386
28722 5349
13955 29368
10849 4156
792 7274
7476 3402
7066 29477
19075 14872
6972 30043
1738 27077
22256 31047
4138 24444
19595 28543
5808 17827
3363 13256
6618 9557
9916 24621
16215 29203
20772 22099
1807 32182
25116 29447
99 26792
19640 8217
25782 25172
12297 14445
15148 19931
14585 29263
27057 7945
23413 17415
22334 903
9938 30381
855 11346
14697 23359
14041 19307
6021 22001
12786 6609
27008 13252
31601 31148
25896 32346
13632 2251
26215 16905
6702 14160
31524 31278
2290 13994
26212 6084
16493 21700
24245 22069
12592 6012
3020 21103
2110 11351
1901 6203
22291 115
25995 6602
31973 5309
1969 17809
13609 25187
16288 11864
28505 25485
1338 31117
21493 5192
17310 2013
6856 32706
405 3078
5740 11709
26925 998
6416 1086
29347 18392
5753 29061
13958 9281
10055 29250
11034 12646
20858 18438
20731 23937
14900 29688
4866 23827
9408 18889
23916 30075
25300 12010
12345 21960
6675 23036
12499 29132
726 9864
32496 4977
1068 20720
20665 5713
20768 11941
6700 384
27450 13979
17343 29612
11848 28154
13382 5481
18781 3351
12822 1478
18715 28834
24427 29988
5934 11041
22023 25160
4889 19100
9756 11694
10293 9882
15468 30496
1270 19021
29615 31112
22385 20234
21813 22787
13083 15100
19660 5942
980 14360
21476 8677
12836 14163
22513 12225
23748 21523
24593 24450
19296 3044
13807 19766
32411 7789
5607 4569
340 10658
10859 24869
24359 22075
22181 14763
25655 10340
5213 23331
2603 18614
26910 30465
13943 22886
13972 20297
11741 11196
27193 14243
24883 27079
20529 11442
30566 2128
3441 30114
14527 5388
1319 1024
16229 13589
11606 1487
4388 26523
5825 24024
1644 24791
11275 30273
8861 4417
27676 8545
16769 11523
9159 31955
15898 18349
27305 2761
30367 22570
26452 30115
20929 14579
7853 12737
10546 30850
21138 29077
15720 3594
13248 8188
5791 18021
27380 21710
30493 32078
15697 30643
17081 30416
20482 1337
32670 27902
20256 10788
21581 9701
31702 10502
9953 9663
26051 15887
16791 20842
21407 29989
8333 5400
7970 9783
19658 25415
2081 3023
26751 8180
17147 10215
20620 19467
17971 27390
30534 1315
7006 20843
23672 11624
14144 27376
18088 20440
7474 146
8603 5299
20934 19624
9755 23084
24750 31027
12023 17765
31194 22637
24396 24474
27105 2981
32259 5021
29090 3145
10907 8066
16683 19269
20264 20123
6618 23179
29596 4007
23489 21747
22086 15174
591 30790
28056 7856
21549 9621
14125 7847
19047 15312
30731 1706
29388 148
21029 22636
20887 2883
21284 12164
1615 26202
24678 3430
14315 23295
9287 8594
3130 6874
24736 25099
11906 15398
19086 2059
10600 15368
21365 17653
6159 31519
836 17291
29316 26716
18426 18785
31066 19988
24169 3217
1169 30035
14393 4529
14781 4980
817 9730
28003 13806
13746 18922
13223 8305
17540 8101
25636 20786
26070 12855
5404 8067
1407 10405
20945 10406
20106 14692
4146 32483
28146 29202
10682 20184
29354 10084
23446 28433
28384 8544
4614 3544
16003 22476
773 29006
5891 21222
23596 32187
17496 1109
2004 30243
14149 11360
19835 11034
18654 8030
20841 3032
22344 32621
14226 19856
8128 15975
28095 7422
31198 31762
24809 3648
22555 5271
8677 16102
12690 29494
15687 24140
14595 32055
19072 4136
1309 10532
30281 23903
3581 5685
3141 10013
9202 14348
17377 20516
17283 27298
21632 4196
27315 642
5333 9932
21379 11573
10639 23905
14265 13821
1852 5005
480 710
19303 17081
3984 23897
12548 12574
26863 23763
9231 18135
4472 853
14447 14651
22011 25598
2080 107
15333 25878
15505 19239
30146 29324
18251 25830
256 13475
3540 16933
20726 7912
3283 9983
11045 27495
13940 7166
6333 22046
4110 9521
4451 11442
21252 28542
17201 1633
5353 26682
7166 14392
15079 29431
30688 22918
15457 12701
6384 27792
30935 4797
19533 32646
9482 6689
24676 22966
4961 6056
20590 2304
23436 16465
18745 25482
9575 23957
27436 20917
6945 1786
28038 29775
18077 6629
1766 31498
24088 25519
16144 16172
17421 12796
3566 30345
15957 15688
27605 4782
10387 8643
14090 8288
9679 23135
4741 15173
5473 29223
8692 27104
20241 24530
18179 30147
27260 16280
17371 5119
5562 24388
26344 29152
16189 20619
9184 31191
5884 30108
15873 25784
10961 15352
26522 27429
8736 31108
31436 11082
23738 8156
12178 5836
30977 14827
29439 31995
1356 26553
17351 1359
24717 19587
14337 11794
3633 8977
4139 9050
327 27716
31599 570
8933 27631
28964 23609
6087 26599
17304 3843
2362 23902
20493 17503
30008 8300
28673 11873
18901 6639
4019 21473
20442 6037
3554 300
10415 25143
18648 12536
25470 3689
31911 414
28053 15183
22195 2691
25100 13234
25200 9687
31912 9554
13165 643
13312 25214
28818 4700
16094 25059
9382 10397
2280 28834
30739 23700
23168 19109
14318 1179
14312 3378
20018 23882
15274 14272
3916 12523
28727 12042
221 4910
27854 30307
32187 1311
14751 4937
23353 5460
16177 20284
29608 20587
17665 19409
14877 5556
17260 7426
15221 9258
3278 24008
12439 29608
4588 29420
1529 11865
17807 28697
31846 24177
25458 21303
18174 9242
7774 2548
19070 1969
31124 30115
25025 15411
20843 24906
19335 26098
22330 7670
9590 14733
1144 14674
6238 1822
18722 632
6593 1461
31069 20743
26259 29446
15965 17014
6974 23390
3717 25000
3305 7644
28880 27840
18426 221
3951 11574
22489 27320
23988 5675
15351 4780
21806 7417
11792 15894
3606 15
7597 24039
14057 28668
1260 8278
12119 20169
31363 19154
19036 31116
9475 28731
31661 20538
29530 22353
29781 28605
16028 9581
29344 21062
14595 8559
18744 18917
20020 8951
24974 2391
22723 472
15739 12063
20730 6601
15400 1752
22742 13918
9771 29897
18771 31543
17650 16314
9449 7288
2405 11526
4951 31608
1479 8946
19103 31678
16093 17725
2386 9257
6227 16376
1549 24686
24667 13464
30788 30408
16023 32074
7742 1514
2617 14982
25697 7993
19305 24295
4528 20792
27623 11578
7570 13891
23281 23765
4821 23425
10343 22570
9202 5140
23341 18843
21651 3218
1745 27280
23634 12985
25709 18631
9924 17758
29391 30188
5302 8359
25048 21866
25270 6778
19746 31872
22742 821
2533 22679
10156 7840
3100 4051
5789 10528
9955 20456
26460 15661
11300 32559
4781 11525
12146 1017
17007 9378
28725 5667
11481 10218
12040 20202
13572 16679
29279 27393
29865 29622
32365 29409
4909 18179
1093 15713
3546 32181
19519 134
21872 19749
24477 25756
25820 10517
30062 19845
13639 30623
9907 20050
13138 16747
11713 31504
6560 12837
13542 3300
21654 32046
30799 3163
21342 31378
16169 30203
27186 4155
28679 3358
10711 15204
17540 20736
20583 20048
24617 18454
14164 13883
20113 5537
25258 23953
11466 3460
5524 32350
511 14930
4130 30981
2900 2476
23113 822
32530 4810
16428 17178
2820 11095
25497 10960
4641 16002
1751 10269
28010 6738
29855 31839
13334 10041
10600 20675
20205 15853
8680 23224
23282 3955
29399 9380
8004 21372
3574 20181
6726 12533
22608 23738
27134 5338
30143 25171
5051 27467
28083 9702
28411 28385
3375 2548
14219 578
10772 21355
2800 18419
11170 8221
21766 27758
31804 8561
28647 22133
18539 28504
31502 12709
12070 1923
11709 1870
18257 19668
10395 22914
7811 6930
2722 29804
5388 17120
19768 27107
15159 496
11164 27455
5068 19316
6532 30060
24537 29909
3333 829
22450 6824
8114 14850
30007 20958
19208 17500
13141 31034
17418 20304
26320 16137
14888 23963
5183 12045
32101 25925
26456 23738
20409 27513
12141 32165
26036 4756
1335 2105
23141 20092
32211 10923
6778 13107
3850 11825
2728 4524
2261 6767
27982 22237
18464 11570
19285 24853
1743 31329
25690 16272
27903 18481
27151 4169
18318 31639
2782 28687
2013 10499
4048 12507
28884 7499
4526 19041
5415 29413
2406 14565
2776 1882
16303 15952
30718 25847
24560 14723
23748 29894
12894 2027
16052 3261
16741 9557
6454 11828
28234 32260
14163 2205
14606 9985
23231 5231
16277 28851
21527 23139
14344 1967
28775 15075
27255 6097
24559 18879
28099 9612
31271 4643
11195 4478
768 22214
28805 31304
21869 8803
2368 28828
5922 15469
13799 12696
22939 22015
29304 23378
19553 786
23382 20404
25737 21490
12524 14730
7549 8947
16020 26585
14079 27231
10423 29554
5226 14004
26165 25288
8507 2316
26887 16383
24273 15837
14883 21829
32625 19426
3231 869
12941 28505
3098 26265
1606 5487
27224 15776
559 7161
28716 18193
24404 14692
5531 2287
379 8431
25918 13949
5545 14103
12008 10324
31208 27219
19849 6834
21064 1026
1106 9749
28452 1442
14106 9737
26790 26178
513 574
5005 17466
29779 3549
13102 24345
29359 28956
3257 28127
1128 20753
16318 9581
4139 10691
2032 825
19426 3719
19496 12358
25561 17546
7853 4180
7455 27562
4786 20820
30512 10634
2848 3870
4304 2789
26262 24422
21562 3874
11438 23020
11898 4649
8323 28916
22040 2166
23664 11766
25846 16747
23322 9878
18811 9195
4528 15830
21233 6436
32625 1419
23852 6572
22127 21518
24429 4304
8595 25139
25222 2601
3042 1407
8766 23920
11518 23189
24054 19602
32496 29682
7309 18439
24868 24794
26498 19808
19637 8338
16728 5152
7660 21968
23359 31949
5891 20080
19952 30279
46 13160
23001 19800
2268 29950
29306 6795
20025 18233
6415 16962
11000 17045
19055 15107
13393 31994
1076 3603
2117 12015
9500 17990
20777 14604
11439 16661
8802 7597
7714 5617
4718 17134
2684 2007
13860 4307
1527 13605
24892 16326
3241 31148
20497 27463
6755 14086
7846 15583
31194 30505
12519 17237
3844 7485
28722 18981
8389 6315
534 17710
26059 20087
23643 9387
22711 11471
23106 9572
6013 7396
14093 28966
21005 18168
4546 9072
3123 23736
24109 1647
14011 24013
26404 7212
25562 2734
17935 18437
6857 31160
29607 11354
3763 640
22013 4232
15569 29544
28606 25371
13780 17776
5302 11327
5763 16975
18324 1144
29605 20675
9453 25491
15649 23333
32643 23517
23652 1088
4550 5522
4611 7779
26779 7832
22177 6325
27485 25197
17172 22217
9505 24159
17347 9842
13119 26107
6994 18393
32014 3015
30850 15308
6382 564
9042 19545
652 2254
1387 924
1633 14774
4538 1237
1660 19282
20319 31677
31874 6723
3014 5659
23795 3991
30739 15250
16302 14144
13764 30653
29112 6853
5777 19070
21561 13368
5015 21138
11463 3432
16310 1641
19175 24407
14648 28469
9937 17903
24243 6722
23924 23536
19248 13445
11706 21293
23948 1143
23309 23800
20255 13860
6426 30427
7580 11646
25813 28553
19512 21240
28349 14355
16399 3664
31329 21855
15299 25516
22307 1495
15974 26345
22076 28510
18842 31024
25088 27016
21238 1226
6755 14346
25772 11061
6845 18799
12649 6519
19658 19981
8061 30386
27893 15160
3900 8441
9174 3765
24740 11362
22777 26225
31808 22620
8929 16499
25419 28483
30796 30480
2841 17458
1721 19806
1971 17177
21032 8171
18882 18191
545 3502
29614 10985
32759 11581
2566 18443
19022 8769
803 22398
8667 10023
31240 26947
29547 24345
2189 26087
8999 1069
3261 20056
7446 17884
23932 11767
20195 27573
12909 29422
28385 4178
17170 8388
13388 2188
24885 4399
25810 19179
4743 14121
23377 27488
28040 6213
27619 32567
15782 28740
18712 32071
12969 13027
20098 28268
8014 24568
21623 567
2866 23997
28946 23523
7154 19820
19067 11147
6545 3596
24168 26523
4634 24970
25316 14981
24710 26635
9296 30901
6879 25985
1191 12998
11174 1404
6 14326
6771 4420
23147 7383
18395 19492
23228 6728
8342 27144
14092 22692
3041 21579
5659 31545
6434 12490
18971 32764
12491 24381
10426 18298
19584 24775
9308 22802
31356 24011
2728 14178
12337 15874
3143 22783
12334 1738
29160 6505
1862 29633
8840 13886
25839 32147
24304 11437
21224 17168
22143 2862
4127 2178
31017 2928
4817 16701
10944 2195
30195 22391
15218 9624
21969 9818
18836 14358
24565 23128
28830 19246
6730 11199
26998 20160
9601 10125
32753 18143
32436 31365
407 3971
1097 29314
2470 2174
16922 10764
20058 15794
18642 4649
21356 24448
5274 20085
9688 8068
18166 6005
1252 17791
14313 5929
7262 4244
8800 29664
13349 14520
28622 32080
30955 9316
26387 12262
16952 9868
17058 603
31154 22741
29155 12680
1949 26115
2518 32379
26782 22704
10490 4810
20676 16964
21101 32551
32712 20001
1108 2101
10900 5406
3453 13723
7683 17719
26179 22358
32488 29059
4274 30035
19281 7782
17388 23869
269 24071
26315 17044
3435 4356
7624 9471
27205 8037
28700 28899
3133 15823
18469 3636
1607 4858
21258 20875
1640 20837
930 889
4029 6473
15506 29212
5566 14027
26038 16623
23748 4213
28867 27366
17353 23015
4394 10939
23407 24266
11071 15746
28228 31238
16026 13188
24133 3381
20413 17226
31649 3159
5368 21240
14527 29127
27274 11229
24449 11886
21001 3143
11211 27190
260 2972
28479 10433
17126 1190
8779 9820
12829 31279
1638 302
3196 10702
15766 693
9950 16640
31542 7540
17421 26746
12790 29413
21218 6590
25379 30133
22445 29421
29481 31792
1238 31964
10070 22267
18117 5993
12512 16385
18176 16
26922 13743
10899 9913
9027 5732
4021 17620
13999 4131
3752 27304
10091 14476
16865 30440
3883 24842
6505 11400
11238 31565
32131 23246
14228 8699
1167 19372
27959 6562
16430 27725
24344 24050
26023 25582
595 3881
21898 3311
5013 21454
18067 1066
14629 674
6096 17027
1569 10452
3590 29888
17163 16500
82 1436
8068 11050
14348 3606
12630 17704
2032 8207
25784 9309
24192 7956
16846 22507
22436 7033
11120 15324
4500 25511
31532 13584
18679 16310
7822 27002
77 2879
6558 18573
13962 8555
4779 30704
28931 20304
19271 30841
7310 16510
10899 5977
2533 6612
15549 32660
2380 13977
19398 32693
26996 15304
30089 22463
23966 30122
25337 9062
3843 13226
1194 13439
23924 5734
30867 29110
4926 1026
32018 3455
4176 14017
5424 10575
12448 6614
16935 14603
29130 26743
30241 15041
7162 17204
9283 5782
29197 12167
4586 15103
11507 13740
19764 18740
18008 4274
27843 26082
22147 9427
31933 544
2430 12289
15639 12453
28535 26817
5396 23352
11366 32572
24584 27751
19184 13459
30562 16764
13963 31860
7657 30893
8420 23787
12358 28563
22142 122
16067 1502
18075 11883
29778 30790
16991 7525
28369 26565
14131 21566
27788 24835
26728 3344
29444 30738
27676 20111
21231 19547
28514 12185
11647 2264
1437 30991
24295 13444
1837 6628
29212 26384
17230 8563
472 13784
2364 13334
10981 27925
19612 11764
29592 26964
26903 26650
19612 9511
18760 21454
3824 20250
29912 24607
6963 31720
18919 24001
32288 18671
26030 21784
15957 738
99 659
14168 9406
16477 27963
9691 17151
18553 19340
18751 14099
1468 10883
15960 7951
58 2808
30576 1441
13110 26926
30094 17989
12426 25257
9976 444
4938 28223
3830 14011
1444 23154
6873 21216
24074 1533
18492 20457
6036 1709
138 12584
10655 12914
19904 30002
699 16054
19572 20440
10948 27117
32535 16472
20558 25454
26231 22484
17734 25985
903 17410
11991 13753
9827 29222
27787 32644
11919 24125
31411 15616
8319 25211
21512 8720
13405 6904
5778 15792
16902 12711
28617 17797
11862 9863
5115 16312
15781 26653
17645 32517
28561 20513
11205 9487
18430 22648
2599 7927
10588 7266
1695 20524
9257 31221
6207 24453
24502 26570
21897 23181
45 21238
10895 8990
11731 6459
14936 23345
8587 29568
28550 17140
23196 25727
54 15645
25011 32702
26920 28030
15660 7360
9248 9690
31373 19068
7563 5368
29011 5902
11622 27637
8946 32685
5980 28126
23575 7389
22062 7551
31536 24293
13912 32117
46 28292
1010 5771
18825 1504
20436 14403
8837 21951
4093 10162
1717 19193
7990 12433
16061 18478
24562 19602
14939 10164
1657 21744
19369 6611
20037 29258
10140 13109
7852 16049
20433 16280
25280 19968
18825 11462
6260 4203
17906 8647
23296 17243
8104 5717
27782 25722
20859 32400
757 23305
19059 24307
23598 19322
17169 23687
23909 18747
30680 7510
-1