99
12 178
85 188 216 244 74 208 146 187 90 89 26 259 
57 203
201 245 87 263 260 312 124 152 112 211 322 263 245 58 207 158 253 28 188 359 4 228 288 194 107 127 187 276 53 134 92 101 280 315 134 89 96 283 26 16 299 347 180 316 186 20 258 352 224 161 166 324 31 301 224 103 47 
184 283
184 54 25 45 16 279 195 246 182 42 147 186 136 33 184 132 108 327 182 137 280 98 12 74 37 163 320 174 108 161 1 74 66 75 268 215 135 281 292 98 343 240 139 76 249 247 81 252 145 124 77 271 334 17 55 134 174 353 252 217 75 67 83 93 358 267 175 262 8 198 97 95 262 174 254 158 236 65 137 115 310 103 104 176 161 116 203 172 31 9 261 347 136 188 133 296 192 95 24 25 263 85 72 257 85 1 220 12 192 320 277 329 108 144 203 50 51 14 199 43 57 77 278 115 228 353 145 199 10 73 317 44 75 60 153 359 344 350 328 139 312 297 280 60 127 210 8 71 139 329 90 284 106 103 82 42 213 113 240 20 329 289 320 114 153 39 86 283 199 208 293 282 278 359 131 213 239 331 142 98 11 113 307 57 
22 310
83 96 62 343 295 135 127 84 234 61 85 253 56 0 333 189 290 243 329 294 262 192 
292 174
17 311 215 154 11 47 353 182 318 346 279 111 67 240 259 115 271 65 58 65 347 284 276 264 43 247 293 211 128 243 273 73 126 117 338 149 213 25 326 114 117 285 111 260 147 53 4 5 219 236 310 13 301 240 328 76 264 355 187 229 303 84 349 182 170 280 88 320 121 254 221 150 105 153 267 49 197 231 288 231 244 0 274 136 209 174 36 64 296 277 27 108 22 34 168 320 49 355 352 186 90 270 145 271 172 140 24 177 251 309 164 235 294 200 195 119 78 334 89 309 182 244 359 303 353 45 205 219 202 291 168 154 292 124 311 214 333 179 110 129 243 21 27 114 21 169 65 97 265 12 202 265 83 47 62 108 84 284 30 210 344 347 219 246 193 67 129 134 152 62 24 339 269 50 127 266 105 286 209 117 267 22 173 138 191 266 287 347 298 345 42 281 0 347 152 311 307 36 48 279 113 125 149 237 302 159 140 94 151 189 50 46 129 134 78 130 288 243 305 243 302 333 188 144 191 46 108 325 9 14 120 141 102 18 8 201 166 318 273 135 42 355 82 277 125 131 152 358 203 109 64 85 17 170 57 198 34 108 271 62 261 77 219 285 104 317 338 319 275 48 324 242 302 138 12 321 73 342 115 77 167 356 164 103 196 178 321 204 351 219 160 55 
131 149
174 268 4 304 20 223 67 219 286 219 100 88 56 228 292 74 345 33 335 57 153 14 68 231 116 327 39 263 304 95 110 222 339 6 128 76 298 283 214 0 60 155 162 91 346 135 64 204 89 146 43 0 232 128 96 1 163 212 69 195 270 251 254 358 342 125 0 111 144 269 354 278 314 145 116 225 338 316 185 171 301 49 354 341 148 90 16 215 128 259 42 207 180 338 308 209 231 253 182 271 35 317 340 61 42 199 261 67 252 304 259 74 328 171 283 62 150 109 130 31 101 341 70 177 138 61 63 4 280 114 150 
191 310
143 13 315 240 60 230 29 154 238 42 34 108 22 121 13 212 129 233 3 142 268 308 41 352 151 155 174 237 85 42 75 189 171 115 103 42 182 46 357 337 268 57 203 27 155 147 9 53 333 315 123 29 148 172 296 284 170 102 284 158 157 340 315 46 193 291 2 342 5 197 170 153 336 77 244 130 22 240 356 100 297 0 177 152 262 210 95 270 303 61 283 198 88 7 240 207 312 317 359 359 172 133 326 194 324 196 50 136 310 131 218 245 63 28 278 249 322 64 125 79 270 171 208 293 221 113 223 124 279 148 226 281 276 84 58 77 14 224 90 267 300 279 86 39 307 95 248 14 353 263 141 150 50 5 39 289 230 204 306 10 6 267 323 263 341 238 152 237 30 265 247 63 133 143 120 12 53 15 273 264 20 313 19 299 11 228 263 87 358 166 6 
36 25
341 42 264 108 281 327 314 241 79 342 227 5 247 186 354 281 189 56 27 66 249 217 265 184 303 39 29 195 7 227 111 352 337 143 147 96 
98 57
267 155 274 208 315 30 273 92 198 262 106 260 306 99 88 269 214 45 90 344 314 30 304 316 22 95 165 156 112 129 150 141 28 125 79 315 160 313 124 94 346 145 144 177 71 170 133 346 193 278 296 45 67 197 253 25 246 144 345 14 106 321 301 155 345 190 220 356 319 51 311 281 24 114 29 109 109 281 351 96 58 351 311 55 231 101 127 166 218 144 326 209 235 97 149 195 333 280 
19 7
296 21 345 272 228 116 335 12 29 45 95 160 111 205 343 262 36 189 288 
195 179
67 327 51 321 37 50 319 301 212 258 120 345 106 128 120 145 217 11 352 54 299 110 231 47 45 346 45 141 234 18 346 7 211 144 307 117 250 146 74 135 291 70 82 82 353 124 132 238 219 87 311 353 17 74 181 248 285 129 103 58 171 222 264 174 296 170 207 265 342 32 77 19 69 75 118 260 159 318 168 198 41 170 339 110 124 127 3 346 355 1 153 172 122 349 9 97 69 277 113 9 87 159 89 308 265 289 309 14 170 186 254 323 263 308 236 11 172 194 26 280 162 14 353 178 160 15 52 46 161 339 233 328 111 192 150 21 326 265 329 190 16 310 210 354 233 150 279 292 304 139 136 357 76 69 298 330 99 62 132 323 48 317 77 184 271 150 115 83 298 266 261 351 210 243 83 159 56 88 162 263 4 156 114 201 179 34 157 86 175 244 319 172 354 115 292 
305 339
84 189 40 275 217 127 210 358 39 222 208 237 285 197 167 170 232 49 294 53 10 21 126 323 172 251 229 43 48 25 355 128 150 339 30 205 229 252 139 109 77 145 305 248 106 252 198 228 76 67 230 301 358 304 316 97 115 117 323 193 97 91 174 151 31 303 11 175 333 185 343 347 62 181 245 343 196 350 147 325 280 8 346 313 161 156 197 218 273 282 26 167 311 232 154 352 186 183 343 174 186 124 114 337 84 123 242 2 75 12 93 300 217 279 180 123 91 269 73 128 169 32 291 108 297 301 161 101 204 304 317 323 232 302 63 264 270 139 169 27 36 87 251 194 262 21 160 118 144 22 194 44 110 95 175 216 39 98 29 157 102 12 284 143 294 173 99 162 346 203 296 346 151 126 124 2 178 172 353 93 205 151 35 195 261 148 268 260 19 93 87 105 107 268 324 330 322 189 152 139 8 285 120 300 34 133 285 195 186 253 99 203 358 40 315 226 147 292 101 213 44 89 16 54 94 319 202 299 136 221 296 56 352 172 191 88 162 156 122 233 11 334 320 228 50 30 353 29 17 269 330 253 272 186 359 51 308 35 217 30 153 274 237 173 82 46 240 106 37 256 201 118 55 219 57 182 142 262 294 65 344 144 308 125 224 75 77 290 185 248 285 60 182 295 53 179 318 55 128 113 311 34 331 286 331 
211 79
339 46 131 138 266 78 261 264 155 142 277 45 10 257 45 339 358 200 127 150 27 31 62 37 321 57 224 110 5 347 313 166 12 182 115 328 1 338 267 159 266 300 84 326 246 22 316 358 198 177 97 139 306 252 80 64 283 25 48 355 286 246 121 153 326 139 331 333 152 324 95 235 177 83 193 107 225 27 125 128 199 47 112 250 199 251 13 307 182 173 124 304 104 218 237 346 192 14 199 86 282 84 48 92 240 351 172 21 131 176 267 121 79 25 111 108 260 338 305 146 185 209 270 277 38 153 20 247 122 236 5 53 340 204 228 325 19 149 346 132 295 309 200 244 262 16 232 239 29 179 250 9 248 223 316 350 37 72 131 335 127 104 80 78 279 63 353 40 304 114 260 278 202 15 119 234 262 156 254 98 73 338 317 126 296 31 66 275 135 255 293 82 325 41 356 79 124 35 274 13 224 226 268 325 108 148 153 78 150 31 351 
286 76
2 70 306 251 69 222 177 216 195 206 115 133 250 200 195 231 194 239 349 320 277 301 340 213 302 50 268 38 118 338 223 268 50 154 105 194 228 181 76 279 263 278 94 64 190 281 212 271 325 96 354 304 236 62 259 238 84 4 9 219 125 154 45 300 169 331 109 53 140 341 270 322 323 157 302 200 30 357 11 156 292 37 347 338 300 304 32 221 207 187 243 250 321 312 207 199 343 169 284 106 315 165 304 196 170 222 19 45 235 222 288 72 18 3 73 214 119 160 301 92 56 87 157 263 114 12 207 193 23 18 227 301 221 298 23 124 220 136 50 30 311 299 177 41 348 321 5 313 179 109 212 85 352 323 60 78 301 247 240 151 105 110 139 70 5 101 255 43 345 327 85 203 25 174 144 318 216 292 170 128 310 202 61 47 337 282 180 209 350 72 203 269 357 277 5 52 309 107 217 17 294 211 52 81 26 73 105 199 148 257 22 255 34 1 34 213 11 177 139 76 122 152 86 167 258 197 318 62 288 258 339 201 269 117 190 99 247 229 357 308 31 144 293 102 157 6 179 23 355 348 287 307 308 18 30 132 178 243 268 103 164 298 281 247 43 179 100 90 300 207 277 144 158 354 261 192 46 274 69 50 88 302 185 314 51 7 
260 183
135 228 148 92 356 108 330 38 152 3 93 327 152 183 99 131 341 80 16 76 118 124 22 234 95 6 295 203 262 244 337 24 10 21 312 236 261 94 306 110 147 67 188 135 210 287 203 42 115 28 343 52 158 347 45 216 247 222 69 250 203 253 159 319 159 52 95 354 230 240 227 161 58 192 179 306 120 282 88 103 243 232 46 346 147 37 352 188 180 261 168 92 227 258 226 80 207 252 330 267 190 295 2 285 15 225 347 16 62 37 323 291 190 256 63 357 76 326 151 301 284 122 346 331 140 161 288 331 315 249 104 8 174 212 111 147 343 66 297 242 69 98 70 272 309 43 172 347 295 124 265 326 196 92 142 314 231 24 112 61 210 173 89 111 301 331 60 114 236 22 192 215 258 221 136 268 260 22 200 293 359 260 301 250 341 10 168 235 142 257 216 223 170 141 155 300 205 259 97 347 262 280 241 346 359 83 32 230 322 264 112 64 174 161 17 131 305 125 313 132 346 138 287 167 159 101 49 47 270 281 106 275 167 149 273 11 285 132 15 78 306 153 299 319 316 130 327 200 352 32 73 51 266 62 172 51 92 39 197 319 
27 339
285 271 53 119 78 222 332 336 275 98 4 352 50 297 84 84 114 260 303 277 201 155 77 85 210 115 160 
45 261
197 166 173 115 167 287 244 135 290 199 227 102 270 143 139 225 199 219 56 208 284 338 205 273 203 136 134 71 197 141 116 31 169 308 124 148 42 100 87 150 291 320 287 330 30 
73 226
162 194 146 243 298 352 182 96 335 243 159 121 327 266 254 27 48 130 142 74 232 175 327 292 304 298 69 171 37 263 127 235 214 48 226 168 128 247 195 4 136 178 50 357 303 352 227 343 183 168 209 56 95 28 302 163 1 152 169 165 172 289 133 66 210 298 144 134 327 24 349 163 251 
52 344
41 117 79 167 134 267 194 126 227 296 3 4 21 200 265 307 280 102 261 304 73 324 90 339 172 219 337 68 103 332 52 158 25 304 294 75 22 68 264 75 268 252 358 225 252 160 135 66 241 338 114 27 
252 240
307 170 11 143 177 112 3 259 105 62 173 251 343 75 190 70 259 282 239 129 201 87 349 315 23 277 305 53 24 269 284 240 340 88 339 299 169 208 297 242 68 359 96 197 352 120 352 108 124 357 24 184 174 280 264 352 48 78 331 131 36 129 28 89 194 169 357 279 174 117 187 80 254 1 8 86 328 1 7 203 113 324 318 286 213 353 63 185 71 84 175 358 229 28 275 8 199 233 320 269 281 158 233 164 261 217 238 160 335 26 122 349 205 294 178 156 191 313 179 235 154 75 111 96 30 121 175 161 76 23 296 77 62 27 97 321 216 95 2 223 115 91 156 187 11 206 130 190 45 225 238 135 103 220 263 186 66 267 64 283 259 96 63 217 11 312 289 30 32 278 284 40 278 29 118 347 336 14 346 45 38 108 16 77 26 73 280 13 45 196 24 54 252 20 228 311 5 342 50 62 314 256 302 93 340 229 294 77 210 122 182 255 263 192 345 207 249 283 18 85 58 276 62 84 29 263 130 25 100 48 65 195 310 232 91 194 189 225 101 110 15 141 194 287 12 55 98 106 23 162 98 211 
161 359
13 282 332 196 41 108 195 10 204 242 159 314 137 230 68 2 275 154 32 338 5 333 150 108 44 179 226 98 289 237 142 10 175 57 68 189 91 356 31 86 233 167 203 0 357 190 158 270 202 103 348 343 67 342 9 224 195 136 164 0 162 157 17 85 275 36 120 239 140 19 291 114 305 136 167 340 321 332 91 270 337 245 153 192 21 142 120 26 273 79 77 24 30 69 333 180 267 294 222 175 199 232 25 118 197 41 98 50 116 198 20 320 301 337 300 353 57 139 287 107 323 56 90 110 59 297 343 242 139 183 287 16 112 30 270 253 151 19 281 222 261 311 189 276 207 258 286 266 325 187 178 356 35 170 333 294 163 351 137 69 76 
313 255
329 211 314 179 343 195 340 100 96 134 78 286 358 105 71 301 313 196 327 285 20 298 98 347 95 202 209 141 359 234 88 165 274 62 7 105 236 10 305 92 70 17 152 234 234 106 264 307 158 139 49 20 236 154 6 150 278 306 247 182 90 91 249 342 50 134 289 109 17 16 61 143 290 4 154 205 0 289 244 299 15 350 29 150 156 164 132 258 2 284 191 168 141 316 11 164 113 273 61 280 250 311 202 325 314 125 333 154 219 149 139 185 249 198 158 127 304 75 319 207 35 235 149 238 208 75 345 319 120 137 349 220 143 49 88 74 207 8 326 241 63 47 225 331 88 194 109 119 43 247 264 284 125 156 162 23 113 11 277 67 75 157 53 298 22 6 258 18 355 295 53 162 295 97 283 256 257 49 128 293 33 324 89 64 265 235 43 119 294 82 241 285 207 183 106 61 311 175 40 351 224 151 55 220 56 152 344 284 85 58 14 237 289 89 308 254 188 46 164 92 88 1 313 287 159 217 182 272 126 33 184 124 351 202 5 156 211 114 72 343 111 15 139 65 67 354 206 214 252 199 170 183 188 203 289 196 129 330 322 95 91 202 27 141 82 145 63 242 345 90 237 238 219 347 98 190 105 270 76 18 11 348 341 304 246 44 97 84 343 347 350 165 340 115 195 111 74 81 332 189 219 122 245 17 150 114 11 303 159 186 317 293 241 
352 148
191 109 316 87 9 181 96 202 332 35 172 113 334 143 69 232 228 105 297 198 163 42 92 284 61 163 228 189 11 41 293 46 279 104 289 179 166 142 295 354 160 244 232 184 116 52 122 127 18 244 26 165 253 280 356 114 30 127 86 209 261 326 123 222 125 135 134 311 154 220 347 71 328 118 117 260 252 193 21 353 135 25 85 27 16 93 45 95 209 185 219 297 45 88 338 252 317 13 357 180 56 292 273 274 18 300 140 277 9 233 119 247 54 22 232 149 119 289 86 204 77 184 272 16 22 191 37 229 173 222 212 1 315 180 167 234 335 295 129 210 346 277 31 23 109 10 117 248 96 75 142 335 352 133 186 319 312 320 188 264 97 228 236 126 58 122 274 285 180 235 219 243 0 61 236 164 115 305 85 16 349 81 173 244 63 95 215 293 38 137 255 162 4 131 118 242 75 107 121 265 255 204 283 207 280 192 344 49 240 204 196 327 230 271 269 216 315 211 6 28 214 86 53 299 32 52 105 247 5 230 207 6 74 291 43 300 302 133 100 10 315 296 178 150 124 216 313 226 226 68 215 263 54 159 195 161 276 241 156 173 54 236 19 215 234 121 102 11 202 233 160 88 118 192 10 270 101 207 228 284 126 141 210 72 274 147 114 318 236 348 187 177 13 310 167 22 174 158 271 319 36 152 179 98 307 202 285 306 346 220 44 111 284 254 34 191 28 148 198 350 317 187 36 182 352 330 255 120 128 287 252 123 330 290 351 144 32 148 264 27 152 101 123 65 67 282 80 191 20 300 298 172 
151 268
145 315 149 86 65 297 346 61 129 19 28 122 16 284 315 16 330 344 184 68 192 203 95 325 171 127 92 96 228 244 134 132 217 59 58 153 64 46 116 10 37 143 307 196 167 303 1 350 175 15 155 114 315 195 161 311 210 39 295 325 107 301 106 124 145 359 287 254 38 173 234 214 143 66 8 303 175 144 240 114 121 252 190 257 57 217 353 17 64 340 101 145 147 72 168 305 121 188 172 328 258 303 358 222 298 48 192 106 110 330 275 240 299 342 111 24 101 309 64 336 133 86 45 24 188 344 338 278 347 271 186 248 180 143 14 284 6 283 269 311 356 203 329 93 27 101 99 202 186 323 237 
17 222
47 32 323 110 354 203 104 3 30 323 161 144 135 228 187 212 160 
245 107
62 6 90 53 42 342 19 344 338 152 349 97 238 91 155 266 270 196 145 79 220 306 85 213 257 337 87 157 63 172 143 290 59 0 294 36 108 87 151 177 41 15 354 139 177 347 233 4 295 344 130 306 272 212 335 23 141 241 319 258 12 228 81 202 275 271 118 113 302 273 222 253 236 145 189 206 231 271 304 317 183 346 110 149 281 323 63 202 14 274 138 305 41 275 359 118 66 38 164 60 35 93 36 307 207 106 236 307 48 75 51 27 38 259 312 158 112 319 114 124 117 260 341 306 307 187 233 118 166 244 209 203 233 320 192 76 18 8 96 109 12 197 176 246 290 285 197 167 79 318 55 266 262 42 81 356 107 222 358 336 305 68 56 296 109 171 191 200 293 80 329 42 86 69 188 180 271 212 147 111 156 118 73 265 340 134 215 338 209 231 271 57 45 149 336 48 36 197 325 286 162 134 220 159 113 94 60 220 189 180 117 113 30 197 128 243 142 53 83 326 27 204 263 334 103 197 339 91 154 116 298 11 182 277 93 16 0 60 279 265 191 36 210 348 54 
18 218
115 246 130 10 59 288 255 20 197 29 136 158 308 100 319 331 83 191 
225 287
191 337 246 26 236 306 126 309 228 274 239 121 7 147 331 136 84 130 216 254 328 234 9 189 181 171 178 13 130 313 321 63 235 242 255 233 201 115 101 296 71 329 334 35 77 227 165 139 89 283 115 127 157 145 81 195 193 82 136 16 21 31 331 322 132 64 317 188 60 75 151 172 188 333 300 42 329 146 131 157 343 218 56 176 225 154 141 234 318 100 352 162 85 106 16 257 131 79 53 121 4 41 110 226 19 118 255 254 212 197 57 19 31 137 76 144 133 247 24 341 80 357 343 270 210 111 284 149 95 299 117 335 11 61 286 303 348 331 173 57 225 242 125 103 76 106 37 141 24 112 92 256 270 225 220 183 137 270 50 110 131 253 289 138 336 261 311 209 96 245 177 87 330 232 273 32 249 215 332 266 157 253 106 322 329 97 261 353 313 87 107 89 113 51 255 15 92 24 186 253 296 356 7 109 107 90 196 252 277 251 149 127 217 82 1 347 351 301 97 317 88 18 125 6 14 
252 161
273 264 67 117 126 11 221 328 50 20 250 99 208 148 102 246 307 167 101 160 148 317 155 226 228 207 317 96 202 180 225 32 222 313 294 351 82 7 190 90 282 329 150 12 232 85 170 40 206 35 283 207 182 305 322 316 201 263 83 340 150 70 299 139 257 314 353 130 288 72 97 82 127 137 23 238 304 63 145 307 335 51 231 277 159 335 78 44 138 315 106 355 251 31 98 114 40 92 207 308 197 47 184 178 118 243 102 135 284 3 107 210 328 240 103 160 196 111 64 351 162 78 138 219 53 180 180 145 266 283 323 92 93 266 188 162 300 217 312 207 95 258 10 124 129 169 216 272 179 148 37 281 151 175 227 34 66 353 101 204 211 203 103 180 7 87 186 156 11 313 331 257 145 179 172 10 91 325 267 74 3 296 59 64 181 92 306 108 242 171 67 218 134 98 243 187 90 250 198 271 285 72 110 32 166 351 139 94 297 229 224 359 13 117 106 236 166 151 21 36 346 57 11 62 124 313 138 239 57 313 101 9 322 203 249 165 169 3 334 129 112 34 200 162 313 65 291 84 56 95 271 322 
200 178
344 148 25 333 148 123 64 145 359 66 278 294 229 350 244 180 39 230 287 9 100 81 291 337 200 7 235 107 82 20 76 278 49 116 309 309 43 208 270 140 164 100 140 296 256 356 143 82 250 202 271 342 8 124 284 244 194 28 238 266 187 157 347 272 307 5 284 19 278 104 279 292 346 311 147 189 254 81 272 165 227 119 98 234 240 228 320 332 158 321 238 150 287 204 143 81 245 300 35 270 328 7 206 126 284 186 120 134 127 311 329 346 180 287 203 99 311 51 266 182 222 134 158 231 285 137 98 338 341 206 61 299 167 82 68 359 320 20 209 359 77 194 300 220 345 330 322 31 12 272 34 36 151 3 16 206 101 43 119 120 325 320 43 5 281 281 57 299 124 118 295 5 114 189 80 42 154 232 163 148 104 356 221 238 152 162 89 335 137 286 129 306 117 159 327 326 79 141 211 280 
57 124
10 168 54 316 84 141 144 141 202 15 140 160 134 235 2 348 155 269 222 67 249 246 350 183 278 332 135 115 284 135 109 205 267 214 188 125 203 4 170 5 8 279 230 164 275 93 275 69 207 307 24 76 119 97 92 95 44 
10 233
96 358 269 145 262 59 198 89 120 152 
215 278
256 240 273 105 336 132 103 169 86 128 110 253 154 99 62 34 72 307 138 208 214 194 336 120 216 121 179 243 29 278 206 32 343 22 121 112 6 352 12 92 116 102 66 290 287 172 284 150 119 205 353 278 234 334 33 230 7 353 107 207 191 294 80 237 54 21 42 172 263 192 98 282 197 244 290 91 1 87 329 318 64 313 98 9 157 208 48 285 332 202 290 186 320 185 130 238 258 213 3 201 3 344 55 68 104 313 188 69 40 24 117 150 247 239 245 231 190 95 190 237 206 165 343 316 60 64 237 341 257 131 189 165 239 127 146 22 208 167 184 6 217 127 202 113 323 5 78 170 73 86 207 248 220 72 279 214 346 313 190 350 183 94 50 84 316 62 116 34 230 356 279 115 344 271 264 311 337 80 122 90 289 211 201 338 358 88 267 336 241 184 251 340 325 179 205 253 291 254 59 294 136 79 186 95 130 331 206 109 17 109 63 154 129 33 218 
308 308
130 287 310 165 233 63 196 345 28 301 102 270 74 327 261 351 219 284 143 113 187 58 35 337 264 335 307 163 111 129 48 331 166 54 54 346 94 250 260 45 205 73 186 112 227 300 252 87 315 72 215 344 185 131 36 9 255 306 9 109 46 271 115 99 9 244 186 54 123 212 46 176 150 35 241 353 356 347 85 310 66 1 178 322 304 149 234 209 215 125 232 266 163 67 22 165 272 343 139 168 117 344 198 11 24 5 201 291 304 100 186 205 337 101 68 46 171 224 44 62 259 168 110 320 289 282 328 260 187 293 198 306 33 338 57 355 316 41 9 204 95 339 150 171 122 108 282 248 59 14 235 9 287 28 340 284 226 127 81 57 106 74 326 13 88 122 22 112 187 350 262 228 13 219 82 140 93 248 152 227 174 250 304 15 144 26 76 17 257 220 99 157 208 148 206 240 126 168 190 45 337 137 115 206 27 56 143 47 66 97 54 326 315 143 157 57 235 355 17 248 261 95 150 313 273 214 196 67 257 13 81 221 143 80 304 205 218 278 103 219 237 7 342 107 135 273 254 308 35 195 72 128 94 93 356 78 55 174 68 275 149 236 229 181 343 176 119 236 234 29 207 57 7 137 303 198 300 95 318 269 175 162 140 46 38 223 186 265 44 91 227 172 126 227 171 27 185 307 99 93 128 43 254 329 32 132 4 289 
223 200
147 254 197 263 335 318 147 65 341 319 181 0 186 170 57 52 118 112 77 252 217 4 200 70 135 320 69 184 195 72 71 78 324 5 195 142 124 181 219 316 132 127 306 322 48 29 74 315 121 35 359 146 42 328 235 168 235 327 342 147 308 119 55 182 281 252 130 203 65 52 210 194 193 231 53 306 255 159 266 171 239 274 153 261 151 78 332 278 243 186 98 2 219 91 355 341 167 31 165 53 139 247 340 353 353 258 135 193 349 71 318 68 225 70 77 177 201 180 191 270 99 191 189 271 94 270 135 42 87 257 64 311 163 74 304 35 57 304 358 30 14 1 142 14 263 68 111 71 50 356 146 52 81 138 298 341 244 119 180 60 355 197 164 246 234 161 312 85 118 231 121 36 123 328 219 125 191 175 330 76 338 7 165 111 46 248 163 265 313 322 234 78 168 20 46 328 124 87 280 324 337 0 52 128 339 323 199 190 230 144 82 287 313 88 82 48 188 104 126 55 12 244 350 
152 34
267 74 235 49 330 335 97 216 16 148 43 95 57 80 13 242 157 200 14 19 169 219 275 88 283 347 345 14 36 240 332 255 185 190 265 128 153 289 83 333 190 343 51 121 88 32 139 47 231 302 218 250 27 345 148 59 193 57 268 215 319 117 229 227 321 123 247 175 347 147 91 200 9 18 91 149 136 322 271 2 279 49 126 291 82 90 343 113 23 176 281 201 314 134 18 20 107 314 201 0 125 104 248 44 181 276 234 317 43 93 333 54 290 117 3 287 234 199 324 20 333 278 57 103 87 197 38 62 179 224 254 42 34 335 184 152 126 198 223 198 48 172 5 291 341 185 50 223 40 159 229 246 
90 300
157 0 99 337 56 22 171 326 125 354 247 260 174 22 168 75 97 140 292 230 85 145 231 312 154 124 138 51 158 345 338 62 163 110 139 236 251 86 241 0 260 92 292 205 353 125 30 140 56 44 51 62 28 255 41 35 114 225 119 332 153 57 139 223 219 89 152 103 322 290 253 130 66 182 84 216 65 220 22 71 70 104 324 324 299 235 70 16 262 188 
261 334
340 111 161 91 304 287 296 6 303 255 344 93 292 125 63 331 193 119 296 225 83 47 87 22 165 116 139 81 270 242 79 211 149 233 136 54 178 267 344 39 171 15 197 192 28 202 320 73 154 105 142 271 291 92 138 76 208 232 22 132 96 38 105 16 126 318 191 26 146 24 284 205 160 249 355 272 306 25 119 124 353 57 156 144 199 101 285 165 218 7 35 166 127 162 359 213 73 99 299 327 331 15 143 102 86 51 265 155 201 302 88 104 116 173 106 224 188 97 92 42 240 82 268 112 114 203 298 116 223 139 173 339 328 34 22 179 202 65 266 294 69 91 145 128 189 233 123 262 327 213 70 257 278 150 54 195 222 22 22 249 212 305 2 182 353 120 241 275 299 1 227 274 186 94 26 192 10 356 256 223 252 250 345 354 287 321 251 54 71 207 12 291 20 236 258 46 269 52 105 267 76 45 8 152 100 286 188 303 122 135 339 166 146 58 336 353 167 212 98 244 277 33 24 270 287 141 241 221 280 93 335 330 311 21 190 340 265 137 314 196 119 114 191 18 187 31 0 144 44 313 30 165 265 287 232 109 216 50 351 348 44 
206 99
328 101 218 342 170 42 328 177 285 278 50 238 22 148 331 99 305 126 174 0 177 155 277 312 189 69 166 309 222 176 71 123 22 225 43 196 248 159 86 43 24 179 144 261 230 234 333 211 33 49 312 258 110 326 266 215 5 213 69 327 271 267 51 358 270 38 142 311 255 6 9 255 154 44 218 67 86 93 121 172 252 80 189 306 180 208 32 0 294 285 139 340 336 211 257 18 18 293 245 264 198 88 308 188 273 176 273 149 318 15 36 331 16 181 302 321 144 136 228 286 192 109 235 240 312 327 97 256 121 30 347 102 1 235 283 269 187 1 18 50 172 302 277 160 271 191 169 289 205 101 342 189 56 241 48 18 128 304 128 4 206 285 197 183 289 82 355 21 42 323 197 54 319 189 182 55 50 158 276 160 111 222 175 214 150 77 303 164 113 272 208 65 59 214 237 100 317 54 245 132 210 256 179 179 82 183 
275 303
133 312 187 245 113 246 150 307 117 292 133 286 74 163 227 308 112 79 337 311 216 194 295 294 40 52 234 223 63 162 47 225 126 316 327 7 185 195 237 130 90 311 22 230 116 4 312 298 299 98 59 93 250 274 137 228 5 220 217 207 288 344 14 110 330 295 221 350 354 7 180 75 294 193 109 17 341 120 18 282 290 72 276 341 113 276 271 135 219 212 7 159 215 83 240 356 253 107 174 305 126 199 152 107 336 76 293 205 0 198 237 172 341 34 138 348 238 94 286 17 314 185 141 275 323 226 74 46 227 96 296 196 322 54 291 82 13 58 317 260 151 106 120 216 128 88 86 28 81 95 155 51 169 355 194 34 287 260 118 115 343 211 175 87 113 209 2 67 358 32 257 260 268 106 314 57 5 187 305 188 336 74 231 23 63 300 31 8 190 237 99 237 312 221 131 196 220 158 209 56 291 269 288 146 346 306 12 78 16 138 175 34 258 262 97 49 269 223 204 175 16 293 249 166 250 262 62 183 110 152 138 236 195 62 11 48 299 45 229 150 104 174 263 223 140 289 324 232 237 271 186 215 192 63 256 311 87 223 292 33 243 44 325 273 232 329 271 358 328 268 303 278 64 202 122 
74 86
302 178 98 145 0 203 2 175 79 215 173 139 283 9 199 174 155 159 2 91 110 144 312 156 106 349 174 146 175 71 282 132 103 119 214 328 28 60 253 16 122 2 330 69 255 89 156 75 299 195 201 75 323 354 224 337 196 0 234 348 228 217 222 313 52 117 50 248 94 101 196 289 181 210 
314 252
343 117 202 86 83 10 70 100 104 55 97 102 334 177 140 124 223 341 83 295 11 272 90 204 99 231 17 43 23 41 207 138 133 172 268 69 201 190 280 271 270 10 211 314 103 264 245 305 16 284 64 345 225 47 65 248 14 182 320 176 247 321 185 102 223 260 304 38 93 327 130 50 291 242 341 139 134 23 120 332 92 69 348 307 129 144 210 324 243 208 244 30 21 90 104 164 161 158 55 26 7 192 295 38 22 198 147 116 107 220 170 172 122 82 55 134 212 277 84 281 285 272 6 120 239 190 167 224 213 50 91 320 206 181 336 287 147 201 163 354 193 309 351 242 230 290 338 246 8 345 74 320 56 35 68 26 149 30 329 152 232 292 16 200 220 118 24 173 162 214 274 12 70 263 224 83 278 53 45 132 12 163 12 310 157 125 274 7 125 229 204 92 316 22 242 349 359 277 121 10 30 70 349 163 54 176 241 130 34 46 146 123 184 350 345 35 187 278 36 23 22 324 248 50 38 193 207 67 214 130 97 127 224 283 201 344 302 343 212 301 241 112 284 186 88 301 45 257 86 325 7 70 112 82 14 152 155 156 154 23 33 246 300 25 242 313 70 170 246 234 22 166 250 207 210 160 334 101 30 288 295 179 196 59 230 303 256 311 77 130 330 105 87 322 100 314 182 105 223 54 73 179 230 86 249 239 165 322 353 107 291 140 20 246 
257 67
273 281 236 41 152 222 348 24 255 287 349 143 201 153 3 231 117 129 214 153 96 341 320 59 245 272 141 273 25 23 94 288 105 176 184 107 34 145 48 308 210 262 151 136 241 350 144 305 171 278 309 281 231 305 193 270 72 229 282 358 145 182 298 338 183 76 144 221 112 106 320 255 327 76 45 8 110 358 337 33 166 232 284 168 283 35 264 35 318 19 149 91 53 119 201 266 188 22 23 90 241 146 336 61 293 163 267 331 203 293 180 224 17 76 35 5 283 145 147 186 152 177 278 259 56 330 11 23 318 138 160 232 67 142 346 316 82 123 285 249 291 123 48 285 38 193 145 254 34 352 278 177 44 154 180 109 207 30 76 289 251 61 168 28 118 40 201 53 201 53 322 175 208 15 285 271 315 77 354 356 254 202 60 99 26 38 171 89 162 68 3 47 94 161 37 91 41 354 241 82 320 230 153 334 318 67 316 55 292 135 297 287 77 14 197 245 182 74 154 18 196 241 296 338 239 268 5 122 183 203 253 236 194 318 148 236 66 207 188 279 56 86 220 236 277 240 217 110 51 201 114 66 145 146 203 284 294 
333 222
230 213 127 87 329 336 275 319 252 70 263 51 44 6 84 11 281 342 104 199 97 354 184 128 322 209 136 62 293 66 342 13 15 154 92 221 40 165 272 354 75 39 262 70 104 42 78 335 121 171 203 357 158 102 23 334 185 318 335 38 280 208 217 84 234 85 171 346 179 158 337 9 59 223 323 228 226 246 130 240 112 315 94 18 178 177 71 145 42 251 64 88 88 263 324 60 2 82 173 169 211 127 89 282 349 55 220 142 1 342 142 189 73 133 239 287 206 28 294 32 306 71 176 139 235 262 196 40 17 317 147 328 22 234 295 200 110 260 208 6 238 235 276 342 265 218 340 46 5 143 193 131 243 0 143 87 245 259 322 99 166 33 224 200 268 213 191 24 67 3 134 339 215 257 6 325 341 303 326 336 299 161 305 146 191 2 117 313 150 310 148 33 95 216 301 256 272 310 57 166 278 49 305 189 114 324 35 133 320 103 103 133 295 340 357 273 140 49 0 62 344 243 84 20 181 230 212 82 158 244 174 10 183 138 338 290 86 20 22 190 148 180 282 57 273 13 339 340 239 106 203 110 75 142 32 214 15 126 74 41 353 346 151 139 196 163 174 12 328 238 212 75 201 147 233 225 93 110 229 286 127 119 292 39 252 1 288 325 17 43 262 27 56 82 259 166 68 202 194 283 105 131 26 73 56 264 190 53 165 282 235 240 356 94 355 210 247 117 248 149 350 108 335 240 19 164 335 335 199 35 293 284 331 
101 281
121 236 244 45 52 218 217 51 22 45 17 69 245 190 196 55 316 142 136 191 262 222 79 217 5 357 329 131 357 110 106 327 61 116 214 235 234 271 129 171 318 58 222 358 88 325 234 47 232 349 11 348 9 132 230 254 265 257 288 323 207 0 46 51 50 242 313 124 274 246 326 219 180 3 0 232 43 313 337 11 63 294 51 93 142 161 279 122 313 135 243 321 339 101 154 152 83 69 259 357 195 
227 133
21 94 226 349 277 10 57 156 153 172 111 358 180 195 254 206 129 137 197 304 159 167 111 336 208 42 298 200 145 349 81 29 289 85 16 47 222 353 132 198 117 276 230 293 222 330 216 187 24 208 10 101 101 291 176 202 22 133 232 56 350 358 33 213 205 30 236 192 13 235 158 98 226 188 127 19 168 182 275 308 323 114 133 280 45 359 38 351 133 187 178 302 328 81 30 350 104 81 233 182 158 302 189 62 18 218 61 196 332 336 258 231 22 13 145 224 233 120 157 273 162 167 300 142 203 27 133 301 52 221 10 93 336 10 330 176 113 135 82 353 122 197 12 252 13 184 275 24 166 332 318 210 271 102 309 308 106 312 36 332 191 53 238 78 188 130 318 82 74 266 175 113 45 86 40 326 222 316 143 219 240 196 219 257 314 115 160 171 174 26 115 330 231 119 233 160 169 208 167 214 173 294 230 262 282 64 87 108 181 109 28 187 127 79 59 335 188 143 318 111 180 35 25 107 300 80 209 
115 320
15 200 255 88 231 36 16 241 282 315 205 117 323 215 255 1 60 133 328 176 311 28 111 52 327 146 270 231 221 248 62 317 112 151 8 97 165 354 97 356 35 161 332 313 51 108 242 96 138 162 246 205 257 157 230 215 1 129 147 179 66 92 210 169 345 132 170 207 66 327 34 53 176 288 330 166 339 264 93 17 222 332 179 296 110 290 271 288 329 310 322 9 292 1 278 311 263 300 66 60 147 230 45 195 221 208 332 186 243 159 89 225 273 21 13 
215 93
218 168 169 54 23 349 141 287 274 258 112 143 120 156 296 247 170 144 56 48 246 7 219 310 38 48 82 33 73 197 226 337 11 292 239 278 95 231 46 68 260 258 72 315 135 31 197 143 198 56 305 132 339 324 66 125 67 127 150 143 109 158 330 63 287 119 202 118 195 302 354 307 113 142 313 220 3 8 104 306 206 6 355 217 1 68 220 265 197 80 138 150 39 214 184 36 340 323 97 128 308 175 44 57 98 50 15 202 340 181 213 301 334 244 166 123 22 313 269 128 251 284 144 121 235 331 238 246 298 302 118 144 319 271 197 25 199 24 231 234 321 54 56 193 14 19 110 200 314 319 190 17 2 26 19 334 93 77 343 242 98 44 355 113 309 250 128 270 39 21 196 311 92 295 288 159 92 276 56 33 53 130 41 342 46 130 181 301 165 335 244 174 320 122 111 285 120 333 44 264 59 92 90 17 274 320 160 250 154 325 42 151 84 256 59 
36 349
92 317 139 86 15 31 186 315 357 87 269 153 315 171 142 359 298 18 118 126 284 346 171 252 333 134 115 313 306 48 181 348 271 216 313 342 
37 127
288 21 120 213 171 67 304 142 65 174 291 88 281 232 254 101 92 140 276 253 201 129 15 330 195 85 344 294 212 269 336 2 300 276 66 274 336 
256 60
242 285 225 117 59 291 213 123 340 307 67 34 5 354 186 4 275 328 205 198 150 3 251 93 113 164 241 197 262 321 195 301 329 288 39 149 131 311 21 32 192 106 222 152 10 218 272 153 36 50 186 319 222 357 271 123 181 13 204 327 41 251 207 341 83 155 67 125 134 348 278 71 141 261 244 5 99 287 217 251 87 24 293 152 109 27 296 136 143 4 231 133 37 230 282 353 332 39 137 325 107 131 89 319 265 346 120 68 279 3 85 267 263 56 171 75 176 28 356 124 31 23 172 160 76 159 157 94 215 235 205 192 171 99 0 196 219 186 237 24 171 120 133 266 197 358 138 220 20 140 305 309 314 259 266 177 145 123 348 235 59 232 146 309 52 326 27 223 302 161 253 152 161 46 237 139 261 158 69 126 103 268 33 213 107 323 339 171 100 138 124 37 89 251 246 91 353 137 75 21 77 128 312 60 173 110 87 115 243 45 8 4 259 241 96 224 284 247 64 356 244 58 272 30 207 59 157 183 67 247 208 109 148 186 359 0 166 74 232 320 153 148 110 14 355 302 272 105 30 42 79 109 3 35 206 165 
97 194
16 294 63 156 352 337 27 113 289 6 70 8 299 215 5 70 315 57 236 337 305 269 75 128 185 1 82 142 246 154 183 185 215 350 53 327 15 105 41 121 359 351 342 352 75 46 85 210 36 224 315 297 20 330 325 172 153 301 6 343 125 244 305 215 268 208 200 97 98 182 162 270 102 15 312 119 335 321 318 220 297 69 155 178 114 24 289 228 350 79 242 316 281 266 120 350 121 
229 17
7 85 294 265 126 150 77 253 85 227 184 289 186 33 34 315 47 42 224 341 28 141 261 142 46 41 297 225 346 275 94 314 82 9 297 277 298 265 194 291 85 199 309 144 97 110 353 138 65 296 8 191 107 189 275 23 274 319 236 290 249 21 99 128 215 152 56 120 256 202 135 96 192 345 126 328 203 70 12 158 294 36 14 10 326 123 216 130 249 299 128 207 133 136 152 264 340 136 127 39 270 224 4 122 331 313 95 307 123 322 129 246 334 156 133 299 79 144 176 323 307 229 137 18 136 224 304 289 207 66 70 5 18 192 103 258 181 301 67 33 158 115 279 135 316 212 149 57 130 36 9 59 155 163 181 222 12 163 216 105 104 34 118 141 28 159 71 1 350 295 89 180 196 132 346 68 358 125 75 324 80 149 199 91 336 91 80 103 323 40 79 346 318 2 169 266 162 201 117 331 290 241 313 234 301 176 123 293 275 70 108 145 282 25 341 80 173 302 107 284 36 20 117 285 16 71 77 330 70 
227 239
77 285 296 186 106 46 331 340 318 303 310 198 324 210 116 183 85 106 2 153 228 244 27 340 275 293 207 21 23 80 340 148 152 217 315 105 232 339 18 181 93 286 302 349 139 220 130 106 128 160 167 117 290 277 345 69 6 334 112 102 44 3 14 101 313 265 342 235 26 90 271 171 135 262 159 105 33 338 201 205 267 289 122 101 291 203 332 115 327 292 106 351 22 259 23 208 86 271 317 279 286 61 76 71 11 147 54 283 2 258 166 314 318 180 318 152 20 20 51 315 255 348 354 154 29 120 312 137 315 87 229 108 198 348 58 56 91 144 130 218 220 79 102 66 227 329 112 309 113 294 27 166 349 273 291 328 230 47 110 132 231 108 198 135 161 317 34 25 10 12 287 276 326 167 75 97 138 27 292 75 11 164 8 77 242 311 289 89 247 126 148 41 253 273 150 32 110 194 322 286 163 124 282 88 83 80 325 174 192 17 289 78 308 66 99 282 298 145 228 33 320 346 122 244 115 150 255 
80 259
118 30 184 138 51 155 77 69 63 74 187 250 212 219 322 81 126 120 168 88 84 346 212 202 29 27 242 56 129 195 127 339 318 267 227 242 62 154 173 237 151 282 219 178 120 109 83 67 270 49 215 41 204 124 50 343 243 299 353 129 251 149 159 226 214 292 353 164 107 226 117 255 252 247 186 333 182 62 5 226 
237 203
121 0 130 76 342 85 352 141 217 46 157 221 116 204 77 155 47 250 211 205 96 85 40 279 175 298 126 274 321 320 334 202 5 245 79 93 120 60 291 286 50 197 2 285 150 65 332 133 311 273 276 320 122 252 158 320 43 62 337 31 101 255 301 252 308 93 42 42 82 214 132 188 32 21 293 157 149 255 287 311 28 350 178 61 82 231 236 227 246 60 205 292 2 305 95 328 4 253 263 175 180 101 51 284 105 135 113 232 305 174 76 92 10 264 142 167 318 206 212 208 31 306 20 152 189 120 288 100 92 65 77 351 298 169 39 342 341 264 320 44 205 187 162 33 313 207 180 96 138 140 263 225 64 269 236 109 266 183 336 328 160 108 351 235 301 105 160 239 304 114 232 200 198 190 294 32 194 72 259 299 304 68 143 54 42 53 38 1 153 186 97 91 275 110 151 126 230 336 323 115 250 93 298 174 352 61 313 298 105 328 349 37 117 319 176 121 279 262 265 343 260 206 261 81 177 10 131 288 131 23 84 91 256 234 99 234 307 
26 99
355 326 31 128 122 124 236 257 36 70 287 44 104 134 338 19 26 151 24 236 7 111 53 293 267 270 
234 150
81 19 308 82 52 214 285 282 297 125 286 206 253 270 171 25 88 55 165 295 303 233 90 76 68 188 48 209 352 267 348 248 160 31 203 265 226 346 277 19 333 241 82 354 19 144 215 307 229 244 221 336 152 288 306 332 204 248 226 314 12 166 98 320 41 34 8 323 176 224 219 313 267 16 252 11 144 124 197 151 59 64 220 357 5 249 3 190 127 119 193 113 301 97 70 176 89 354 355 350 107 285 339 196 222 11 80 345 301 92 252 248 210 54 343 63 42 292 183 94 244 166 3 89 298 282 170 70 344 329 203 64 45 277 2 219 52 163 46 174 124 343 319 261 244 48 270 37 243 165 101 279 87 329 59 39 186 65 306 144 235 261 17 309 39 349 253 318 335 188 183 79 288 87 249 105 53 53 72 118 55 144 62 160 3 324 203 170 250 163 185 173 82 185 134 316 242 320 53 238 170 195 141 125 59 86 285 175 223 349 101 37 336 285 300 274 61 238 356 277 151 95 310 121 171 198 29 111 301 95 286 154 167 308 
329 113
170 334 191 145 333 189 275 107 38 256 199 229 107 124 55 48 236 289 349 125 28 33 111 270 317 93 286 330 177 170 215 183 82 250 316 10 219 288 250 295 128 258 279 324 0 132 296 180 60 101 354 201 108 203 313 2 58 270 311 105 3 17 89 96 67 349 147 255 64 319 282 101 60 270 304 237 185 184 169 205 188 297 149 357 37 189 247 24 50 114 250 213 292 242 170 118 11 64 148 247 229 248 44 17 296 309 89 238 248 104 130 266 93 351 4 173 238 4 203 321 225 222 178 182 317 58 71 155 334 177 286 125 37 297 203 273 40 267 215 358 354 16 23 226 28 7 236 274 123 108 323 136 323 76 192 229 118 91 2 207 89 268 162 156 18 253 215 57 246 76 149 148 303 330 335 300 190 8 215 23 100 323 109 267 246 354 280 7 350 188 143 30 98 210 1 212 87 91 86 187 102 126 278 316 69 259 249 339 171 114 46 73 339 126 186 13 228 106 78 90 76 129 314 352 183 280 78 297 210 291 102 64 218 148 144 140 339 109 226 243 89 303 302 96 159 21 106 58 74 55 34 217 132 214 170 180 323 181 38 8 296 42 332 10 199 277 341 253 180 227 110 104 96 230 43 146 289 353 305 245 161 288 292 233 48 160 112 297 249 163 131 137 56 213 237 109 5 279 116 37 290 73 0 352 109 221 311 24 310 109 122 275 145 102 191 28 287 111 98 58 293 102 314 314 177 305 85 309 101 
223 308
196 81 246 79 153 161 207 63 294 40 309 297 134 278 333 279 286 77 266 51 19 201 72 84 129 110 355 122 174 107 282 299 39 214 277 194 345 66 331 97 277 179 303 215 101 194 142 119 288 330 260 45 308 270 278 126 334 328 273 290 350 190 358 269 356 254 19 190 155 44 326 265 82 169 281 346 41 93 188 173 43 263 133 94 55 89 202 39 9 9 51 229 177 246 203 100 345 160 254 278 273 287 245 320 345 111 293 51 256 298 27 224 305 184 139 267 132 274 46 108 123 70 147 16 309 29 207 317 79 196 288 180 204 72 139 15 96 155 3 215 355 217 233 192 192 223 263 40 35 191 233 319 36 106 351 340 244 13 252 46 85 266 58 259 58 236 239 92 112 124 66 178 166 261 94 16 343 266 236 192 60 75 206 338 353 62 262 172 215 71 229 231 135 339 289 297 157 256 173 151 338 331 42 168 218 164 255 230 75 87 329 249 79 169 331 1 49 118 5 152 276 273 43 
312 120
287 319 71 340 28 17 144 100 308 89 119 289 256 353 1 264 47 117 106 284 44 207 160 98 30 308 25 195 166 44 65 40 32 325 219 206 259 289 262 38 272 305 134 96 336 7 170 321 218 33 109 44 270 284 120 212 13 116 275 64 204 128 160 51 352 215 89 234 143 299 353 259 177 71 280 8 339 256 242 128 309 325 4 165 154 286 306 292 243 325 219 86 53 118 263 320 0 24 127 78 238 247 3 250 260 205 282 230 196 100 231 329 56 151 156 289 359 144 89 288 40 355 58 356 259 234 173 114 221 259 84 135 135 253 215 93 262 202 355 310 97 239 266 45 187 308 263 203 247 145 302 244 40 295 2 259 322 102 290 27 129 339 263 116 271 254 183 329 139 148 186 8 203 3 330 264 226 87 106 237 79 341 129 254 123 108 332 316 235 160 198 38 74 76 253 147 224 179 116 145 75 279 176 214 157 71 270 148 298 11 353 348 327 301 202 174 196 237 352 46 117 103 155 211 0 302 69 197 302 200 352 104 244 31 127 25 106 265 281 345 254 165 2 17 52 321 111 11 136 335 294 7 52 65 164 200 325 174 255 213 119 160 191 23 124 312 297 11 271 212 120 249 77 311 185 231 219 216 331 70 185 237 97 310 345 170 219 98 328 260 28 347 318 215 153 312 199 141 256 276 224 100 330 150 171 174 170 70 229 205 124 16 
271 109
305 329 290 272 106 193 321 51 285 69 20 293 353 143 188 241 215 30 265 288 89 245 93 53 146 191 272 180 282 323 208 5 8 326 308 152 154 12 68 69 340 353 2 139 137 25 26 105 236 297 152 107 329 42 216 271 313 310 28 271 79 58 297 186 36 213 51 130 354 113 40 168 20 168 16 71 359 124 206 29 174 171 200 213 140 140 96 144 5 61 1 138 154 238 250 113 212 22 282 11 85 336 148 194 167 305 69 225 175 327 301 37 303 147 311 166 309 69 228 90 11 263 352 255 237 287 15 192 346 226 141 314 165 259 4 312 257 300 50 268 301 86 261 328 127 98 241 34 153 36 166 84 16 166 227 196 184 349 37 275 339 314 263 230 35 195 128 28 1 141 284 175 228 108 339 283 37 131 266 349 172 4 59 120 184 75 248 150 60 302 107 323 41 259 222 148 211 29 223 159 135 28 0 141 200 295 246 223 304 208 70 332 86 314 22 226 340 102 126 136 192 60 16 214 65 178 259 299 86 55 350 5 141 95 136 253 330 35 261 147 259 62 82 190 171 235 204 265 189 155 57 230 153 92 196 236 199 30 356 128 303 256 121 238 283 6 332 266 121 202 299 
193 105
354 310 309 357 123 54 294 305 324 2 102 331 200 178 78 141 125 309 341 275 179 117 270 160 26 161 41 268 206 52 16 45 357 278 111 228 197 351 73 138 84 355 2 188 41 13 59 183 115 50 83 256 284 212 349 348 356 13 240 46 201 184 213 251 101 47 61 150 298 206 254 116 248 172 298 193 273 296 280 0 335 317 319 211 165 132 112 3 296 229 176 50 5 34 62 58 173 13 320 3 348 76 135 182 318 337 55 273 309 9 227 38 304 97 234 156 217 5 131 166 338 43 28 243 296 221 342 269 61 169 51 303 141 251 233 275 273 181 200 102 287 351 89 126 329 221 287 274 17 116 267 63 143 44 348 50 243 251 11 100 286 279 14 136 47 314 352 175 233 220 140 308 89 211 110 182 30 320 72 25 15 330 165 163 359 172 192 357 257 154 334 12 264 
319 271
155 181 157 99 116 105 145 26 86 44 45 233 195 265 169 113 278 194 7 39 33 145 184 355 303 84 281 162 21 96 219 62 308 25 29 72 57 23 220 238 206 187 42 132 57 118 215 339 258 233 168 231 354 286 138 8 155 257 236 347 216 111 129 264 184 28 83 325 343 11 173 112 157 324 131 170 267 334 126 81 40 326 109 48 113 169 61 338 37 12 270 353 337 87 89 123 77 21 294 40 275 339 306 167 337 312 357 178 34 350 134 146 285 68 186 172 174 225 222 19 257 289 342 341 166 314 171 346 321 191 154 167 337 161 122 289 109 228 290 270 20 126 154 306 286 327 181 42 170 78 288 105 274 358 16 67 239 0 269 249 173 289 67 229 345 120 125 265 64 122 119 71 92 184 324 24 146 155 5 341 305 63 187 7 279 188 21 192 55 193 275 47 329 35 280 106 265 294 304 242 74 95 181 312 86 33 44 214 301 202 283 44 256 31 246 115 118 276 355 95 203 245 330 37 232 165 208 235 359 254 146 316 76 288 294 271 8 346 125 353 0 2 173 114 148 171 20 54 179 290 293 29 174 231 310 359 358 94 224 190 300 212 150 69 71 20 42 309 70 184 197 14 102 49 54 290 140 130 128 199 179 131 35 302 225 148 235 201 293 2 242 292 356 97 100 263 142 214 51 120 279 283 119 19 293 89 238 161 191 172 52 183 252 194 320 259 1 268 1 
164 88
228 33 333 250 42 185 306 12 92 119 211 303 338 265 273 224 113 322 237 60 197 269 307 315 74 28 15 336 163 125 203 3 85 151 86 90 108 40 18 288 5 96 108 151 348 202 100 2 50 156 177 145 238 319 206 133 202 313 12 172 75 2 61 299 257 96 191 189 85 358 265 344 66 8 10 105 222 121 176 65 164 326 188 269 170 173 307 289 232 263 60 23 161 189 4 252 114 101 262 23 297 45 337 182 118 263 275 79 333 135 85 269 188 1 143 220 37 91 176 172 275 22 316 137 15 191 231 210 54 151 141 163 339 229 230 274 50 310 201 33 121 35 15 16 325 29 82 200 49 295 276 299 239 9 43 86 303 42 344 276 212 69 255 69 
161 198
21 113 215 169 338 162 240 348 118 356 233 193 210 118 252 71 254 94 141 138 338 51 0 303 15 348 50 72 42 295 289 294 185 40 194 89 332 146 9 347 321 93 234 52 30 171 227 276 126 144 222 304 276 251 188 190 344 297 122 289 114 75 269 216 170 334 173 146 31 25 327 77 350 346 222 292 124 116 347 131 287 230 197 106 26 328 245 154 192 290 352 298 134 350 309 320 151 165 108 285 150 299 258 127 268 146 294 253 196 152 20 149 342 69 27 193 68 325 346 31 176 176 32 170 289 164 108 284 138 188 139 120 143 315 106 265 242 317 172 219 79 51 115 85 223 185 198 238 305 209 269 121 231 81 43 199 159 193 136 30 189 
284 278
239 125 290 82 121 38 232 63 248 178 210 233 28 355 333 330 252 63 229 122 224 78 239 94 183 19 147 110 204 66 178 51 331 255 55 346 125 127 27 160 352 213 115 348 178 266 84 60 15 55 35 339 77 89 62 320 287 130 312 322 120 97 102 175 12 35 147 84 35 346 92 119 80 34 214 341 104 65 163 351 62 112 63 59 136 204 47 218 140 334 87 204 213 270 91 355 167 39 45 52 62 197 28 121 189 104 287 172 351 266 76 46 333 136 85 101 351 214 247 289 137 155 163 32 251 261 12 202 279 62 140 72 47 179 314 270 307 141 20 268 342 133 62 38 69 168 140 298 342 258 276 274 64 162 32 35 172 15 49 301 318 36 152 244 142 5 10 274 263 30 231 276 213 200 151 224 117 39 35 203 73 355 127 97 224 334 9 33 185 243 285 252 300 178 202 264 185 23 67 296 25 94 35 22 247 138 98 353 271 34 68 180 334 126 241 308 2 232 36 262 29 224 3 197 281 92 224 291 34 46 158 30 26 113 269 106 150 82 153 38 301 315 14 292 265 312 64 115 291 176 296 252 337 98 358 95 355 56 224 237 234 265 107 125 7 52 121 176 83 246 150 192 131 121 167 104 13 56 88 293 138 313 246 65 
136 293
273 311 177 333 177 353 312 100 161 143 171 135 39 336 279 173 187 52 312 284 344 184 117 201 247 78 262 348 99 185 38 45 318 64 64 46 255 28 257 183 59 96 322 167 217 358 144 323 275 357 233 314 33 7 309 13 156 137 316 253 292 117 285 339 250 199 249 101 224 233 278 205 126 258 178 78 82 248 310 319 203 306 21 163 75 27 152 58 146 198 222 49 354 227 246 20 299 8 148 86 121 255 99 285 282 349 132 200 26 6 285 302 14 184 46 47 16 190 321 73 148 242 310 165 29 61 83 70 181 250 125 312 315 222 316 152 
253 325
52 201 4 39 322 342 65 251 283 102 131 10 327 33 56 353 323 32 111 321 78 188 294 170 128 21 245 255 34 267 188 181 321 61 151 2 127 116 147 0 289 214 231 217 187 111 94 72 32 77 335 324 359 112 175 156 190 88 12 359 302 298 95 309 38 263 144 258 68 162 294 129 107 309 148 161 244 80 34 220 26 24 136 58 235 121 123 307 338 325 263 183 143 90 67 343 333 104 275 3 85 117 25 345 232 143 213 307 178 354 207 28 225 162 41 128 282 43 324 0 137 242 236 294 135 102 230 22 331 316 105 162 135 336 136 213 123 85 340 256 296 152 191 277 227 39 300 46 213 163 247 353 213 58 274 322 255 180 86 172 131 296 130 82 262 355 306 55 11 73 168 102 354 251 339 247 311 267 62 123 162 357 295 4 266 6 334 115 303 207 83 203 190 139 316 173 322 301 226 236 255 207 105 53 350 276 50 230 222 302 240 48 74 182 248 338 1 356 294 90 123 234 313 292 7 64 188 276 265 218 24 251 225 5 249 99 305 175 37 91 263 67 59 31 42 245 336 166 92 225 32 46 22 
95 305
95 95 178 163 69 272 132 26 317 50 200 307 216 278 90 246 59 78 93 261 150 37 75 192 218 164 126 1 334 167 59 264 22 146 122 186 116 33 184 240 288 296 125 311 315 342 65 166 228 229 64 296 114 319 189 50 303 140 301 28 158 66 11 169 321 176 200 302 73 232 204 351 321 239 77 277 97 310 85 245 121 343 179 113 229 349 124 214 315 33 235 243 131 23 325 
233 286
115 280 220 45 259 291 114 151 326 258 21 352 52 120 90 297 99 49 262 111 69 9 321 71 309 58 26 64 42 9 115 68 124 256 50 252 11 194 76 150 0 25 49 358 27 296 287 208 302 168 323 194 85 39 37 253 256 70 28 12 161 48 334 302 139 265 40 137 253 205 12 176 236 61 256 302 330 89 175 294 86 120 37 12 297 44 284 172 126 290 48 82 222 148 157 142 211 178 95 141 17 59 273 247 319 356 167 166 281 142 85 171 174 65 337 345 123 137 16 100 127 289 332 287 228 52 135 208 293 183 4 312 350 50 73 263 344 314 47 303 86 342 124 34 99 333 10 172 81 314 348 181 205 307 148 54 274 10 232 130 47 113 158 106 216 206 230 195 103 185 45 286 217 31 357 358 56 220 314 44 139 131 357 324 2 328 288 150 53 345 296 274 105 221 134 358 255 61 319 221 65 357 141 4 2 241 63 176 131 221 71 288 260 282 323 27 67 353 206 102 174 349 306 47 110 41 224 83 55 183 148 42 174 
344 244
16 233 203 210 54 204 227 247 183 346 63 237 112 64 338 168 27 188 237 28 260 30 107 345 147 276 59 195 219 36 89 112 141 265 14 252 98 308 212 108 164 310 247 259 105 101 283 44 61 345 49 72 171 141 67 318 283 158 254 12 226 292 48 215 16 223 38 0 337 187 113 159 186 306 44 352 116 276 78 98 110 314 289 312 42 92 228 137 308 341 106 132 257 3 325 233 331 20 60 312 125 284 280 91 356 150 53 294 280 153 79 339 140 162 121 88 9 83 222 152 256 247 286 351 35 143 106 207 14 264 11 42 342 333 329 168 133 214 100 266 296 150 186 210 247 331 315 274 184 194 62 301 258 115 352 289 234 165 77 43 130 281 184 328 5 62 110 218 51 118 287 33 294 147 290 295 236 219 164 264 53 261 266 265 132 263 11 227 213 31 133 134 155 87 249 97 102 296 150 66 259 261 5 135 246 7 124 70 266 28 58 206 53 356 42 18 296 93 88 285 110 26 305 42 103 214 313 66 354 134 8 298 198 315 322 169 192 90 165 14 10 100 144 192 40 216 260 0 228 199 147 290 55 169 279 47 74 170 60 227 92 111 64 92 351 115 309 74 174 296 147 141 171 358 183 5 40 19 151 289 57 213 122 61 256 172 271 104 10 187 155 240 147 27 174 217 143 348 341 90 338 281 185 357 53 79 214 72 150 70 229 117 144 255 27 160 7 38 297 118 100 55 346 57 13 341 3 293 105 175 39 30 157 44 308 356 213 221 130 314 149 326 205 127 
293 159
120 329 228 206 229 322 181 34 289 93 117 333 145 123 154 136 291 287 210 248 280 205 168 148 12 90 275 200 30 81 32 248 51 171 101 218 181 193 157 103 232 83 274 281 42 270 215 330 193 129 210 43 253 67 44 224 158 58 190 140 101 229 52 23 105 75 346 219 176 286 24 137 27 242 245 274 74 303 250 82 341 154 339 213 100 217 91 36 148 292 305 349 111 28 219 273 43 104 82 75 349 256 59 103 69 220 274 326 224 43 101 113 74 166 142 47 290 275 298 315 59 265 351 296 274 149 304 93 0 299 153 275 28 245 85 264 287 268 24 93 24 337 233 101 20 46 81 38 144 339 50 171 165 27 120 161 121 171 283 169 254 254 212 90 214 79 42 133 54 43 300 236 137 349 76 1 44 109 34 193 258 308 133 83 353 270 60 178 34 236 90 255 321 181 177 214 0 287 258 225 1 65 115 357 114 290 110 347 114 240 75 205 50 201 147 179 86 89 29 186 358 321 232 132 66 216 298 262 66 29 139 268 54 60 328 292 97 122 345 227 7 93 241 108 281 189 204 117 247 19 206 275 184 236 134 130 149 242 202 156 183 68 345 64 284 357 95 175 355 196 183 253 74 104 215 310 101 173 149 20 3 239 6 70 358 197 142 101 288 45 107 270 239 
86 134
177 263 4 146 225 277 263 178 203 152 187 91 238 131 219 329 26 46 156 183 242 348 8 87 15 243 274 175 79 328 353 177 325 75 91 343 251 341 82 349 273 210 120 354 77 162 117 5 173 6 92 78 323 111 262 25 162 173 180 249 47 32 350 282 356 87 35 208 344 205 37 2 189 61 231 319 34 57 15 10 213 205 195 131 9 72 
140 79
205 29 43 47 138 195 239 180 165 313 286 303 157 240 198 143 349 106 263 284 25 10 312 11 286 358 239 254 172 330 161 342 158 208 102 328 39 310 238 20 187 233 161 59 93 162 103 306 12 257 266 198 346 166 25 120 73 232 103 311 320 210 105 82 51 146 6 134 316 95 40 329 193 111 215 188 197 261 247 2 113 234 249 188 73 347 4 117 61 185 43 331 54 5 140 209 161 150 297 100 338 355 251 264 16 47 64 42 226 260 64 107 277 77 52 37 54 297 51 107 151 119 279 351 328 176 49 72 83 168 78 298 175 315 289 354 122 351 69 187 
146 3
40 281 269 159 247 293 81 42 259 275 337 87 279 312 113 189 246 138 103 318 25 14 320 274 72 49 175 128 149 112 204 62 224 286 221 71 178 20 266 354 200 87 267 168 250 38 152 198 178 144 261 120 278 11 140 294 228 71 265 296 64 292 22 343 315 162 340 329 0 86 347 253 41 82 345 207 222 54 55 243 247 345 99 190 66 162 160 347 86 324 244 100 207 95 35 245 50 150 40 173 224 170 223 33 342 85 63 37 17 40 298 284 26 275 359 56 231 87 342 275 107 359 156 91 96 292 242 168 333 287 125 3 177 75 100 206 279 84 256 178 122 165 250 222 130 140 
318 121
269 275 286 219 70 55 212 295 346 105 122 167 341 206 175 303 230 280 267 311 272 125 157 142 358 181 253 208 277 260 323 236 319 112 122 231 202 234 135 300 151 223 18 313 156 43 131 16 270 248 138 31 8 183 230 52 47 299 195 130 164 274 238 143 152 353 52 163 65 156 170 61 138 279 205 236 35 52 244 239 88 84 65 127 68 310 215 303 357 290 175 134 113 226 57 161 310 54 336 103 202 261 24 257 125 150 309 156 349 83 49 138 204 65 240 19 333 1 198 110 226 178 159 151 3 163 298 95 199 323 107 122 207 229 326 274 28 98 193 353 185 112 262 35 325 306 41 179 302 208 124 90 180 138 104 163 353 108 162 17 25 309 145 108 274 266 87 185 330 111 112 264 252 187 337 11 172 129 202 152 159 256 200 275 57 181 3 128 85 182 202 153 298 80 290 15 338 238 163 236 4 200 303 192 50 135 143 15 283 232 218 88 1 289 72 225 46 37 316 78 146 115 280 268 45 211 302 215 265 238 221 183 227 236 164 30 297 162 83 354 131 349 352 120 19 43 15 73 93 346 148 187 119 22 295 279 18 115 223 296 218 223 8 330 130 357 0 18 292 221 138 205 193 353 156 260 28 230 124 197 122 151 313 118 297 295 86 296 12 35 221 277 124 81 116 94 88 106 222 38 49 201 208 335 290 257 0 180 186 311 202 322 92 250 197 258 302 226 
180 235
253 123 174 24 0 26 347 296 247 308 20 340 2 50 39 246 231 67 48 29 70 280 49 199 186 58 258 38 342 166 15 203 236 160 336 109 111 24 120 117 332 45 40 218 229 192 316 189 251 243 64 311 162 170 311 302 343 81 52 248 153 102 235 225 64 54 106 339 75 139 312 146 245 42 327 5 54 182 239 48 279 78 5 114 323 263 134 87 186 335 159 51 203 291 303 31 137 189 119 318 348 296 246 91 254 38 210 243 279 229 109 89 289 197 210 65 336 351 280 338 228 162 303 228 201 208 146 348 72 116 259 131 218 2 231 235 144 136 100 288 27 322 233 253 76 240 168 37 202 221 337 213 131 113 328 30 22 84 208 136 286 268 293 109 8 178 198 252 73 66 53 135 125 273 29 101 60 300 19 328 
276 163
272 152 274 245 245 259 228 75 267 20 89 331 16 262 223 227 81 138 221 102 72 236 345 125 208 221 109 277 295 49 195 60 309 344 81 144 306 194 169 345 182 101 58 322 52 155 251 190 325 308 328 151 72 299 218 109 204 166 99 203 264 40 39 91 313 289 123 327 21 191 2 86 157 153 77 243 147 183 53 242 348 39 352 160 73 223 153 265 282 352 179 315 163 273 202 100 41 291 131 181 118 57 225 138 213 193 252 169 67 94 13 72 18 347 175 302 164 195 352 259 300 206 123 53 36 230 117 203 106 185 208 112 145 245 305 327 342 256 46 327 71 265 274 270 22 274 357 56 96 177 93 292 41 231 16 314 286 320 110 302 139 64 298 230 285 192 194 322 204 318 136 142 288 18 77 287 137 67 147 323 220 86 146 170 248 313 305 317 89 107 94 186 52 155 59 44 338 275 322 38 104 97 142 113 229 94 181 13 303 121 56 82 212 304 256 326 6 36 75 106 185 300 230 286 322 10 342 132 278 143 235 179 312 95 67 296 122 340 57 99 183 262 141 198 41 113 130 209 164 249 43 46 261 4 211 244 48 249 304 156 264 85 276 115 274 216 306 105 75 267 189 293 277 25 23 289 
144 174
193 31 261 274 256 359 194 354 1 198 217 19 78 266 210 305 125 206 63 177 260 353 331 169 5 290 152 79 10 359 28 299 55 1 67 186 301 349 46 324 358 337 239 232 226 318 304 123 299 161 300 326 322 61 242 279 90 185 271 341 28 346 261 334 35 188 227 284 69 230 68 99 237 216 122 130 69 98 134 160 283 344 278 13 251 70 265 301 281 255 189 308 109 231 238 273 86 200 32 151 35 121 22 145 296 136 90 90 160 244 59 239 251 32 72 357 101 283 225 174 214 302 287 264 351 151 282 72 259 353 354 333 118 94 68 315 188 155 68 78 262 263 103 169 
349 207
171 345 339 10 5 158 250 280 212 222 107 162 109 79 44 8 294 306 15 134 185 289 345 12 115 292 135 22 84 113 351 129 183 13 210 184 4 273 302 233 177 267 210 72 183 347 339 97 224 232 158 282 222 195 58 282 16 345 356 49 228 161 56 183 204 310 293 179 39 185 347 151 137 111 218 311 210 9 178 206 317 258 329 336 287 244 255 164 157 228 221 91 176 10 107 62 234 156 20 85 246 281 173 216 94 22 214 2 186 27 169 173 51 161 73 225 100 325 281 225 257 242 134 276 163 160 325 84 191 271 269 182 239 255 286 188 267 63 97 1 20 133 309 234 131 176 343 305 104 255 145 52 329 59 241 32 307 139 234 63 102 128 120 324 194 204 121 124 319 37 268 305 226 6 322 48 337 193 159 74 348 354 346 341 59 195 109 349 359 180 177 146 200 210 157 76 40 231 81 122 290 159 170 78 358 171 114 321 268 217 125 303 252 127 238 308 40 195 316 97 110 177 93 265 244 202 186 348 57 221 159 66 254 45 201 152 141 264 307 149 257 57 13 95 223 268 254 329 66 9 49 109 233 279 211 75 190 176 157 316 118 139 195 312 120 328 344 138 68 214 282 111 198 48 226 102 103 126 219 87 253 74 200 43 85 169 7 307 150 190 273 242 168 159 260 78 310 258 277 71 207 319 255 251 205 344 282 150 223 151 160 151 263 337 82 339 239 354 168 136 222 199 92 237 134 63 9 125 115 198 108 346 152 18 160 354 173 286 49 67 188 136 247 177 35 201 48 322 78 
185 349
91 358 295 316 29 315 8 122 267 9 202 353 175 213 196 270 56 326 128 176 219 137 126 182 133 351 257 39 72 356 349 300 14 135 274 143 37 66 215 192 346 144 215 90 93 339 91 60 64 57 205 72 11 339 96 347 197 198 352 260 271 273 79 154 326 265 150 1 65 119 315 132 143 333 22 334 355 272 151 148 238 214 42 48 29 198 286 10 163 139 319 246 179 34 202 179 52 20 261 290 327 40 81 132 182 282 347 232 116 130 283 180 318 294 222 193 148 135 50 217 184 138 194 168 319 106 185 123 45 192 2 299 158 52 326 125 318 304 101 193 198 128 267 131 26 250 150 250 17 179 303 287 337 178 232 283 296 127 21 168 249 191 340 25 267 277 238 226 81 93 73 259 268 87 237 88 82 218 349 120 269 290 0 324 22 
308 228
305 223 144 2 80 168 56 122 250 102 176 201 2 1 194 343 184 234 299 138 173 174 155 116 92 341 70 197 120 38 150 227 176 347 90 60 275 252 344 355 85 40 3 333 90 305 125 140 257 57 22 53 182 155 15 283 297 193 200 132 152 259 57 223 201 241 79 326 198 195 325 102 58 155 304 262 79 156 42 131 310 254 291 175 107 316 340 292 3 124 151 253 213 126 59 92 109 120 100 158 300 226 23 99 332 239 267 118 137 35 155 152 209 269 241 293 123 141 81 217 11 217 331 50 244 183 301 120 99 198 119 86 345 138 4 66 187 122 239 288 216 194 238 136 355 159 133 313 63 4 55 333 343 245 29 294 153 242 206 132 197 185 3 313 61 16 184 102 40 164 267 359 301 268 236 306 256 132 102 164 126 90 121 251 201 80 114 14 297 104 332 227 63 320 28 192 198 200 349 345 204 127 350 149 209 315 327 322 157 87 151 82 130 246 220 323 130 37 32 76 272 261 99 249 318 188 185 46 244 152 97 193 341 6 306 113 287 322 152 346 323 192 120 312 345 315 124 124 256 177 73 175 113 333 167 103 151 352 251 1 17 48 290 59 157 337 219 131 236 278 333 94 147 295 278 206 210 343 257 273 348 354 151 191 123 90 204 299 175 259 226 44 67 6 230 7 271 5 259 75 66 132 135 118 84 208 216 81 
300 237
228 38 70 182 148 163 165 102 124 165 312 215 135 189 260 283 108 286 8 67 293 111 67 319 98 344 170 190 106 327 296 103 343 193 313 105 137 115 51 257 310 159 25 14 183 185 197 304 302 169 257 244 341 336 31 153 72 333 355 301 85 87 286 331 354 87 252 23 12 200 202 117 349 230 311 340 333 27 25 319 340 152 134 314 246 75 344 244 51 201 114 139 149 110 196 208 318 342 64 52 157 165 60 61 310 208 315 130 315 201 19 237 203 154 184 177 353 63 275 333 7 295 181 176 35 62 333 333 184 337 220 311 41 186 40 51 290 274 53 334 226 40 151 48 256 163 297 277 274 220 191 193 234 213 194 297 12 30 351 186 306 126 29 294 199 118 324 222 71 198 219 10 86 322 20 13 309 294 331 86 241 134 339 77 309 311 118 216 51 24 289 18 14 40 334 286 118 311 281 88 221 166 46 358 111 306 95 341 53 233 340 15 169 344 317 271 12 35 286 327 49 10 211 210 290 222 144 83 164 5 120 115 132 242 160 294 195 259 41 171 303 54 220 266 56 201 219 22 239 17 74 286 179 27 121 299 164 242 141 334 78 18 106 341 152 164 128 272 347 132 263 281 275 236 314 27 258 197 26 104 244 9 191 141 49 185 162 127 43 92 277 297 78 278 98 32 204 210 257 7 
355 93
256 116 236 127 9 18 69 112 199 150 114 32 113 115 332 127 96 270 275 303 273 301 31 338 307 16 150 275 213 163 325 117 252 131 294 113 33 309 195 235 301 202 0 41 221 109 266 178 246 292 87 135 337 254 137 169 159 85 197 28 239 171 140 241 19 261 103 256 27 50 235 247 242 213 9 146 74 93 251 335 162 108 154 134 142 328 5 135 114 69 114 109 336 182 264 1 84 243 174 205 156 195 2 198 127 218 46 208 313 28 18 338 154 252 28 243 286 1 173 270 81 168 90 192 330 329 356 144 26 227 58 12 40 191 12 232 299 128 344 146 202 212 52 39 136 65 1 321 24 76 126 338 167 306 94 252 14 154 218 160 280 119 301 358 136 180 353 123 276 272 270 179 160 33 239 270 160 23 277 158 159 316 286 22 295 215 313 263 143 161 280 260 132 36 208 13 23 262 18 226 112 278 78 178 184 257 199 202 35 38 264 145 114 118 69 187 103 29 328 330 171 37 351 21 44 206 341 254 112 342 163 7 58 35 161 303 301 55 142 203 352 276 242 279 257 178 55 223 269 218 38 66 28 75 49 120 282 354 5 163 170 324 204 82 262 10 356 88 147 187 356 55 5 128 177 33 107 236 30 152 73 345 222 98 229 326 244 329 264 51 159 55 155 207 303 304 120 288 188 2 313 281 28 212 337 74 81 14 309 20 326 23 304 300 292 284 259 234 3 49 202 146 66 177 346 310 119 53 327 294 353 33 112 135 146 4 269 276 7 45 212 206 202 141 60 270 185 176 229 162 113 59 117 348 122 
173 75
285 6 133 334 267 159 153 266 158 9 305 116 279 276 245 122 107 302 67 336 335 272 74 55 93 297 278 76 7 26 318 113 69 294 0 252 25 133 240 152 298 58 89 137 208 326 209 318 12 79 355 207 13 125 75 60 57 31 0 21 13 143 13 241 86 79 279 216 135 214 213 163 143 230 302 148 295 229 110 97 331 124 8 327 4 31 351 155 339 129 354 148 121 95 345 196 351 33 78 244 225 53 191 183 192 270 14 224 309 219 162 152 173 216 122 92 96 109 263 263 123 336 321 195 39 176 261 302 55 234 269 45 294 37 333 129 54 195 257 141 344 135 155 72 152 23 190 329 61 147 127 286 108 37 324 148 178 202 132 319 309 206 168 356 121 230 216 217 292 101 25 109 180 
258 64
284 140 200 222 340 14 346 83 322 65 67 16 274 84 287 147 13 38 79 1 72 15 312 89 334 292 209 28 260 208 80 78 23 4 334 131 72 280 301 196 73 177 153 161 244 211 255 238 61 217 148 193 235 42 236 25 275 44 345 178 234 92 356 307 57 111 271 2 265 152 252 116 278 298 350 287 55 5 190 114 5 172 233 0 149 3 349 282 221 80 107 182 322 176 286 198 68 325 202 146 156 254 154 89 169 121 336 62 324 236 338 235 131 272 283 215 76 270 221 171 121 191 6 176 203 182 140 314 305 295 167 17 312 16 301 215 239 229 63 117 354 9 299 258 152 267 347 311 198 252 187 46 272 21 272 132 129 230 219 279 352 59 151 110 9 312 168 189 35 281 244 86 113 238 12 204 29 190 119 325 192 147 29 78 30 54 197 148 95 119 98 312 272 160 206 223 308 70 180 65 117 292 212 89 81 190 296 267 323 26 331 276 331 352 172 278 173 120 216 138 60 273 211 310 353 342 120 342 131 49 177 114 152 275 219 36 358 22 325 336 33 46 278 241 171 118 175 322 300 169 241 282 288 35 236 57 231 308 
350 151
89 203 324 112 22 69 305 187 181 317 170 328 300 308 238 22 350 39 209 342 245 249 261 174 299 172 336 19 23 357 246 358 192 340 114 20 247 87 1 128 306 86 99 282 216 319 208 43 212 17 180 177 294 0 60 342 233 336 295 20 339 301 300 194 118 112 272 314 235 258 65 50 254 11 121 98 84 286 215 221 147 243 156 335 113 187 324 272 301 240 25 172 138 266 238 180 123 81 19 77 46 244 272 58 185 137 207 88 339 234 316 337 78 54 22 24 91 252 146 232 267 108 296 131 18 257 245 330 11 119 301 103 2 271 359 15 170 272 311 203 90 181 209 263 159 211 40 219 180 3 307 182 126 61 256 154 338 65 283 177 82 116 22 254 226 266 179 72 2 326 51 106 231 105 137 348 316 200 152 30 103 174 90 93 224 78 328 259 326 218 119 222 46 212 99 126 80 134 53 96 145 310 294 161 114 144 201 238 223 142 261 345 359 284 319 261 147 3 154 209 3 233 192 278 213 358 257 192 181 55 303 137 138 143 119 267 199 151 188 23 130 358 220 28 156 263 102 81 11 43 258 136 56 150 338 244 241 12 67 48 135 132 182 276 6 242 10 229 320 344 340 49 151 190 336 326 354 131 313 236 28 150 46 245 10 268 208 11 292 217 149 161 22 215 225 186 323 333 318 313 176 173 212 122 270 188 5 0 78 299 324 122 23 59 7 255 279 316 328 38 256 40 109 356 231 2 76 127 179 78 123 155 339 195 156 180 333 105 77 35 65 198 67 195 9 21 199 359 260 51 
253 230
214 268 17 340 319 236 126 328 210 333 203 164 66 115 233 89 339 175 350 77 187 24 102 213 46 268 181 82 285 293 24 294 300 284 130 171 58 239 274 16 215 197 217 175 69 312 161 61 40 210 89 96 108 205 137 103 109 324 276 13 6 89 116 66 91 36 332 252 163 53 218 342 123 108 352 83 304 206 130 263 78 288 27 4 16 242 233 80 331 88 246 116 25 22 104 154 123 260 104 51 122 208 183 83 47 155 276 140 347 191 128 251 31 309 42 212 239 123 249 29 82 76 122 270 355 58 146 345 4 150 103 129 357 189 117 359 153 96 190 290 327 313 291 220 327 331 93 293 231 58 25 242 203 318 106 90 348 355 256 190 45 301 192 50 115 70 300 268 157 143 345 94 80 149 257 10 308 225 348 185 108 193 190 359 284 115 171 33 229 336 249 46 181 33 129 0 247 142 223 225 342 228 99 349 268 77 45 16 6 14 13 281 98 262 308 212 153 257 102 156 144 40 96 204 311 64 8 297 300 225 7 286 84 200 210 357 89 245 108 21 80 42 201 17 334 78 128 244 168 129 66 218 240 
49 97
181 297 195 44 163 249 288 297 12 54 137 219 219 135 304 125 100 198 203 329 74 282 134 116 85 204 69 103 116 17 164 100 14 338 261 4 61 148 190 153 222 214 311 93 244 166 269 247 315 
191 233
216 182 100 21 55 314 223 106 196 222 118 349 333 97 78 5 334 180 261 308 201 137 228 38 15 145 223 302 272 124 65 248 309 17 171 319 163 109 309 255 112 150 272 35 128 107 347 23 207 331 350 206 289 60 77 301 93 105 270 43 237 111 322 333 44 358 256 283 107 67 62 187 310 25 91 313 150 198 212 36 44 175 199 336 73 242 320 303 267 12 185 17 108 351 33 12 228 17 106 146 153 256 247 176 140 344 108 202 39 68 123 236 309 166 131 254 232 193 185 257 350 246 264 327 234 184 9 215 310 266 337 20 359 275 317 10 132 224 110 340 43 98 42 255 114 124 218 86 262 106 123 302 235 244 310 0 135 341 191 4 0 313 122 358 98 201 219 94 73 17 202 137 328 225 39 162 238 318 356 195 258 319 194 87 40 212 137 336 17 256 113 
312 173
19 58 72 273 130 222 241 198 192 225 230 264 141 207 55 329 50 146 293 10 208 63 23 264 71 185 234 14 67 76 56 210 220 42 210 6 177 307 341 288 191 349 80 1 237 294 146 183 292 289 106 5 299 25 67 338 188 6 305 159 197 44 341 174 231 206 355 166 64 102 102 79 203 359 225 337 346 224 146 246 213 302 245 272 294 239 132 220 77 297 345 136 42 262 24 93 346 271 35 185 32 158 321 313 222 1 87 2 91 309 242 189 181 344 70 137 93 251 187 152 132 116 217 8 144 268 129 340 242 4 176 68 318 179 224 223 85 166 18 36 251 320 198 276 303 30 323 39 19 47 319 340 322 272 34 200 299 351 193 116 292 247 10 284 94 350 165 152 209 108 227 348 203 247 330 40 11 94 122 26 72 84 339 16 173 189 349 350 211 142 278 161 206 262 237 309 268 79 70 233 150 216 44 293 48 58 80 37 57 333 105 306 171 254 288 285 284 20 191 159 222 200 70 55 41 234 4 30 3 198 325 356 169 113 307 88 133 326 339 209 263 139 138 118 168 95 328 343 93 118 54 108 129 110 279 354 181 240 185 133 37 231 310 3 42 26 357 131 22 139 260 152 23 129 319 159 240 287 94 119 31 141 173 25 178 175 214 262 80 258 178 223 180 332 2 261 139 299 28 139 110 335 70 12 61 31 136 332 285 0 318 328 
123 130
178 221 258 91 54 186 326 165 347 171 40 66 163 105 200 278 304 128 284 149 232 204 315 177 296 194 204 290 328 66 236 222 186 29 315 195 293 309 2 223 107 122 87 278 5 130 36 322 72 262 108 120 312 180 293 315 62 317 131 110 235 194 143 75 218 274 156 353 177 212 168 266 116 215 70 166 96 248 22 278 68 326 194 312 270 322 232 262 153 98 64 258 251 331 66 147 79 110 311 341 143 198 289 250 266 54 161 306 315 171 273 235 312 303 232 252 339 107 22 298 47 171 273 
155 10
236 47 165 109 343 13 18 234 301 304 64 7 106 285 5 279 82 101 332 101 189 244 166 37 321 48 91 330 22 344 200 242 156 355 204 203 26 121 222 161 81 29 41 230 257 319 1 298 53 48 315 181 215 173 55 97 145 264 120 190 79 150 132 172 22 115 140 98 56 332 355 189 305 102 166 133 292 79 163 169 343 44 26 150 344 297 62 251 131 224 260 115 152 212 46 192 96 183 340 180 45 244 303 41 322 336 125 309 106 88 289 94 244 278 233 55 71 107 1 330 192 189 18 213 167 299 177 17 206 29 103 286 261 51 300 117 233 140 250 124 23 241 238 92 267 343 274 120 348 186 305 350 164 47 30 
297 333
12 311 138 332 320 247 129 278 354 305 243 220 0 208 101 200 154 208 326 281 175 46 33 38 198 107 113 249 5 256 177 119 44 100 317 70 213 247 119 225 190 99 256 176 338 195 138 54 337 292 287 145 113 38 255 288 39 82 116 76 15 45 358 144 59 135 7 330 32 129 307 226 202 297 5 20 212 197 316 324 343 220 169 121 277 332 299 198 307 32 65 185 358 274 327 304 258 228 30 196 234 220 206 186 271 284 119 99 224 317 84 19 167 66 246 55 61 97 151 340 333 250 185 238 111 120 48 94 236 141 60 288 76 327 329 96 190 107 221 63 191 12 186 347 85 189 348 89 9 109 76 179 101 16 355 155 352 124 322 121 142 318 140 156 47 178 30 9 194 357 10 309 261 275 304 291 339 24 150 120 321 203 210 89 223 73 108 111 209 301 259 214 28 16 185 267 30 225 179 48 24 274 159 1 198 281 95 67 284 104 261 20 118 139 44 58 327 73 266 138 352 98 31 2 132 140 19 180 159 351 57 274 134 285 246 210 146 80 308 215 325 337 277 355 153 70 7 156 167 41 35 302 12 99 94 275 17 107 56 85 12 268 278 7 333 165 263 308 195 313 295 344 108 156 205 298 222 42 293 65 184 259 257 253 240 228 157 296 240 18 30 280 242 57 280 210 246 
316 263
287 266 359 307 186 67 237 101 37 83 170 261 3 204 324 28 351 1 139 229 290 248 314 242 27 119 143 136 67 271 169 316 288 324 15 260 142 10 354 60 183 220 340 288 194 38 210 138 340 351 259 63 235 277 165 111 156 66 26 218 336 253 124 287 265 157 73 29 105 119 275 72 305 92 255 278 79 146 281 206 131 300 194 345 304 280 178 236 184 265 64 193 345 233 344 39 163 6 169 13 129 351 333 109 112 138 348 80 207 41 122 58 66 260 303 107 285 71 170 235 262 158 98 102 51 140 37 93 203 69 199 336 216 82 109 114 84 333 47 0 254 237 0 304 358 267 152 101 168 248 330 53 223 104 301 228 265 150 180 5 325 107 0 358 257 239 227 98 101 22 173 164 218 151 17 201 285 143 23 159 328 329 190 328 102 250 215 351 86 72 323 127 151 110 223 103 344 60 110 26 272 141 355 184 196 273 57 67 269 258 286 86 231 229 157 133 167 162 356 146 253 193 260 271 17 164 76 320 315 158 329 179 117 281 49 24 336 238 81 158 93 154 339 209 152 118 186 36 314 64 158 92 302 207 117 146 280 24 102 227 359 331 212 131 89 75 247 154 356 248 332 132 219 152 293 326 165 313 255 327 239 214 310 14 320 126 17 149 81 220 225 43 283 335 241 121 225 117 289 293 345 306 245 190 103 165 74 212 161 2 299 355 4 21 169 18 
296 34
111 144 150 184 261 110 177 190 62 308 312 147 11 164 50 217 271 342 270 61 293 5 330 13 204 329 233 299 93 337 102 270 50 179 107 220 303 45 99 133 182 339 256 77 302 328 357 302 338 104 123 2 63 248 85 212 220 45 283 256 223 98 8 355 224 248 320 84 227 166 59 42 6 14 304 37 158 347 277 94 162 287 162 135 71 55 151 191 349 2 190 9 48 310 304 321 26 119 80 345 30 89 4 290 279 243 333 142 103 27 135 40 167 325 97 155 311 204 69 160 243 277 93 136 352 110 39 242 311 260 188 154 59 192 318 326 264 202 83 16 344 16 30 46 252 228 227 257 329 54 19 150 264 262 338 313 356 22 166 293 282 122 29 66 244 167 107 197 307 244 279 200 338 12 138 221 359 50 195 195 32 7 331 73 237 212 286 335 343 292 341 266 83 84 246 332 262 351 158 358 340 346 130 352 239 345 209 59 11 50 166 199 23 142 350 197 61 233 285 292 90 56 231 349 159 228 352 149 141 211 316 29 219 135 353 128 124 119 222 15 252 352 9 186 106 330 298 103 354 341 37 330 13 291 184 342 65 189 243 57 243 314 195 221 350 225 69 300 208 330 245 245 53 8 251 46 121 229 19 339 33 242 228 331 202 226 118 5 355 143 45 346 61 119 171 13 
358 27
245 63 126 152 13 79 248 335 281 336 59 35 118 337 325 311 180 356 262 230 36 339 246 42 79 52 126 214 189 38 290 301 242 189 157 153 64 165 109 88 92 304 74 24 275 187 349 13 154 320 238 350 341 81 11 336 316 216 346 306 337 98 262 298 298 50 314 77 312 212 316 64 253 2 41 58 334 338 247 223 161 281 40 154 155 108 66 54 0 51 191 64 6 331 213 298 316 287 26 328 330 31 335 26 250 281 150 32 177 87 54 350 196 91 55 183 160 71 153 301 12 132 230 278 337 349 112 114 202 155 54 194 44 347 179 318 135 252 146 37 257 321 202 210 303 112 336 82 121 283 248 152 200 124 51 30 119 93 167 86 93 259 281 220 255 85 274 163 120 276 245 271 123 328 268 127 182 36 153 265 126 311 100 47 104 4 216 254 131 255 82 144 148 304 61 105 77 128 313 334 251 255 208 324 255 299 37 268 163 251 3 330 316 27 247 280 279 301 193 349 68 0 228 359 304 96 346 196 86 262 52 115 350 250 20 113 337 249 229 253 347 65 222 266 48 325 180 37 234 168 17 245 343 107 70 269 334 308 114 178 314 192 72 92 23 182 22 287 148 303 193 316 310 51 305 287 53 283 100 136 300 166 270 175 145 67 3 268 311 15 257 283 29 359 64 103 68 41 196 215 165 115 304 76 238 280 94 234 98 74 311 314 341 188 111 35 117 216 268 57 89 173 63 307 19 319 326 286 76 236 94 99 261 7 219 76 106 143 38 354 56 171 291 111 144 168 5 255 191 169 356 57 219 336 200 51 195 349 
228 249
246 135 52 315 136 204 24 30 128 204 59 46 148 224 11 241 341 186 142 202 135 38 132 133 268 85 229 226 106 49 157 45 359 205 56 174 32 235 296 111 316 17 318 110 89 302 354 128 251 95 89 15 40 237 252 154 181 289 326 45 266 138 198 128 228 15 49 268 264 332 7 82 112 201 210 288 240 72 343 158 200 93 19 275 207 159 40 188 186 47 11 337 255 37 203 197 261 171 36 90 13 174 231 49 100 143 187 14 199 350 286 296 153 308 47 244 119 167 343 268 177 106 51 49 61 320 191 263 184 300 252 69 262 339 324 107 265 166 330 276 290 43 245 294 351 348 121 228 252 101 322 1 183 217 147 284 78 249 109 63 38 93 311 81 1 240 230 354 77 87 162 98 68 101 322 30 283 223 59 249 238 292 180 107 309 247 41 176 87 231 207 251 228 223 228 263 335 73 188 142 213 243 188 356 300 51 208 213 146 51 323 25 251 166 40 349 0 26 51 288 146 156 341 237 178 320 306 194 
