60
269 212
286 188 27 197 94 35 41 227 172 62 232 229 13 218 225 346 40 183 246 290 278 71 294 67 59 67 340 1 267 238 26 201 280 98 76 351 51 79 257 315 301 192 27 221 301 156 120 98 278 43 31 73 178 308 74 20 193 116 54 271 204 124 118 178 72 58 75 119 295 349 161 295 28 4 304 204 228 302 281 155 260 301 11 220 205 124 106 135 13 233 341 208 212 253 322 150 163 105 303 174 354 29 271 56 339 253 32 114 86 74 295 294 315 320 258 64 261 238 62 310 148 164 350 38 54 287 261 176 246 288 220 70 23 285 159 60 130 169 288 34 191 152 310 146 42 139 351 96 261 132 50 307 102 246 11 55 208 281 112 325 9 21 77 172 85 180 252 251 93 240 206 333 151 293 278 351 280 237 243 344 315 236 16 274 272 157 135 271 173 168 80 109 133 273 102 237 156 359 133 155 278 214 35 244 296 247 216 343 22 251 272 345 170 227 230 84 316 186 222 33 89 221 209 76 3 9 201 293 207 112 46 342 222 190 259 151 240 252 195 229 280 279 263 63 20 230 256 286 166 320 29 89 143 137 312 330 305 356 40 49 16 33 239 208 55 276 148 148 251 
109 269
358 309 170 338 122 49 30 348 332 283 132 58 231 46 144 48 324 248 228 115 223 91 124 53 324 256 353 353 101 94 114 135 77 213 138 38 300 112 351 64 180 95 142 152 8 31 328 226 306 43 118 251 31 232 23 0 111 15 89 82 146 326 339 143 74 120 345 333 230 239 105 101 295 320 115 216 200 309 134 306 28 94 150 151 359 102 313 282 38 259 47 197 355 2 171 358 8 181 301 46 37 14 241 47 228 145 236 190 241 
101 112
185 86 158 301 245 20 284 110 218 174 286 17 200 193 222 255 209 281 255 43 85 172 22 238 357 335 3 273 327 33 313 254 353 158 247 222 176 65 206 18 88 93 342 275 304 97 274 356 31 330 42 90 169 21 195 175 25 44 346 155 44 2 270 40 47 181 349 280 276 55 175 174 231 52 51 305 328 24 282 205 143 180 343 170 326 174 179 55 97 73 219 271 67 193 317 316 276 201 250 282 59 
157 328
203 98 28 74 177 85 301 262 80 274 2 101 298 170 85 123 290 86 53 63 277 346 167 170 58 143 149 139 354 292 77 359 236 161 312 180 4 318 133 342 114 157 41 153 68 35 95 73 183 221 76 114 108 277 78 128 221 187 207 26 23 15 23 339 329 102 67 215 75 190 269 234 195 156 267 61 10 198 358 226 20 11 33 307 162 140 290 239 215 208 89 349 268 70 332 290 323 65 208 107 147 214 41 338 28 105 191 354 272 38 352 327 261 243 238 32 76 48 322 66 276 343 226 269 92 135 228 206 82 259 9 58 187 92 223 78 152 315 301 41 107 245 160 235 134 54 340 138 254 292 109 177 272 226 321 64 94 
39 341
8 62 2 288 173 86 228 207 228 4 155 116 292 130 61 307 163 113 33 227 256 175 263 88 221 132 110 9 65 237 89 119 329 144 341 221 132 285 219 
5 139
190 16 229 31 206 
6 59
192 87 189 35 312 219 
348 65
250 263 180 102 284 283 140 157 99 357 326 179 80 188 263 61 103 231 25 279 294 271 138 90 242 74 301 20 42 78 24 270 183 346 103 39 215 225 358 172 343 71 66 249 173 275 208 140 249 212 133 172 7 216 294 226 189 58 25 99 314 30 120 318 179 179 254 277 350 74 134 159 0 17 355 132 123 140 279 230 234 42 305 293 171 296 181 36 248 270 260 152 169 101 187 298 225 340 239 44 56 320 331 251 231 190 280 315 222 41 143 225 129 350 341 226 13 284 112 218 137 310 107 56 5 10 121 193 248 142 33 69 14 191 161 145 240 51 78 249 127 320 8 25 218 196 57 281 194 159 33 325 111 331 290 177 50 126 250 280 127 78 231 207 169 334 218 150 10 132 61 153 64 123 113 143 174 42 133 317 127 300 324 300 172 122 122 244 264 248 302 250 137 288 54 96 147 69 267 45 174 68 186 157 250 167 313 32 296 164 174 212 326 3 285 148 181 345 302 280 285 150 326 109 249 36 56 162 236 122 55 161 185 203 137 199 85 296 164 66 196 219 273 203 119 115 65 289 126 3 246 188 216 138 266 9 178 85 204 55 237 243 163 251 170 39 55 228 272 340 308 186 275 111 198 156 271 99 286 296 330 121 10 344 59 289 58 29 305 330 294 356 225 51 117 147 312 215 176 255 191 286 283 265 343 140 285 66 67 149 209 78 112 339 295 312 322 256 49 97 212 317 143 164 163 57 354 318 131 274 209 180 246 289 343 185 80 132 44 359 65 89 295 34 42 47 45 222 
76 328
98 244 328 272 201 16 13 52 235 21 266 313 298 327 34 26 189 150 120 280 160 237 216 63 220 294 113 271 129 108 163 290 13 10 311 142 259 268 28 32 58 96 238 325 355 328 354 110 230 151 352 187 28 259 320 171 282 37 343 230 1 275 89 301 3 75 197 352 269 347 215 206 246 262 280 298 
52 208
349 156 346 323 332 127 36 82 95 182 35 38 130 240 62 105 129 69 77 231 100 114 320 77 134 259 174 109 4 125 133 239 19 120 55 343 60 322 168 208 140 85 229 154 55 229 290 254 314 349 302 67 
222 12
246 10 112 331 40 320 216 197 163 282 267 193 108 9 319 237 97 45 81 53 240 155 95 73 232 83 135 274 82 132 344 138 285 3 334 297 244 287 335 52 271 198 205 168 50 262 80 94 348 310 23 281 47 351 98 219 153 208 210 71 30 90 30 138 133 47 44 41 108 325 260 3 261 23 270 13 6 21 219 278 39 357 302 304 355 131 232 101 9 314 274 352 252 109 272 315 74 315 43 199 37 0 253 160 289 174 339 282 17 236 351 194 113 40 253 194 134 297 221 239 285 55 73 60 11 115 132 202 103 96 278 121 224 271 148 267 239 282 193 89 149 291 90 343 299 58 309 65 227 324 239 77 309 348 281 124 304 181 37 41 229 174 89 77 109 65 266 161 344 73 127 185 181 146 28 69 330 321 99 314 239 334 149 112 240 186 355 205 297 176 280 10 312 298 283 200 202 93 8 127 27 102 355 67 201 9 244 251 25 254 154 258 31 204 68 32 9 190 49 98 236 174 
99 272
255 283 318 309 117 357 98 65 278 71 298 92 86 138 55 139 349 151 329 307 1 57 212 232 234 149 218 277 111 273 43 254 166 6 145 48 199 354 148 216 258 158 63 118 259 105 288 304 11 304 18 293 180 68 330 30 12 318 15 151 242 25 210 278 127 172 154 218 321 244 155 147 192 279 266 188 118 228 148 284 272 286 71 223 267 120 191 287 346 342 133 207 308 217 256 239 39 359 262 
103 286
48 17 46 269 243 235 56 201 329 262 138 201 114 290 152 303 113 238 327 177 206 165 4 18 158 163 3 165 228 289 258 354 181 308 327 105 139 322 65 268 294 232 135 3 106 323 6 113 253 188 157 292 4 63 327 65 107 230 93 26 286 179 223 19 310 114 318 202 70 194 137 250 68 68 103 343 173 171 271 275 138 150 272 17 2 343 273 178 136 224 139 288 226 182 314 194 122 252 169 90 178 142 38 
132 311
15 205 148 212 331 330 37 148 146 145 1 195 163 227 342 160 176 179 162 323 78 308 279 349 331 144 200 66 148 13 54 334 201 301 87 170 343 171 316 207 292 68 99 70 236 319 168 354 94 328 184 60 165 104 301 272 302 23 270 315 358 321 103 297 165 40 313 94 114 276 174 257 14 41 1 104 322 335 203 234 222 209 8 258 281 282 344 94 83 43 188 314 222 112 147 296 303 42 190 7 278 325 324 12 130 322 159 63 69 226 341 104 86 180 22 90 94 280 289 200 234 0 322 17 62 295 292 328 30 203 85 215 
183 340
127 193 276 306 163 97 285 85 131 101 243 278 123 245 81 323 63 351 326 219 90 308 160 92 305 68 20 121 90 185 322 332 81 57 132 260 358 48 14 221 352 289 80 127 268 4 8 73 186 22 47 326 335 57 143 257 355 85 216 257 153 114 224 72 175 217 153 163 93 36 78 19 297 27 88 270 152 225 99 94 151 228 79 150 12 34 311 357 4 191 355 146 83 180 241 22 112 215 151 341 183 318 225 257 93 17 63 181 87 22 9 90 202 3 304 163 330 179 271 103 226 182 98 46 8 20 50 46 72 114 84 306 319 357 259 133 27 172 53 272 289 133 132 186 222 30 213 40 301 161 336 3 234 219 119 139 277 118 293 65 72 93 174 207 268 36 228 358 146 78 72 93 241 8 156 128 23 111 269 21 323 274 140 
277 220
254 89 303 100 135 233 296 179 291 355 230 20 258 197 205 336 248 54 10 34 96 189 230 179 150 278 60 288 304 47 228 244 180 119 338 106 230 165 88 121 129 209 10 49 239 53 348 352 248 196 83 91 192 28 236 119 121 182 159 51 230 179 38 306 354 146 298 295 55 93 209 202 265 107 244 269 28 8 313 95 57 335 112 125 248 252 315 312 149 229 8 37 276 29 214 125 149 291 354 266 130 323 173 290 156 357 247 65 289 135 176 269 273 308 51 10 235 44 13 236 32 165 211 203 57 353 166 342 233 28 337 164 252 99 172 84 204 3 162 172 122 65 53 345 281 215 67 120 271 192 91 183 306 56 159 101 21 341 135 162 30 225 6 250 71 12 245 182 222 71 156 12 82 117 269 105 6 336 342 230 219 37 113 55 338 197 315 192 100 270 89 84 280 203 333 305 336 303 160 54 329 203 131 289 173 38 167 85 333 243 320 22 339 118 341 40 46 202 328 292 255 7 221 173 136 190 352 171 13 313 161 89 351 52 174 214 303 310 51 154 283 272 231 106 239 295 33 0 235 278 225 131 215 125 270 248 200 138 75 213 249 142 133 102 172 253 297 281 66 208 95 356 217 187 143 35 278 
315 342
9 153 151 55 118 237 294 206 213 236 117 198 341 58 311 183 230 181 63 21 299 16 195 352 333 22 142 179 219 71 81 137 193 132 145 352 43 177 132 14 211 251 299 97 134 253 22 347 1 171 91 13 225 199 141 322 152 352 305 289 98 150 87 81 342 304 48 55 359 184 344 228 327 64 38 96 75 26 331 323 335 327 252 282 121 2 18 264 44 171 239 255 11 202 261 252 164 154 286 277 45 296 69 211 270 165 331 224 206 326 95 93 48 341 197 289 225 353 117 296 295 115 279 294 291 286 48 247 290 169 104 116 33 28 303 255 287 223 89 114 23 43 145 179 269 312 37 24 137 260 238 61 337 32 124 100 132 269 29 344 175 51 25 35 197 357 7 37 148 266 87 281 224 261 47 17 52 307 180 40 218 49 271 248 100 0 29 359 84 236 324 190 350 99 72 132 171 178 152 264 110 62 309 227 85 309 350 26 30 106 319 221 146 206 94 345 7 92 60 62 185 307 84 186 40 200 127 129 200 203 196 248 344 207 211 298 284 346 345 308 202 67 104 21 213 45 200 48 231 206 126 205 229 292 278 123 241 189 80 80 150 241 227 56 170 285 210 95 120 120 254 109 267 7 349 78 310 335 327 37 288 184 140 113 82 277 355 187 48 202 96 11 289 313 243 168 351 295 254 338 150 118 337 207 304 78 141 11 264 121 199 222 87 307 65 
269 228
146 315 255 181 274 76 248 274 16 29 195 128 130 158 43 216 235 196 234 300 286 41 174 78 287 248 58 204 110 336 14 183 179 194 297 144 251 164 261 306 339 115 285 284 192 219 248 316 11 44 225 189 228 320 166 290 294 307 16 177 80 211 269 315 243 294 259 137 287 59 157 261 257 162 173 105 115 168 140 189 265 295 247 19 317 92 144 63 6 102 42 9 122 74 47 29 40 137 63 176 306 345 198 232 54 14 301 174 9 326 11 7 296 280 18 332 38 208 125 132 96 277 7 107 176 171 297 218 292 261 252 308 17 307 342 61 130 292 307 211 137 336 67 241 307 294 212 153 259 58 281 323 337 102 269 323 241 4 12 351 270 74 143 257 33 300 283 70 192 318 26 263 236 236 222 155 160 164 339 295 236 220 255 105 350 279 13 332 173 216 215 181 173 244 295 76 178 284 209 109 179 186 315 107 41 165 54 185 157 212 323 263 153 102 35 251 205 107 259 180 118 22 160 353 152 326 210 187 279 325 200 29 77 270 83 119 143 205 333 312 214 77 244 90 291 202 335 229 311 211 242 154 64 242 233 155 295 156 148 251 338 110 132 282 72 340 84 3 154 
146 355
2 12 151 202 26 350 77 187 78 184 154 336 323 126 84 20 72 271 89 355 123 127 269 4 163 201 350 213 114 292 294 326 308 318 309 332 68 51 106 69 99 176 101 170 51 156 195 262 206 316 322 249 255 192 338 327 348 33 201 122 8 107 239 350 218 340 277 269 326 238 343 2 193 10 350 281 89 150 288 115 181 335 144 136 247 23 212 315 212 236 252 205 276 310 32 132 124 29 112 141 19 20 180 81 239 149 220 39 314 19 32 230 341 303 354 142 127 134 116 35 41 16 241 68 225 16 218 140 238 144 282 45 52 244 211 145 26 163 232 284 206 230 324 319 342 35 
359 278
256 19 299 144 354 218 330 286 52 303 222 289 137 298 350 323 236 206 34 232 160 182 243 103 199 43 187 107 27 285 151 110 281 333 193 86 97 6 355 326 137 185 28 105 72 10 312 32 33 168 136 232 108 296 99 11 152 173 271 27 159 348 149 131 125 64 101 182 165 135 326 31 134 21 81 168 58 25 83 38 166 214 210 270 19 12 258 322 245 209 157 64 170 95 43 149 332 314 332 78 286 298 34 25 348 216 299 34 270 200 91 107 303 21 52 70 299 154 342 70 199 158 162 66 156 204 43 145 199 264 212 233 243 20 335 82 234 187 7 79 181 298 52 109 21 24 68 77 193 137 270 270 73 83 123 358 138 80 23 142 26 172 224 220 284 26 159 252 61 286 199 191 215 74 175 243 215 234 198 304 112 84 176 69 248 236 328 113 140 79 0 313 278 37 214 348 248 266 23 29 111 308 315 199 261 304 253 7 356 309 201 90 21 106 89 118 137 294 137 321 156 46 270 288 32 239 66 284 184 36 138 30 27 209 49 89 302 25 321 73 248 211 36 354 260 260 169 171 175 258 40 358 166 140 145 128 277 256 67 50 65 223 328 229 97 119 212 96 341 309 52 191 139 35 324 25 151 120 240 356 187 99 67 99 18 300 32 307 322 354 20 278 275 350 331 283 30 48 244 148 170 321 221 95 146 235 136 152 183 338 10 282 100 2 343 227 142 156 328 287 157 272 143 61 253 118 328 270 311 57 168 101 48 257 128 145 248 227 143 351 81 33 158 72 258 137 222 21 59 120 118 109 55 323 81 209 320 172 313 
158 93
173 230 23 113 347 294 211 299 235 103 303 175 288 134 214 165 82 156 79 197 224 8 330 173 273 4 46 56 104 211 220 263 24 125 165 66 270 44 322 234 163 74 190 120 343 231 313 191 38 258 252 203 38 207 87 24 116 74 23 183 159 186 52 203 37 315 105 12 193 204 107 246 228 329 346 9 17 195 112 268 205 344 264 29 327 101 310 118 154 295 255 46 20 181 43 250 247 166 260 174 332 280 129 215 296 181 85 234 287 196 247 191 283 310 211 238 338 61 105 4 108 352 113 62 266 184 327 39 234 331 230 98 11 157 213 2 118 11 297 151 52 142 87 161 178 266 87 94 131 83 77 133 329 173 335 326 39 142 
311 60
85 103 153 284 206 345 282 12 294 178 335 350 222 328 157 337 204 193 222 211 155 92 184 29 78 280 97 41 357 7 185 132 168 278 66 356 67 155 222 80 28 127 306 244 278 164 11 52 31 57 6 133 132 110 273 22 289 277 264 22 46 222 255 128 306 277 224 208 339 308 61 135 133 48 63 243 69 280 214 174 25 213 289 302 261 92 326 145 38 111 39 125 72 327 198 127 195 283 7 202 210 221 109 325 60 218 301 5 149 196 198 115 227 93 314 86 39 277 78 34 250 120 4 10 35 23 161 337 112 4 102 260 207 172 264 129 247 264 4 97 76 180 204 53 96 4 166 20 35 59 35 151 79 226 289 291 102 321 317 93 305 205 79 124 336 133 55 96 260 155 135 349 230 109 190 274 149 272 199 272 341 68 134 325 87 307 119 217 247 232 275 339 55 353 241 95 240 159 340 337 286 268 359 355 37 253 262 317 150 264 292 172 69 255 295 350 51 331 280 231 334 79 57 199 105 293 65 315 243 280 269 144 335 314 250 143 346 241 102 63 15 33 126 258 291 72 88 218 280 127 312 114 89 243 85 54 100 154 88 13 38 152 293 138 330 235 39 336 245 327 311 156 206 229 273 183 81 192 1 65 1 255 348 182 151 140 26 351 41 63 314 125 163 54 290 96 279 32 258 218 136 318 74 177 93 5 188 48 0 349 331 
23 249
231 172 255 69 281 248 202 317 350 188 172 313 25 202 58 10 240 110 283 262 226 309 75 
301 201
314 106 189 251 288 341 232 9 265 355 332 186 18 78 168 262 302 158 153 221 4 200 41 236 315 295 74 7 90 183 306 60 39 76 245 294 22 79 16 300 232 43 283 106 348 48 322 149 17 328 132 264 88 321 163 169 87 359 16 310 56 251 358 57 85 125 136 123 75 31 62 209 8 302 63 209 34 134 104 346 182 212 144 312 67 224 334 352 60 346 304 305 356 179 52 116 146 71 315 215 299 188 91 6 137 311 284 292 119 118 313 37 208 323 332 208 76 348 229 114 286 16 219 292 35 274 7 70 283 273 158 356 173 159 329 265 132 338 341 64 12 220 292 341 78 92 39 281 324 190 354 324 240 268 225 138 150 28 188 174 252 289 58 262 103 193 60 19 105 94 136 64 83 344 93 316 99 107 179 164 197 198 330 249 168 321 289 309 214 352 222 289 82 224 244 175 231 71 112 136 245 212 148 99 263 309 51 32 356 59 328 94 95 6 209 34 54 144 50 248 26 140 290 57 218 177 164 79 70 321 98 318 264 41 146 132 332 186 228 326 39 71 251 232 279 232 169 260 351 146 249 74 185 152 51 229 270 290 99 222 63 221 358 317 348 260 268 18 197 346 243 56 352 249 224 333 222 198 44 264 303 312 249 0 6 262 74 56 165 106 96 171 312 304 353 171 105 349 13 13 239 
211 255
85 7 37 241 162 195 232 200 351 172 13 276 63 151 237 88 226 49 196 268 149 104 206 83 268 231 246 116 168 127 230 353 330 310 282 138 245 325 131 206 196 89 17 54 94 123 18 142 95 104 97 22 112 148 150 342 166 134 33 294 246 65 9 85 168 64 148 72 132 316 83 327 177 327 110 72 344 74 166 41 316 353 302 355 289 258 134 8 321 296 93 194 328 240 55 55 35 36 61 165 331 273 217 348 143 194 46 199 44 260 65 75 77 153 51 305 38 58 297 325 322 147 329 245 154 284 145 140 330 332 8 193 155 212 180 147 320 189 60 13 211 82 243 69 211 287 169 235 170 146 11 218 339 79 203 249 328 299 345 332 61 75 65 350 142 301 10 236 182 231 92 276 142 290 351 187 241 222 207 177 108 304 12 9 123 113 187 357 35 158 116 47 5 179 302 213 292 309 333 118 182 133 308 119 128 188 212 271 173 252 261 
229 286
12 338 65 256 339 87 357 323 235 256 274 57 278 94 182 96 178 203 317 114 60 248 152 322 221 315 151 342 334 27 168 65 114 40 119 69 219 199 121 307 238 157 133 118 101 169 47 312 320 131 294 48 323 297 87 187 71 222 272 201 7 0 186 276 308 1 205 155 119 164 299 17 255 162 198 11 100 242 7 2 289 130 314 164 165 229 230 50 69 186 241 280 284 185 160 25 12 192 113 148 65 287 116 214 132 124 202 277 313 281 23 164 51 116 114 311 86 307 92 198 28 350 170 331 232 95 260 337 161 175 26 78 49 97 263 242 3 294 245 111 94 219 108 346 206 5 270 270 311 217 289 311 84 237 161 286 196 291 214 172 109 184 331 201 58 140 233 165 131 13 321 206 272 216 140 56 55 0 60 282 308 355 131 20 0 240 335 246 291 293 357 112 181 352 106 348 164 114 266 2 283 88 12 47 13 278 340 308 262 7 281 214 322 175 66 100 181 34 206 119 191 139 353 173 16 127 276 106 358 
8 242
22 69 125 261 31 138 224 80 
188 220
34 248 293 96 94 170 113 95 185 215 6 352 318 97 18 108 66 171 120 67 104 341 183 243 95 255 93 44 100 348 297 204 34 218 351 43 37 56 67 239 73 177 132 334 8 280 116 324 157 86 45 115 193 175 249 108 139 24 260 9 262 232 26 123 31 340 137 33 10 230 294 185 153 312 250 183 348 207 122 160 76 65 281 195 111 128 239 173 297 276 189 3 265 177 114 202 344 158 162 8 195 162 313 9 320 125 40 297 278 18 267 143 54 277 137 319 210 72 77 162 151 32 218 304 223 332 91 238 24 352 116 280 342 29 192 5 248 27 127 10 109 252 116 187 7 299 266 306 358 301 321 213 197 90 351 44 72 250 82 43 91 11 255 344 282 81 289 87 280 298 43 34 300 112 239 5 326 124 248 19 82 150 19 80 297 160 45 296 
78 116
357 131 195 81 306 45 219 172 265 168 38 297 329 55 215 163 128 159 162 13 342 98 194 353 346 350 208 349 273 303 103 349 299 96 132 311 12 344 34 235 139 123 50 282 201 118 16 138 258 264 228 47 184 154 36 152 33 52 2 9 64 118 317 322 324 313 332 316 45 278 243 300 276 302 15 149 289 162 
293 252
328 138 325 313 68 109 117 262 40 84 82 171 169 343 0 41 315 206 94 337 295 46 33 114 82 340 206 278 34 104 192 126 11 37 200 175 322 75 315 275 82 327 215 20 306 268 46 197 138 229 27 244 333 185 146 177 316 201 19 125 331 248 145 218 26 206 49 311 184 216 190 321 187 95 262 145 102 252 80 258 14 307 144 217 309 133 33 301 304 287 31 44 147 94 92 112 11 20 38 57 119 38 63 19 346 297 250 24 176 314 223 74 31 341 202 13 1 324 201 269 306 307 108 144 58 330 11 118 334 171 182 42 149 196 0 35 52 214 285 346 58 42 330 51 90 173 127 130 132 319 162 345 61 132 85 291 220 7 115 244 66 338 287 264 87 138 158 285 113 267 129 325 100 237 300 219 66 222 79 251 190 318 346 1 20 301 141 219 342 146 256 271 180 321 263 139 318 70 30 6 195 140 274 162 217 327 262 309 180 187 35 195 273 53 149 53 178 176 32 227 96 295 177 73 137 353 328 213 186 9 235 316 317 328 160 36 55 134 212 104 43 350 64 304 195 17 303 320 174 49 192 9 161 10 291 152 294 357 202 244 44 241 353 324 106 12 122 149 182 245 73 190 303 295 159 242 98 158 265 202 226 111 326 208 252 171 300 77 213 56 122 238 348 
83 225
26 298 354 56 282 293 286 1 203 331 58 310 92 341 203 59 22 339 3 121 313 190 310 35 250 16 44 261 239 279 7 159 343 299 199 262 57 189 197 320 204 243 109 244 259 25 348 233 19 66 340 68 315 44 50 285 95 358 217 25 266 241 32 258 0 237 170 158 192 292 342 183 52 28 27 211 117 151 26 300 217 236 196 
90 42
209 234 220 344 102 309 349 54 122 117 186 132 140 243 0 311 172 120 357 41 355 231 268 326 89 260 174 334 53 329 290 52 114 227 87 270 5 155 135 284 37 157 110 83 73 344 186 321 89 281 82 184 330 110 214 119 133 45 316 2 170 140 111 150 203 61 173 297 344 339 200 143 287 329 92 21 100 33 39 231 120 220 319 219 27 126 350 253 56 186 
304 283
1 21 62 304 247 102 190 168 95 223 343 96 314 295 137 128 111 92 320 155 38 132 237 359 280 331 57 280 104 161 254 16 275 61 326 305 317 301 166 306 59 245 173 79 311 117 221 201 172 293 142 188 105 113 221 30 223 281 168 251 319 251 303 98 296 152 249 307 252 199 142 145 239 280 141 49 113 156 67 121 178 84 170 187 99 71 138 81 228 105 33 46 159 203 180 46 298 241 114 251 45 308 168 70 278 265 261 201 249 194 357 204 67 350 197 90 311 24 262 36 129 358 160 34 189 214 45 173 95 334 163 342 205 284 225 195 160 173 285 227 317 32 114 220 101 195 104 41 143 159 279 258 232 117 67 348 45 8 304 264 154 333 71 102 230 151 67 318 135 126 130 25 47 260 288 189 289 258 175 101 286 146 289 5 68 16 166 324 352 255 231 317 253 173 83 11 292 289 191 58 150 334 16 156 244 233 63 19 67 298 258 265 246 292 28 333 295 11 147 225 206 180 78 116 14 140 35 64 55 94 135 124 268 39 222 1 157 87 194 339 147 253 170 286 338 172 135 266 192 184 344 148 290 143 82 291 152 90 126 32 281 30 44 191 25 115 63 238 81 359 259 142 14 133 280 119 254 8 139 55 106 56 22 198 121 282 47 189 242 345 125 47 350 269 240 306 151 74 223 359 335 58 352 54 
305 133
238 63 10 352 84 344 300 209 214 303 208 359 25 221 119 117 211 84 62 62 30 2 314 168 68 27 107 224 269 127 287 253 260 129 243 238 356 126 286 78 183 274 58 334 209 71 325 252 121 240 127 88 322 340 113 326 35 79 116 286 298 275 158 150 94 82 44 6 13 24 223 106 143 160 221 302 173 266 299 109 329 129 331 278 170 95 183 176 353 11 12 301 130 235 54 155 195 10 60 290 336 154 319 133 155 266 84 268 128 347 27 60 257 355 148 86 262 327 276 325 209 263 213 12 117 321 292 230 184 237 160 4 67 219 132 194 48 197 6 219 23 252 305 152 120 330 57 314 272 281 13 289 334 139 77 72 254 169 257 127 185 276 346 330 261 65 310 116 332 265 1 187 270 71 295 232 210 265 222 141 132 244 128 278 117 331 279 123 137 287 337 355 149 186 17 337 327 286 48 103 35 71 197 261 69 0 160 275 32 209 62 109 315 159 250 193 310 162 207 3 276 76 104 306 245 158 59 152 308 184 62 164 128 32 243 19 6 248 166 251 144 293 248 177 32 175 193 281 171 102 275 278 92 257 341 52 344 228 269 275 284 154 236 268 115 355 60 119 222 73 269 214 359 42 148 121 298 109 93 353 342 209 146 225 339 153 37 63 252 193 185 282 23 188 247 38 276 80 153 349 231 158 295 299 48 
192 170
125 332 293 343 268 72 185 181 357 10 73 141 193 84 173 342 312 94 104 277 126 20 163 91 245 273 26 198 174 325 302 135 259 127 11 72 144 108 56 263 6 308 211 61 291 237 146 49 87 62 305 264 251 56 259 26 250 252 146 267 283 107 109 265 103 289 282 244 57 149 353 331 20 297 200 117 182 246 212 174 72 327 314 74 37 317 150 162 72 208 4 8 66 358 121 88 149 256 161 177 51 250 325 3 294 327 184 4 253 299 203 291 44 59 266 48 185 328 52 39 292 78 157 85 101 78 188 101 108 59 313 335 34 124 136 301 115 285 195 133 145 223 216 206 13 318 97 290 119 103 359 41 92 162 83 13 302 223 108 67 81 347 229 355 27 183 82 294 124 243 317 276 265 189 254 148 248 299 332 54 314 52 112 49 339 212 77 102 181 157 319 24 
262 198
325 253 126 139 165 11 215 169 138 55 91 124 22 192 51 78 30 139 31 37 25 342 4 4 270 87 272 359 332 258 346 212 325 331 5 154 265 22 52 99 325 307 55 223 166 59 124 212 204 298 127 38 141 82 81 318 122 75 347 113 162 213 241 207 270 5 167 300 27 276 334 195 192 130 63 271 33 174 288 143 11 65 93 102 320 145 316 240 9 29 233 80 329 97 309 289 44 47 143 280 173 88 340 153 283 230 195 138 268 296 31 305 170 228 94 218 331 126 17 28 277 224 152 186 78 184 59 352 178 39 277 207 76 296 80 267 61 132 194 288 195 95 276 124 325 208 340 155 25 290 53 299 299 65 106 19 101 321 319 143 39 94 191 77 4 32 355 256 353 310 321 236 118 183 277 175 338 238 320 183 148 70 219 106 44 342 281 26 299 319 250 282 340 115 285 186 255 13 332 303 344 142 332 40 110 275 31 3 173 221 291 81 332 83 122 323 256 14 89 79 249 14 88 185 338 113 200 95 7 203 130 235 156 303 221 27 16 26 6 309 50 305 35 223 72 45 110 34 115 350 117 88 107 113 271 170 301 213 274 255 61 227 
238 358
255 234 136 242 246 314 288 150 7 294 172 89 262 17 130 77 308 22 112 118 289 206 71 131 51 21 219 246 115 196 35 34 214 159 197 248 312 208 95 17 270 165 319 20 18 171 24 114 149 340 308 88 5 273 265 92 229 335 193 110 78 342 78 94 81 34 306 274 31 101 94 281 168 204 173 94 228 186 351 268 340 294 306 346 28 261 211 40 76 227 30 272 190 15 37 235 45 194 56 224 155 158 43 232 80 165 46 321 31 81 162 128 345 30 169 284 13 323 26 112 183 231 355 258 225 21 104 39 239 290 287 342 300 187 178 257 154 132 289 294 239 200 175 240 325 353 17 216 305 38 95 33 334 253 47 230 41 37 298 256 88 83 55 314 184 37 341 0 163 21 50 299 259 214 79 262 68 37 56 68 237 299 59 226 255 56 20 357 104 352 232 142 324 260 318 85 335 172 20 129 171 241 98 295 349 246 258 114 172 121 90 254 229 121 8 320 190 266 283 159 86 26 358 356 254 54 19 184 76 163 5 95 178 90 328 232 346 161 
139 173
331 341 347 305 81 273 227 306 346 169 318 253 159 157 237 24 127 17 206 168 330 100 120 109 102 289 272 227 204 103 78 60 344 325 41 339 192 153 293 225 135 56 358 92 186 247 338 267 208 263 201 46 98 220 113 5 173 91 188 230 29 221 137 150 292 321 191 344 57 145 49 117 300 349 207 233 5 4 10 40 95 68 90 35 243 147 11 78 350 9 222 236 119 176 171 254 213 224 50 273 255 239 40 279 137 61 145 75 301 242 225 2 144 296 215 104 205 108 179 128 171 305 266 180 343 248 216 354 325 40 34 270 251 328 249 259 40 228 145 
319 149
122 172 167 191 302 126 50 21 65 114 84 187 86 286 8 27 249 265 216 121 167 58 340 43 14 61 256 153 294 186 30 84 313 185 162 210 276 232 176 240 268 154 179 336 64 312 68 126 243 321 161 338 338 101 160 212 335 127 221 324 324 301 303 290 326 161 35 186 17 298 47 264 146 227 168 327 242 349 89 259 234 87 136 242 215 73 61 259 172 198 64 91 262 77 108 229 146 236 216 8 269 315 224 90 51 253 245 228 330 315 283 165 268 32 31 205 238 212 80 171 113 326 107 193 341 242 290 315 291 91 274 295 280 326 197 219 207 253 278 12 91 204 204 30 105 135 359 86 152 181 303 13 178 309 267 254 24 201 93 296 275 95 295 218 290 79 137 224 269 223 233 112 167 259 241 192 313 33 350 55 167 11 87 344 52 330 70 68 222 179 324 186 249 230 73 270 22 331 181 256 74 246 72 67 66 97 201 164 74 192 260 175 127 48 144 65 112 181 349 187 301 14 200 197 83 84 59 224 333 359 291 132 56 226 76 144 287 182 187 180 306 196 353 185 160 220 218 347 152 190 119 141 81 201 297 59 64 327 102 84 60 272 92 67 137 66 10 220 220 39 240 6 208 297 126 95 150 285 6 188 338 183 138 139 339 358 337 324 321 113 306 31 103 219 139 18 318 184 65 91 296 62 170 237 340 245 163 262 337 202 339 38 145 346 179 307 70 51 121 
108 42
215 23 248 68 79 10 221 195 184 74 79 259 282 228 240 263 5 243 270 100 118 337 310 347 352 163 140 120 8 59 6 253 314 195 291 269 112 183 50 3 269 72 24 292 233 310 295 255 25 254 310 295 26 9 2 86 91 191 13 347 119 82 245 142 245 65 99 287 61 105 12 255 31 76 323 173 94 36 215 266 138 54 16 224 236 303 325 263 350 311 182 307 52 297 102 146 105 275 157 304 224 5 301 217 221 76 274 317 
329 136
252 51 99 177 22 177 180 122 258 161 190 126 121 44 196 68 1 243 280 342 114 324 207 187 54 157 148 227 103 67 324 172 279 16 285 229 47 325 54 214 55 61 74 271 128 92 327 216 209 23 246 141 177 136 158 36 349 149 174 118 217 324 184 92 128 52 251 160 28 249 149 234 73 38 82 226 332 255 168 61 104 52 139 275 160 176 312 10 344 168 310 37 146 254 287 209 55 99 277 321 142 116 267 215 41 14 15 312 234 140 331 279 343 107 238 352 206 35 270 95 100 337 1 222 26 134 50 209 172 102 54 111 169 352 139 274 274 327 301 148 63 274 327 74 156 335 291 149 339 189 95 335 32 174 318 228 279 200 16 307 57 223 217 23 61 197 222 10 20 69 263 159 157 201 200 323 131 36 23 162 246 47 312 37 209 323 115 41 31 240 341 229 82 192 45 342 48 275 193 339 300 325 320 215 336 191 171 106 147 217 203 302 15 276 129 341 32 97 165 259 21 236 90 52 182 51 294 170 15 320 70 112 226 268 330 181 202 335 329 321 195 326 304 226 26 299 34 171 57 129 122 241 170 186 280 73 289 297 21 322 351 353 308 106 215 72 139 210 299 202 337 91 171 160 6 294 331 237 196 245 270 284 156 143 346 12 201 199 184 52 245 294 312 307 66 168 43 340 103 14 160 190 332 288 283 265 212 240 206 163 338 185 26 337 302 56 21 73 212 52 267 287 334 306 52 249 47 318 343 
203 304
97 178 149 22 81 177 113 255 176 148 86 210 250 274 280 92 128 66 105 307 359 352 91 58 358 328 335 53 347 326 160 189 73 299 262 303 123 244 223 183 23 171 99 93 235 168 37 148 24 54 337 225 307 171 140 323 240 28 296 231 100 243 239 14 39 100 130 285 222 198 54 235 89 176 162 100 342 264 139 128 220 40 320 126 320 210 167 336 358 340 3 27 230 301 237 13 146 217 222 13 19 358 353 334 146 52 198 248 266 280 349 20 241 304 123 161 194 351 343 291 291 1 86 357 255 134 286 63 253 23 329 11 53 182 62 294 231 359 156 25 38 292 9 162 356 22 250 12 302 229 109 65 105 159 74 124 80 275 126 27 125 68 336 221 94 326 167 141 29 114 230 338 33 54 87 281 241 125 357 241 344 56 173 291 53 263 56 163 264 93 120 48 94 233 252 173 148 227 252 237 163 155 233 
297 100
113 10 106 216 267 226 272 65 212 67 256 184 335 84 193 330 213 187 249 143 124 176 78 221 218 40 215 47 103 123 274 269 181 88 313 340 357 223 90 100 326 80 269 335 79 333 7 144 313 66 124 25 17 182 142 24 344 221 294 4 89 36 214 230 84 199 163 264 166 61 179 144 284 238 270 249 87 156 81 262 6 31 338 319 297 34 327 183 126 153 195 122 228 283 137 335 41 160 54 268 354 252 343 112 350 333 195 207 260 143 72 317 146 174 229 135 290 39 45 179 100 323 282 112 55 78 285 67 140 40 14 160 18 101 22 345 140 318 34 16 67 114 11 46 250 97 192 70 310 38 122 45 161 69 31 245 353 351 161 203 260 78 254 172 358 163 249 312 241 333 206 113 102 179 264 1 11 49 16 131 35 153 345 68 164 194 168 221 218 331 322 145 314 237 103 182 183 161 73 330 146 178 98 102 296 42 181 95 28 331 282 42 100 273 81 90 306 220 116 137 201 29 341 232 287 206 154 246 11 353 120 59 320 117 6 115 4 294 189 318 94 325 119 192 282 46 189 38 104 94 114 268 146 357 292 24 187 89 320 329 271 46 149 269 212 176 30 352 215 313 133 91 274 248 99 273 148 219 144 160 227 92 65 235 136 43 323 104 217 266 148 348 339 329 167 286 319 
188 295
308 166 81 154 253 174 173 222 129 353 334 184 157 95 80 328 152 3 159 281 244 154 255 272 104 169 307 106 286 331 135 258 187 175 16 291 198 146 135 134 266 249 192 291 103 80 225 189 165 242 182 352 121 133 47 249 324 61 236 180 295 15 227 23 232 211 7 220 245 119 31 345 298 120 127 325 113 256 292 188 220 53 47 298 244 143 140 116 276 243 358 276 310 6 191 243 243 63 275 138 271 118 279 286 270 168 97 159 150 170 329 84 220 317 281 60 140 70 211 316 222 92 24 112 124 358 201 2 211 357 284 7 192 353 145 281 273 131 330 336 341 18 266 236 136 26 76 63 223 10 84 152 128 255 53 346 339 118 326 114 341 221 119 108 74 250 209 240 198 20 140 63 44 70 83 125 152 210 0 325 343 112 355 56 104 252 295 258 
102 5
272 5 196 94 357 203 251 345 160 226 300 3 285 296 76 344 289 178 284 58 88 151 195 166 102 159 153 192 234 350 148 246 19 169 159 225 33 189 327 41 55 305 43 117 44 20 102 70 172 263 115 238 232 341 297 285 54 330 245 213 168 37 57 190 211 184 210 88 63 113 321 196 74 110 268 347 225 127 210 94 356 261 212 127 99 119 301 55 28 295 82 31 165 140 276 352 330 157 275 49 124 346 
96 68
165 113 155 207 13 107 35 148 168 177 8 92 49 251 17 317 310 93 239 96 121 259 64 220 201 161 64 271 354 47 324 158 78 270 59 46 184 3 117 311 177 183 55 115 197 264 206 14 305 168 198 234 187 78 301 28 43 214 214 233 122 317 325 147 27 196 83 82 238 92 28 344 134 323 282 255 218 312 200 271 159 272 266 263 119 183 350 0 125 118 306 353 315 131 328 323 
41 67
84 127 272 195 315 218 197 354 57 220 163 46 287 204 340 289 280 346 271 351 319 258 185 314 126 186 252 273 131 135 84 303 287 21 211 109 345 105 325 223 9 
46 124
200 147 216 173 136 83 116 251 182 54 18 265 7 172 327 206 152 61 27 148 215 351 246 158 246 358 138 230 150 237 63 6 99 18 68 295 349 166 304 267 110 156 230 279 194 4 
344 304
275 122 175 263 207 288 66 332 308 103 159 106 134 187 210 347 186 76 88 165 109 188 79 54 269 204 69 162 174 164 273 275 60 244 239 62 359 296 186 239 111 64 351 205 254 108 78 63 159 261 310 314 169 59 273 154 197 271 175 207 297 183 144 149 156 347 301 143 39 335 352 346 16 283 357 345 112 125 50 208 217 16 62 159 262 33 234 287 59 5 36 352 207 13 116 52 8 29 64 333 196 63 43 224 210 105 177 110 94 158 10 290 262 171 237 95 240 269 39 168 224 274 71 210 327 138 179 202 117 344 66 257 207 320 309 273 95 188 269 319 353 18 142 45 222 122 293 308 276 32 178 61 215 21 309 304 38 47 264 121 58 63 47 91 96 227 82 294 319 111 214 336 336 218 338 310 82 71 136 91 16 9 101 265 344 288 184 320 310 336 88 181 258 356 232 208 349 32 132 348 6 342 257 160 58 344 185 325 358 13 302 46 64 213 271 188 146 43 239 26 137 98 143 156 92 320 185 47 2 229 326 231 44 327 200 179 140 290 269 341 329 293 307 138 341 202 94 216 78 332 236 99 270 65 359 183 82 38 325 259 95 82 225 144 48 168 95 228 310 215 5 317 338 224 345 96 91 324 302 125 186 12 253 279 127 329 180 168 61 323 210 53 330 346 282 187 35 274 136 97 223 271 140 316 56 61 114 268 306 21 349 222 69 139 70 171 48 116 357 69 174 208 335 88 65 183 194 313 265 303 49 55 24 162 182 43 15 171 12 99 196 255 179 275 
37 216
281 289 188 4 215 287 116 243 37 359 220 76 307 115 287 224 344 321 347 233 129 125 120 226 67 17 216 161 200 118 172 215 345 298 47 167 217 
174 292
202 184 262 279 54 141 284 57 181 37 321 95 235 342 211 192 128 312 232 283 351 120 189 89 157 207 354 48 277 275 250 172 240 136 153 230 314 41 240 227 234 300 304 51 94 339 283 197 200 134 93 175 241 12 102 15 207 240 113 218 203 232 96 27 229 323 33 36 300 359 49 28 97 8 42 213 353 238 62 315 255 132 14 234 156 255 273 14 154 274 249 251 159 350 32 177 140 55 198 69 336 60 13 204 247 17 278 58 305 212 155 125 12 88 228 76 264 339 43 167 48 267 63 159 134 147 263 182 68 138 344 191 151 135 67 15 25 309 314 305 351 0 123 188 239 190 41 222 358 316 139 147 200 171 15 200 42 254 162 207 139 242 307 49 161 264 352 357 237 249 140 285 355 1 
358 12
320 253 211 347 72 75 242 169 134 222 83 14 321 170 163 336 307 147 7 355 55 234 8 310 275 131 306 161 158 348 47 247 258 336 70 320 249 182 68 159 234 248 245 243 209 48 144 324 250 197 164 177 124 15 164 331 7 23 120 172 84 27 228 214 40 154 325 258 307 48 174 286 319 16 262 99 174 333 65 197 108 51 233 165 290 336 70 339 24 108 344 147 188 168 269 357 124 55 305 233 123 343 122 219 269 245 183 291 140 88 117 95 334 215 270 119 170 331 61 260 191 56 153 333 298 128 117 185 6 251 37 279 27 241 201 258 286 18 68 70 98 333 12 161 323 124 35 122 22 342 253 169 23 188 58 121 67 64 12 54 98 202 91 84 257 67 10 213 239 343 225 63 141 274 50 3 228 208 117 321 117 141 51 305 253 353 14 319 290 296 46 20 58 353 207 224 59 31 310 21 89 8 245 142 347 355 295 228 287 286 263 300 206 87 87 71 29 260 170 313 106 137 190 246 29 320 217 253 219 230 94 41 240 293 146 87 357 274 282 130 161 53 205 132 123 115 231 120 359 61 15 26 292 39 75 103 207 242 237 112 11 71 40 18 277 158 115 249 21 46 166 146 299 168 172 188 347 78 63 354 37 278 169 59 90 346 212 22 235 88 282 34 105 287 30 324 144 128 45 196 86 3 234 262 146 209 293 107 230 28 102 356 110 108 84 215 143 286 282 261 114 156 136 27 7 284 36 244 130 152 201 291 169 89 58 131 182 41 0 294 79 184 73 285 161 179 115 193 175 231 356 150 358 140 227 175 129 116 
261 216
237 99 49 329 239 291 199 2 78 155 331 2 78 32 20 342 5 214 289 190 203 162 210 149 11 264 183 42 326 137 130 6 347 89 4 25 305 254 208 135 100 74 169 304 102 245 303 23 43 75 251 183 220 180 145 284 165 90 154 28 328 239 292 295 61 12 264 126 302 134 7 172 131 107 218 149 3 140 357 148 284 282 198 167 92 109 227 3 169 340 5 17 225 291 282 27 211 143 349 201 124 4 98 21 115 138 171 65 41 185 58 84 253 177 22 24 51 155 301 96 316 174 41 335 9 350 334 234 358 224 41 253 250 332 328 174 256 28 351 212 152 31 285 290 303 13 296 125 211 23 217 330 322 55 113 235 110 175 208 336 8 289 346 88 12 229 49 339 32 26 83 22 295 42 114 18 126 295 303 312 159 166 345 309 207 95 31 19 37 232 325 237 224 29 110 274 70 334 65 336 157 8 329 117 93 204 206 302 94 56 54 48 158 246 309 5 4 41 88 269 280 321 316 246 67 234 118 356 124 342 148 343 204 212 62 310 249 55 75 316 338 116 275 123 146 53 253 64 272 263 156 193 238 30 277 283 130 352 245 71 350 
284 202
157 4 62 207 89 297 230 119 224 117 186 306 170 174 154 24 110 131 52 301 143 94 97 151 122 74 353 220 324 105 290 182 195 286 62 233 51 188 223 229 159 197 1 234 54 205 81 184 155 192 118 96 255 31 111 33 19 301 69 309 321 122 317 340 67 49 69 284 155 233 192 187 338 97 294 72 32 207 94 51 47 251 358 93 168 119 84 122 156 54 129 16 247 91 9 332 338 70 83 110 12 337 150 162 102 50 227 63 190 53 106 4 352 308 104 173 5 247 174 345 325 14 40 257 317 109 21 166 262 146 7 131 75 193 324 13 330 334 342 46 236 298 46 10 327 15 138 184 188 358 196 218 288 198 183 283 355 343 326 95 79 281 166 340 14 176 132 171 46 173 65 204 162 269 20 18 170 85 302 74 200 330 18 171 335 302 327 205 224 226 218 97 149 230 48 6 148 306 328 329 86 177 2 73 280 130 61 86 133 327 123 133 122 230 37 79 94 321 304 192 264 322 77 261 175 14 15 51 259 226 291 17 99 346 215 188 88 338 152 25 162 110 57 85 235 327 294 341 23 177 59 274 103 266 99 263 66 58 42 75 332 299 107 117 340 145 242 95 157 267 268 240 137 164 38 302 62 110 99 257 21 183 285 90 
184 324
102 243 195 90 143 322 357 290 5 354 179 203 315 184 264 289 216 117 6 350 289 54 108 62 169 107 15 60 37 36 250 248 149 187 194 190 69 101 318 284 132 118 238 16 352 187 9 323 171 19 285 273 348 289 199 207 135 10 283 133 49 302 339 166 340 311 344 53 196 73 272 233 202 304 180 36 190 79 122 8 255 210 325 172 263 140 156 213 312 99 293 275 180 315 243 247 300 160 284 19 227 118 104 243 309 254 175 314 145 154 128 59 136 2 51 347 252 334 183 179 7 193 68 346 318 287 42 95 228 121 145 199 246 162 199 337 43 55 167 349 27 66 64 200 276 130 117 255 295 211 241 333 347 203 307 325 32 71 254 177 307 282 25 270 185 283 178 328 48 262 246 135 185 285 54 53 18 109 287 337 183 217 8 300 
94 237
273 181 35 14 168 339 152 246 326 230 243 266 224 25 126 330 294 24 66 341 259 341 344 85 126 96 346 219 201 206 144 30 347 110 8 161 20 56 56 310 150 210 296 150 31 160 84 161 140 257 115 133 288 111 58 112 213 315 344 251 50 47 133 165 134 343 235 203 59 162 264 17 194 197 62 230 317 183 347 41 84 175 257 227 189 151 249 337 123 241 340 263 15 25 
85 256
244 188 347 4 356 114 59 158 194 116 277 206 333 191 308 316 232 153 299 238 340 348 329 95 338 220 81 100 253 181 260 144 141 85 161 38 28 201 10 154 18 147 203 211 178 328 272 217 163 25 32 323 300 123 164 127 136 195 75 135 170 152 185 178 163 183 234 4 350 106 197 232 16 243 283 241 201 252 19 252 288 290 345 245 217 
81 109
156 155 107 38 158 269 268 130 59 31 204 223 107 54 7 140 255 320 237 50 187 136 210 299 249 49 64 44 245 297 138 50 126 351 165 357 144 217 3 73 69 247 112 12 23 175 335 157 48 335 21 68 46 40 289 50 174 12 217 24 238 359 353 23 135 160 117 1 129 225 337 121 239 263 113 78 98 222 284 34 290 
34 199
18 12 51 265 252 40 135 218 309 133 79 152 204 323 180 131 286 257 130 137 6 231 156 287 356 117 351 278 127 124 221 124 248 290 
288 117
306 84 68 211 79 321 336 208 123 330 211 238 117 101 22 247 74 262 194 6 9 76 181 158 230 109 169 124 64 106 159 294 134 31 313 222 233 175 231 11 227 52 201 317 328 227 152 296 221 95 18 266 199 108 228 119 57 226 276 343 292 79 198 310 278 248 59 162 339 28 116 30 286 219 186 357 138 3 118 348 329 29 37 13 224 339 191 55 181 198 51 261 193 249 69 134 291 319 314 294 54 113 153 342 166 358 104 168 208 337 66 239 81 323 74 176 170 66 105 249 261 213 81 300 95 166 152 353 217 129 252 274 325 119 214 125 18 262 229 263 92 229 216 194 297 323 82 358 153 4 350 220 52 340 86 286 125 117 62 66 33 230 303 304 44 100 230 144 290 190 67 67 127 170 110 75 347 325 57 89 91 29 3 308 16 245 239 351 182 93 262 51 193 183 257 224 131 205 186 127 264 204 257 159 123 3 264 101 239 250 311 114 93 48 55 232 14 237 344 214 55 19 226 47 254 6 56 299 167 54 127 132 343 223 264 34 333 72 266 143 169 138 196 269 75 304 295 107 288 171 191 332 51 65 128 307 265 102 232 44 70 340 172 233 316 263 140 353 118 224 249 8 7 134 251 87 70 260 146 7 91 202 172 325 144 36 132 161 
