83
269 30
225 281 24 252 265 138 195 27 315 335 106 189 61 328 157 201 183 355 248 320 16 52 168 159 332 232 120 238 357 30 148 62 176 324 55 263 167 279 310 258 193 9 37 76 124 171 112 109 215 342 294 26 74 289 165 279 264 311 165 49 284 175 280 85 17 153 154 167 153 178 169 339 128 219 207 234 185 198 188 250 327 192 96 184 18 279 199 146 285 157 235 99 339 219 166 49 256 192 358 191 357 40 230 125 103 124 321 332 125 178 187 241 282 259 68 192 125 257 9 34 191 276 305 321 275 57 251 270 3 39 105 77 194 33 99 303 7 249 136 134 347 134 114 129 120 257 60 210 278 155 216 348 346 62 320 313 311 322 287 141 288 2 102 54 196 189 143 274 131 325 101 86 8 350 176 103 208 165 0 300 106 113 240 161 323 188 172 159 111 56 19 191 197 277 179 331 195 184 286 78 49 298 164 287 262 267 214 84 124 211 127 129 325 314 197 18 15 138 258 121 56 128 176 212 336 304 10 135 341 277 310 33 296 334 155 194 318 146 28 327 290 109 45 175 60 141 230 281 174 316 328 233 230 152 323 169 169 59 179 80 110 106 121 217 126 7 235 357 144 
19 339
54 342 142 70 184 61 288 215 126 309 35 24 211 203 309 70 84 85 63 
225 56
126 42 287 72 211 134 270 71 157 265 229 84 180 259 118 338 223 217 40 231 171 27 105 46 219 196 50 228 185 197 312 321 177 39 115 5 5 78 296 48 67 109 188 133 90 167 10 94 8 271 9 128 161 203 18 33 182 206 232 273 164 59 255 53 238 348 198 276 278 241 252 91 129 208 324 35 222 104 216 86 252 70 160 254 276 220 224 236 238 254 269 9 127 152 189 258 306 315 68 267 181 312 318 130 291 310 278 11 322 212 74 243 88 287 158 126 241 324 295 227 115 207 247 152 269 184 111 200 3 235 215 270 189 160 117 277 13 158 276 118 203 140 226 235 54 14 296 85 266 66 33 299 356 64 92 9 197 161 142 58 335 158 62 119 204 279 15 175 99 118 149 252 158 57 5 270 295 36 46 100 195 127 38 66 316 355 355 322 112 55 278 232 307 300 203 73 291 211 326 81 160 347 314 245 339 19 69 86 280 49 63 13 172 54 90 250 232 311 212 45 38 185 222 11 39 
29 140
304 123 50 142 322 103 269 245 308 25 311 297 297 46 146 127 285 201 264 210 336 66 85 150 311 149 96 179 99 
265 261
189 286 16 199 327 315 105 11 161 289 85 52 59 203 295 31 210 155 344 176 306 267 188 66 258 290 350 75 61 356 294 230 197 135 286 50 218 160 56 328 228 87 165 152 312 35 182 134 345 80 153 222 169 303 239 279 96 326 177 135 180 159 233 359 286 17 54 259 17 121 102 278 115 308 170 10 60 123 176 73 111 234 278 326 357 195 218 238 242 239 122 91 270 80 216 115 55 74 173 297 185 257 352 30 142 150 347 45 47 91 237 117 93 190 254 254 156 10 156 171 37 266 29 152 105 156 356 227 187 332 139 342 13 141 67 36 214 113 185 328 159 330 68 216 342 1 40 336 167 209 356 120 198 90 58 242 122 252 25 307 38 93 117 305 312 21 96 184 129 135 233 163 54 227 156 325 326 268 140 270 154 154 77 332 97 248 341 159 34 317 78 77 154 39 101 161 232 262 69 286 233 332 268 34 131 233 155 55 349 279 127 325 286 136 282 4 341 139 343 68 148 143 127 242 199 139 103 59 225 163 241 297 289 226 311 146 115 320 307 314 189 239 115 14 114 61 249 44 353 327 351 209 137 165 66 219 220 55 271 179 33 339 36 59 107 
235 15
182 329 305 48 202 232 191 320 327 256 191 212 172 61 270 174 126 21 250 247 177 144 87 30 185 41 119 259 248 108 134 169 73 167 32 288 190 267 205 78 39 83 306 180 203 123 358 31 341 185 318 190 16 67 144 23 332 14 194 265 255 179 299 292 330 252 72 110 101 111 51 229 102 150 129 274 294 27 338 164 258 334 302 35 249 63 352 57 173 13 242 117 138 224 266 244 147 109 57 297 102 48 97 57 271 223 132 139 34 53 122 152 138 223 100 268 191 236 278 106 344 6 196 274 240 333 88 315 32 179 233 328 78 287 221 287 66 271 56 311 281 341 289 353 342 287 217 280 317 67 22 309 357 205 180 262 123 251 6 271 67 352 147 94 253 336 180 68 249 318 350 105 130 355 352 217 159 79 163 2 137 186 5 135 310 180 322 106 226 187 271 117 215 350 102 288 331 138 229 65 146 271 71 262 267 234 280 217 227 202 346 31 284 240 143 62 48 231 244 43 178 247 314 108 192 312 155 194 283 348 115 77 16 71 346 
113 3
323 271 31 200 320 160 284 230 44 339 30 62 145 129 151 21 296 62 327 156 263 162 179 273 101 267 118 98 47 11 42 193 186 192 334 314 58 200 126 62 109 271 345 356 236 168 161 69 226 116 33 177 162 163 73 177 100 129 105 100 333 109 174 81 102 70 153 337 171 111 8 166 64 59 132 243 222 111 356 178 125 154 55 80 200 151 206 275 208 24 219 11 40 286 66 260 3 111 29 106 115 255 195 356 154 83 97 277 322 70 287 188 208 
208 266
249 208 152 312 271 333 161 151 172 60 114 248 256 259 346 4 39 38 49 35 3 234 82 201 76 263 290 297 187 123 336 268 339 133 235 213 74 27 24 207 143 179 348 272 207 113 97 10 27 315 302 256 332 14 347 220 158 18 107 44 53 131 241 286 196 283 65 61 41 135 230 241 155 297 195 213 232 147 72 32 69 162 163 133 181 221 14 212 330 268 344 163 48 347 126 297 260 347 126 231 177 129 350 124 352 1 99 348 341 320 184 194 34 305 22 244 76 278 5 103 352 61 192 16 19 47 315 246 318 332 55 204 144 190 76 157 158 215 97 29 2 218 131 271 98 132 196 164 357 244 322 108 268 69 308 175 203 74 352 200 10 23 113 314 109 90 45 326 108 206 35 233 117 344 252 276 301 347 195 305 302 121 170 10 65 181 321 346 137 325 118 29 20 44 178 18 157 185 346 316 66 257 76 244 309 81 236 1 
138 303
158 197 15 292 36 75 308 147 107 138 55 60 142 70 5 166 111 325 259 175 34 303 32 158 182 9 187 131 63 349 333 173 255 26 7 65 235 308 297 225 158 266 6 108 87 113 148 171 271 246 206 323 96 232 95 2 59 166 91 250 165 129 118 65 259 77 122 104 188 134 238 347 292 45 153 103 337 118 231 305 250 271 269 264 184 159 93 221 177 35 89 332 137 300 351 159 337 108 212 90 334 224 231 187 197 44 172 164 306 36 180 172 59 85 247 41 83 44 296 189 138 113 284 7 86 202 2 89 129 310 187 345 74 202 16 104 70 57 
75 291
76 309 273 93 133 187 233 252 88 341 184 319 0 343 148 204 151 119 42 55 143 117 49 356 294 178 164 275 125 51 310 8 217 149 281 144 314 279 68 245 287 305 89 335 120 151 199 103 77 243 179 313 77 228 192 92 186 271 287 44 317 47 270 212 217 276 62 233 278 80 36 162 295 316 176 
190 319
148 261 287 117 142 43 169 303 213 266 158 3 104 318 120 307 241 194 215 302 166 16 282 159 249 122 344 230 163 331 278 151 26 206 74 268 92 24 20 256 168 123 34 340 163 315 334 6 100 309 113 227 181 34 315 285 215 19 317 28 36 103 328 96 231 186 326 322 254 125 232 316 324 14 267 6 352 337 317 13 272 294 72 117 57 80 75 94 342 274 298 45 29 349 93 357 195 179 145 311 13 10 27 287 118 351 205 339 232 147 273 94 1 175 65 210 133 208 117 19 240 353 256 212 190 168 155 241 123 240 170 280 34 139 100 154 246 94 143 213 89 81 178 8 141 31 134 104 329 19 322 49 67 230 180 132 243 179 353 186 319 36 90 277 164 120 14 223 340 189 66 199 135 139 301 108 194 242 140 284 78 319 142 78 169 195 220 260 344 54 
332 163
240 264 317 358 77 11 61 112 272 211 40 32 26 78 208 255 63 134 309 146 309 246 66 315 236 181 200 27 209 306 153 328 271 133 275 156 202 262 306 283 57 179 249 124 183 333 123 352 92 345 15 72 85 270 338 193 152 63 152 165 168 44 73 303 94 267 175 218 51 182 341 98 51 132 239 157 201 325 316 296 313 18 250 319 121 207 19 14 12 246 215 18 21 90 27 3 271 290 33 130 107 230 135 344 175 44 314 240 229 217 226 88 31 209 325 45 221 63 358 194 209 13 67 196 224 191 162 282 47 145 277 23 21 306 22 52 299 125 327 223 175 345 270 313 155 214 57 26 310 178 46 91 151 331 162 170 296 346 265 351 297 344 251 327 266 349 165 294 210 217 220 353 17 150 271 210 39 72 191 159 274 249 204 104 24 106 78 151 302 155 229 222 56 269 192 289 200 254 298 298 250 35 91 104 30 140 130 51 251 145 335 67 257 357 181 159 223 302 180 310 354 213 254 317 185 192 50 346 348 56 155 106 308 305 287 249 210 9 93 103 301 159 260 287 29 314 262 304 204 42 210 41 153 156 35 234 352 24 149 261 23 279 312 325 207 67 41 100 287 18 75 359 108 114 143 320 265 225 8 330 192 259 81 353 38 121 202 291 231 102 45 359 262 358 276 352 58 173 341 42 199 348 318 291 172 231 116 184 303 66 336 160 253 200 258 269 115 193 341 242 164 201 162 212 328 259 73 124 257 121 199 12 
178 78
304 40 330 189 76 353 312 152 293 241 222 70 213 171 167 107 210 53 107 66 96 53 338 195 24 269 119 234 175 173 309 230 217 72 100 217 44 355 120 29 7 102 160 253 101 283 85 238 14 154 209 304 301 111 179 80 74 224 339 6 241 118 172 308 214 69 13 83 159 254 234 179 95 81 107 223 8 55 95 50 34 303 234 253 44 190 281 332 157 197 308 5 24 290 194 283 3 5 281 154 84 218 66 321 162 265 232 232 95 42 270 346 47 322 146 355 144 27 163 95 46 279 195 303 282 208 95 259 294 223 295 248 264 262 226 64 236 182 168 122 68 212 348 160 358 174 157 299 183 14 307 266 30 306 132 310 59 11 217 132 279 351 35 187 343 232 145 225 61 72 65 325 273 60 333 18 98 60 
352 48
186 159 128 103 15 318 98 32 336 259 69 215 144 346 144 258 193 245 25 201 73 275 301 90 240 19 227 350 304 311 284 53 150 204 15 257 167 187 272 46 109 205 100 187 328 158 187 34 155 149 267 247 137 284 194 337 88 216 109 204 242 136 158 278 343 165 191 314 223 170 169 27 74 313 341 221 206 96 324 223 299 305 216 6 13 109 262 36 309 292 164 193 273 236 307 319 46 117 73 125 315 133 186 198 25 346 107 20 86 170 153 318 212 2 207 59 307 221 1 153 341 310 294 6 51 221 207 129 9 341 232 290 52 249 198 102 68 94 32 294 145 225 265 118 120 85 126 319 25 313 81 107 192 233 149 14 278 29 83 322 14 150 187 22 24 174 248 181 25 167 28 31 5 160 195 354 234 338 214 217 294 102 246 33 69 52 19 207 263 324 154 167 325 38 94 32 337 221 203 314 73 232 243 25 262 339 347 196 87 334 55 250 239 86 212 101 140 21 269 123 150 98 111 50 263 246 152 182 291 158 149 346 181 187 73 108 21 183 342 329 271 290 332 93 209 190 155 185 18 148 9 339 40 306 195 356 220 129 290 160 256 246 277 246 150 70 97 164 230 254 358 14 140 254 269 265 290 58 18 266 119 158 153 288 177 262 56 174 156 196 16 250 296 268 299 139 272 174 27 176 21 359 202 332 37 120 308 349 22 131 80 93 121 340 223 44 34 85 334 12 157 65 270 359 221 133 178 28 162 61 49 209 329 164 44 358 211 156 148 59 149 135 245 124 113 45 271 38 61 173 343 273 
109 197
83 304 156 154 195 198 290 266 281 81 283 330 180 345 17 28 134 314 357 8 328 80 339 44 173 210 93 224 131 354 103 236 168 163 310 125 301 278 143 351 275 319 234 256 109 246 181 99 9 219 166 194 17 49 326 346 8 17 288 75 25 28 184 110 332 280 57 341 210 5 352 352 267 344 270 319 147 140 26 288 39 28 31 36 229 88 31 295 167 13 7 222 72 71 94 331 5 252 290 248 298 276 287 285 252 113 268 152 190 
237 59
189 183 104 50 334 185 226 256 338 93 133 72 143 111 76 198 311 22 310 81 15 214 166 354 338 65 29 226 115 61 349 153 243 352 210 282 238 267 329 29 312 219 252 220 324 243 329 297 348 220 302 208 295 33 61 184 93 53 3 341 235 259 31 17 156 89 33 181 270 350 297 134 216 59 261 252 187 97 66 327 123 119 7 350 21 114 161 213 311 315 201 117 355 151 40 85 63 14 105 287 201 343 229 192 218 147 227 209 3 119 232 276 331 76 344 72 55 179 105 311 176 116 54 125 288 286 319 118 202 312 190 79 237 299 41 184 130 6 295 8 209 99 154 276 28 215 6 280 198 287 280 191 153 230 207 134 247 102 313 307 236 152 311 81 191 269 78 5 124 94 178 54 138 46 53 325 255 248 239 9 254 44 66 172 237 326 123 38 185 193 237 347 304 111 356 175 141 109 107 338 205 181 213 23 23 284 187 149 92 0 288 26 186 310 80 212 236 93 319 57 138 347 309 193 214 312 228 318 302 323 223 59 53 194 3 137 317 
56 70
133 193 323 80 325 111 151 336 183 129 220 178 241 305 211 184 246 313 73 117 112 161 175 22 119 60 356 335 324 298 338 333 198 9 198 230 332 189 278 292 313 93 151 282 312 64 249 240 165 84 11 245 25 198 153 274 
242 161
286 222 75 63 335 45 252 291 304 339 133 347 192 253 280 134 198 312 27 225 6 31 162 124 208 21 346 282 245 227 279 127 278 287 206 98 60 219 32 160 11 69 51 125 258 20 283 5 112 274 190 79 265 65 7 335 266 173 92 224 318 168 308 18 135 273 251 245 263 41 10 128 191 206 197 291 223 303 134 37 263 212 95 303 58 197 156 339 94 172 130 262 64 245 306 311 176 48 323 332 161 177 280 235 15 72 259 207 176 315 167 178 335 109 160 283 245 295 332 202 245 330 334 21 120 276 15 274 277 357 278 87 308 161 251 73 70 70 47 300 173 84 115 101 222 315 259 358 359 67 320 130 233 289 231 111 76 239 139 149 30 86 350 335 158 316 62 145 45 80 233 39 305 268 336 43 260 69 152 176 359 252 79 238 85 154 90 305 256 56 86 184 201 228 161 312 179 95 233 65 50 62 67 352 315 207 306 224 64 301 149 132 3 210 19 44 324 180 351 47 211 40 69 52 315 215 285 5 141 180 286 148 288 3 253 76 209 241 49 93 135 320 
340 181
95 235 237 337 267 350 207 347 290 353 358 349 108 313 133 91 199 87 101 163 135 72 235 92 268 171 2 334 96 294 287 57 95 208 278 324 94 332 244 312 261 290 206 65 193 270 308 39 253 347 304 187 322 306 174 100 197 212 171 48 313 352 114 248 282 342 51 65 1 226 326 183 215 332 322 273 112 143 118 266 244 156 86 224 322 158 79 81 159 342 185 95 50 267 122 325 43 153 87 114 137 152 183 209 95 18 142 309 16 121 16 82 155 250 161 25 8 167 340 285 54 39 217 230 355 149 31 155 15 230 15 82 185 81 299 284 40 89 300 92 222 284 138 223 222 263 185 162 39 34 91 299 339 326 107 181 8 209 308 29 179 340 237 314 54 356 64 338 0 102 84 199 273 261 61 110 292 82 244 94 46 268 196 292 270 68 250 161 280 286 18 181 76 7 6 29 232 50 306 29 188 180 327 100 111 39 40 277 23 314 57 113 321 48 293 45 285 315 292 97 304 68 132 214 78 203 16 131 234 257 196 315 331 216 207 93 275 103 103 301 108 41 90 276 332 8 241 229 331 23 104 355 209 327 343 345 97 137 44 181 242 68 236 7 285 232 14 350 72 312 261 116 196 90 21 311 327 191 238 324 256 132 321 272 85 299 342 170 225 321 356 162 143 237 52 137 129 317 15 58 326 74 190 29 339 81 100 114 229 124 332 49 82 258 21 189 90 96 159 326 304 241 226 4 255 273 25 229 35 227 294 37 164 58 175 315 86 259 19 183 
61 105
74 89 58 192 173 15 30 163 204 128 86 95 110 43 208 144 115 12 242 108 289 319 120 14 178 88 226 355 134 124 24 22 130 62 280 338 43 35 159 218 177 154 253 223 334 119 0 171 290 38 249 150 251 0 147 236 36 130 13 174 341 
235 32
350 283 255 26 287 217 159 342 168 85 274 76 30 337 146 7 284 130 219 103 109 72 4 309 15 126 55 90 8 277 184 341 52 344 220 21 143 37 259 73 299 141 145 160 8 8 316 156 237 69 334 355 319 136 136 320 339 243 250 333 257 199 273 336 311 244 114 125 217 189 147 199 227 44 92 322 322 317 201 105 169 255 349 74 105 35 33 134 260 174 7 191 172 304 343 321 330 29 350 69 114 355 205 347 6 263 9 42 10 341 298 92 278 300 26 165 312 215 19 65 42 239 164 75 270 62 237 140 54 94 273 252 173 210 281 216 289 19 197 137 289 301 211 195 249 13 144 245 139 346 79 217 188 223 270 207 173 218 41 243 295 298 335 107 276 187 9 137 88 188 183 171 289 297 115 58 69 291 233 228 174 94 174 183 159 159 200 83 96 315 126 26 70 357 208 176 62 250 69 348 38 48 206 32 292 336 131 182 77 280 273 340 179 25 91 109 325 198 82 201 84 218 312 22 252 219 319 352 244 355 194 155 198 17 10 
237 234
133 82 57 79 351 189 55 63 256 28 40 41 181 115 194 180 171 53 156 254 43 269 10 172 293 119 284 252 181 159 267 244 157 119 198 225 353 102 313 219 46 75 123 215 158 290 349 7 51 257 107 56 260 121 173 200 19 100 155 39 291 293 230 22 292 266 258 344 212 96 160 76 189 82 250 329 171 108 123 237 248 139 262 140 136 201 283 104 214 271 135 223 350 94 234 206 60 204 48 197 337 325 229 18 27 232 84 259 209 50 176 18 4 122 65 281 205 354 91 222 322 212 198 181 264 195 27 285 259 241 211 18 311 99 87 86 229 355 230 215 23 219 341 170 4 281 264 47 345 283 222 166 241 306 195 233 216 54 295 95 213 336 22 351 160 13 107 342 162 173 90 64 296 222 304 115 22 111 326 308 271 326 137 200 102 133 160 270 319 122 190 223 50 319 61 151 2 326 177 342 252 348 135 281 348 259 288 278 257 227 359 277 343 5 159 205 308 239 188 28 157 37 271 216 326 274 327 175 24 21 262 116 23 337 109 187 227 
139 180
180 10 198 34 91 133 5 31 264 285 56 46 317 258 275 9 227 2 284 130 272 287 126 257 55 310 306 276 90 96 96 224 354 139 336 305 359 289 45 83 236 165 231 199 251 48 182 269 163 329 89 223 346 249 181 168 328 243 190 76 73 333 56 30 254 88 172 74 172 145 206 263 336 23 302 247 172 268 174 23 85 317 280 41 153 243 45 56 172 115 41 32 194 84 148 354 318 161 150 270 345 172 270 167 193 137 175 298 135 324 124 297 26 95 240 51 55 324 345 88 40 353 21 50 194 52 199 169 177 183 237 358 271 281 348 12 171 256 88 
212 125
337 273 175 357 272 162 244 210 333 82 302 130 118 107 233 298 0 332 218 193 4 100 96 20 337 26 294 33 246 336 151 307 195 233 148 321 96 163 141 109 144 258 141 3 260 158 155 77 40 32 262 3 148 301 79 181 332 347 203 343 278 26 328 349 56 298 141 311 291 179 295 284 154 60 124 92 349 83 309 260 240 160 322 97 186 269 7 221 257 145 89 234 107 295 117 176 72 95 208 166 113 175 234 352 112 196 85 96 125 76 262 259 120 103 253 177 187 233 145 274 186 91 155 309 95 231 201 115 39 358 27 290 341 342 155 16 12 195 259 352 172 86 57 220 57 337 106 337 263 213 69 178 35 23 18 209 281 252 58 70 36 278 322 245 227 350 90 1 68 18 170 226 104 246 235 258 294 297 40 261 38 274 248 189 307 41 279 61 249 296 298 255 248 162 86 350 127 262 71 87 1 206 268 155 286 256 90 329 114 197 102 139 
288 92
322 51 294 231 262 331 120 104 57 313 218 51 38 321 32 340 43 78 31 0 104 6 26 140 301 106 70 290 16 305 5 249 44 228 163 130 207 10 145 18 74 147 28 134 48 45 66 210 205 358 40 15 175 38 13 172 336 16 130 357 254 235 183 123 294 106 245 128 220 346 321 13 51 59 292 189 201 231 1 323 184 105 320 82 251 221 11 236 168 164 20 20 351 102 131 86 16 346 190 281 5 174 104 303 278 326 54 12 343 146 164 275 353 44 221 113 48 26 180 296 71 136 158 327 178 352 223 304 269 78 180 74 200 84 319 22 359 142 82 334 23 324 100 34 220 86 121 283 230 5 219 14 69 158 169 138 247 317 313 246 33 62 12 240 267 341 144 67 18 206 90 336 179 250 128 58 334 104 139 310 290 12 155 130 72 110 150 80 64 211 167 324 7 108 322 297 194 21 302 10 221 301 181 198 274 286 267 127 14 186 223 203 1 82 305 135 320 285 312 171 330 159 204 58 37 340 343 356 63 157 229 354 143 138 139 4 313 288 264 270 239 213 340 246 136 96 229 57 58 44 223 220 270 5 75 196 164 240 331 172 185 9 33 318 316 197 301 6 330 107 249 103 27 128 28 346 82 39 4 10 163 187 288 312 161 196 159 130 
71 54
285 207 173 84 338 60 304 74 162 168 175 153 26 336 43 41 358 116 200 147 263 114 267 15 293 307 328 204 61 266 273 127 224 48 258 297 18 291 139 346 324 149 149 78 35 218 281 224 305 273 239 272 207 329 270 49 253 108 357 235 304 196 192 6 274 40 315 169 56 188 273 
233 289
100 40 24 197 224 137 67 304 221 6 14 317 141 119 6 23 8 226 322 281 21 205 318 246 90 124 232 72 338 192 128 14 3 136 269 301 17 290 163 280 96 143 277 54 75 163 285 260 293 26 261 153 140 317 158 56 13 304 344 10 319 130 150 116 59 104 336 244 53 299 128 8 236 303 281 3 81 269 106 191 269 37 230 286 163 297 10 154 38 335 216 229 200 328 47 286 51 6 52 202 247 165 66 318 189 30 72 252 191 81 191 209 229 291 198 256 293 133 167 46 302 151 237 256 181 299 303 182 282 181 90 292 6 154 4 281 94 82 350 205 157 3 330 234 266 332 121 75 2 252 123 122 234 272 261 350 79 84 92 8 76 155 190 272 319 349 219 56 98 44 339 157 68 322 78 329 215 229 229 275 332 157 190 151 16 249 203 149 163 248 185 344 68 20 190 51 268 308 83 332 337 226 101 35 128 188 7 1 307 87 45 348 255 271 203 242 78 176 261 157 320 53 21 177 301 1 268 34 182 262 299 270 207 
183 123
175 41 339 292 244 23 94 239 106 193 286 173 3 98 197 74 264 319 193 148 50 16 227 333 144 227 308 56 242 291 260 165 207 135 95 133 19 260 246 229 71 170 161 270 314 215 305 330 36 95 50 51 328 194 182 159 199 171 142 155 63 239 186 286 167 46 103 214 130 194 247 90 318 86 318 302 0 12 62 197 230 180 179 280 139 303 109 256 128 102 172 105 256 77 152 213 13 182 171 122 62 271 328 342 254 186 141 79 203 328 258 69 32 272 154 148 190 84 120 18 335 340 309 259 22 169 180 159 160 31 257 283 36 204 282 200 112 33 280 97 53 110 51 263 129 346 308 47 336 41 329 303 217 107 272 143 230 148 139 77 318 278 261 75 349 252 169 215 102 251 20 330 308 163 312 270 154 237 263 231 263 329 22 
198 359
190 228 298 221 272 234 242 145 62 272 12 132 76 112 256 336 319 272 50 46 241 80 175 29 14 250 212 74 167 171 222 244 285 199 177 218 30 314 271 135 31 174 211 45 331 323 26 11 113 16 35 141 322 59 122 277 77 138 177 136 82 15 217 138 216 256 182 303 127 312 102 245 238 27 166 295 15 19 115 336 121 328 280 126 130 207 342 215 222 113 340 219 63 291 147 94 179 358 348 124 288 286 340 309 22 111 303 106 176 36 353 185 127 234 320 172 145 202 325 337 327 121 218 206 256 73 303 7 91 247 45 291 283 178 229 94 260 295 289 344 4 270 30 155 188 313 292 274 283 293 289 136 28 118 285 218 254 212 208 327 246 209 160 9 344 305 2 105 194 160 28 164 118 47 212 67 168 325 176 249 189 288 287 352 275 25 47 69 47 88 145 22 317 51 134 179 104 181 
151 123
223 78 71 328 293 325 23 142 205 8 67 104 74 269 272 174 256 83 295 35 51 71 247 152 258 327 324 140 230 108 2 333 336 326 41 127 28 102 332 263 286 161 85 83 212 33 347 227 69 235 347 190 298 178 4 245 333 288 108 2 244 127 60 249 95 322 270 116 15 314 251 241 109 126 63 199 328 242 120 15 241 210 8 278 190 133 37 350 242 189 42 291 287 172 192 159 148 53 342 110 7 15 126 152 73 0 229 2 78 32 22 242 78 96 140 23 302 111 145 318 240 113 102 221 130 314 320 180 325 205 203 176 191 238 59 191 292 153 56 255 309 170 234 81 19 25 284 152 44 151 141 
340 276
181 326 39 252 38 240 84 13 32 274 341 252 181 204 271 290 16 173 34 143 241 54 126 165 331 327 239 323 126 30 129 247 159 81 190 93 197 263 309 260 60 10 258 148 264 281 247 36 352 236 346 145 101 193 49 339 342 187 25 196 293 263 30 255 253 295 36 193 277 274 325 285 203 294 285 211 45 341 288 232 36 196 310 336 242 80 11 141 201 126 223 61 120 78 62 203 82 127 122 353 86 256 117 103 279 51 270 242 298 223 307 46 7 1 47 55 89 57 154 235 192 178 99 105 206 358 212 78 78 35 257 351 70 334 93 311 214 148 224 271 12 255 276 124 168 140 356 116 186 285 327 56 118 169 216 230 141 341 235 257 110 157 186 251 17 85 349 118 70 140 291 62 203 279 37 191 160 164 248 174 251 195 71 335 131 128 235 342 18 126 43 141 7 138 209 53 209 139 265 98 8 264 335 339 52 292 104 188 48 99 229 212 40 277 312 322 95 228 64 87 4 200 48 164 277 235 251 56 9 268 85 189 147 335 42 28 277 172 133 35 192 26 160 107 51 183 283 205 137 241 212 348 223 233 179 264 300 97 78 209 222 86 341 296 294 206 332 219 338 131 247 335 290 61 192 157 341 69 330 269 315 332 273 247 50 3 140 52 124 147 10 277 205 192 262 196 236 335 328 45 76 231 64 133 34 129 176 302 37 138 334 187 111 172 318 283 231 279 240 247 155 345 162 205 261 107 339 134 246 180 190 130 157 83 353 120 120 149 264 71 
150 230
87 341 5 146 42 114 0 348 332 7 41 327 247 84 107 244 35 96 289 107 150 181 16 1 258 40 145 62 292 256 50 255 49 80 139 76 30 292 114 118 41 262 304 256 94 52 86 46 179 114 42 357 338 261 96 292 334 316 102 290 306 249 292 338 86 290 71 14 297 239 61 253 212 135 105 171 182 217 88 77 122 280 146 126 310 314 43 281 17 330 319 175 358 188 309 112 257 326 170 153 225 63 127 47 126 332 170 146 289 82 267 30 143 147 86 97 160 125 285 171 354 32 264 25 110 282 73 97 111 340 0 108 262 7 223 152 43 99 138 314 3 41 207 10 120 321 42 52 299 319 
314 210
180 236 308 187 254 172 58 16 79 7 107 175 188 228 145 12 41 270 70 285 318 355 297 103 230 267 60 32 278 254 152 71 199 211 94 270 346 352 169 117 70 345 277 32 28 314 203 52 122 296 7 132 246 127 163 12 47 119 126 348 177 199 315 160 243 244 49 153 26 146 189 334 30 143 330 275 224 144 293 83 203 23 331 16 276 217 106 164 141 161 258 110 105 67 76 327 277 223 236 132 168 344 308 110 42 244 238 81 194 120 116 28 114 150 153 302 288 91 269 281 118 171 329 204 193 264 165 185 318 180 37 27 87 103 311 177 146 328 255 193 158 140 38 31 75 6 303 278 114 22 193 341 337 202 67 196 81 325 251 53 304 145 199 288 179 141 18 114 327 77 18 308 103 245 63 164 104 57 2 156 57 94 196 91 356 17 239 59 220 200 300 218 30 269 68 337 276 81 325 176 318 209 358 4 312 127 0 7 100 263 357 239 321 331 54 139 149 15 235 14 250 114 198 337 9 347 12 248 12 271 6 1 215 85 249 297 34 154 229 163 120 138 304 41 356 87 175 125 307 235 171 89 37 262 145 84 358 270 347 92 85 183 73 56 224 12 275 244 148 132 309 82 305 286 236 38 165 21 277 22 334 80 169 218 25 288 247 266 342 6 132 132 300 273 229 333 312 156 321 180 123 262 206 118 265 141 312 25 46 311 282 127 229 259 
126 225
189 26 47 116 288 62 328 277 185 8 179 298 93 295 30 251 294 165 188 52 24 189 348 191 341 20 192 77 220 202 225 331 134 86 75 31 293 147 130 237 238 26 134 333 303 199 52 338 15 194 265 143 296 311 348 168 318 114 359 253 86 271 53 136 281 49 46 333 135 177 192 198 48 289 217 158 185 281 29 4 323 182 229 331 232 76 347 201 320 175 119 244 109 100 299 155 234 238 134 231 241 268 94 15 297 126 115 155 282 78 271 91 278 212 170 181 152 222 99 216 115 319 58 82 169 316 
273 73
275 139 348 16 4 188 262 36 110 223 77 22 333 232 171 121 138 69 148 356 10 276 44 347 14 173 76 271 348 189 279 7 165 222 358 344 251 179 211 73 312 272 96 213 256 336 214 26 169 15 285 287 220 161 236 96 189 276 63 29 19 5 232 142 168 238 120 194 258 73 216 290 252 304 190 151 206 33 179 114 237 101 110 314 359 268 95 99 286 279 40 168 277 64 288 354 246 49 77 25 105 349 289 149 211 177 136 221 287 31 34 19 216 221 147 264 353 305 253 229 171 327 202 190 94 153 258 113 0 55 117 326 149 251 48 352 38 358 33 110 214 310 21 172 7 19 2 333 338 142 173 202 297 285 135 3 253 333 327 153 130 276 98 204 201 288 75 189 116 186 294 90 281 21 34 325 148 167 80 263 178 149 7 271 97 307 329 262 175 201 131 18 150 99 305 114 283 70 286 76 182 322 176 13 235 115 178 261 245 171 41 211 81 198 61 274 18 123 74 297 271 143 1 159 354 157 107 257 130 290 0 232 273 162 35 180 32 345 57 185 178 79 142 36 304 222 85 340 77 281 110 210 124 161 302 107 16 42 33 260 130 28 285 144 20 108 289 159 130 161 157 143 137 
227 102
79 154 303 245 217 107 241 331 259 315 8 203 345 241 220 72 252 234 355 161 355 128 269 12 194 309 312 258 107 318 323 190 53 221 113 224 297 95 346 342 142 347 218 332 325 223 22 37 99 276 193 121 77 291 323 352 280 106 14 291 140 150 277 112 145 130 145 323 70 111 232 193 139 85 174 292 129 87 21 43 158 166 129 140 167 191 182 60 306 272 80 322 205 128 41 176 247 76 228 52 107 81 130 149 137 255 135 177 247 66 140 162 236 350 54 79 18 144 105 25 267 136 39 147 13 75 93 220 33 323 13 187 115 164 69 192 164 239 214 75 48 68 356 285 128 12 235 300 2 330 220 135 78 113 229 157 191 245 4 242 37 33 213 64 9 220 242 132 106 28 284 205 70 198 132 16 18 305 166 268 127 351 26 244 68 169 116 62 307 234 72 6 145 257 236 200 61 222 56 290 9 327 299 238 106 232 14 156 288 43 288 262 282 101 15 300 66 143 36 159 112 102 61 241 315 185 31 
250 230
48 33 138 206 288 287 248 70 19 276 117 124 187 282 85 85 90 118 110 52 294 208 328 57 60 41 91 78 305 19 44 314 173 339 142 82 97 192 341 337 218 242 332 38 116 320 200 307 222 353 310 321 152 243 181 26 206 281 177 320 179 193 322 11 72 111 205 160 122 133 97 272 342 195 221 306 267 316 223 72 60 215 20 336 100 173 359 60 5 16 359 195 313 284 245 276 300 267 217 348 28 24 286 250 327 17 325 309 184 258 162 26 162 182 263 291 261 288 103 324 175 235 270 183 248 96 186 97 58 181 221 244 196 96 39 18 153 320 322 109 163 240 182 255 246 295 333 95 146 152 83 156 172 57 359 122 65 191 161 67 142 30 53 169 50 165 357 116 300 16 10 359 160 277 279 262 166 337 224 335 113 161 155 291 2 123 254 66 147 34 33 93 133 189 244 114 70 219 255 120 273 126 65 315 23 40 79 281 231 137 220 351 205 258 272 215 148 69 233 272 157 76 109 234 290 186 134 106 121 31 156 34 304 148 169 94 316 325 29 130 272 284 98 287 7 61 307 10 97 117 
313 274
351 111 167 215 255 291 211 62 167 214 200 349 223 40 98 341 140 54 121 38 16 53 112 74 265 142 64 152 78 306 13 83 317 332 111 356 285 84 220 110 225 316 68 311 101 59 105 205 311 27 101 2 106 266 2 164 136 84 305 331 17 355 56 227 210 341 257 138 199 188 245 4 67 86 46 228 8 270 242 163 296 52 52 160 151 84 329 11 330 232 170 24 346 334 253 98 293 41 157 78 116 252 342 346 216 138 30 315 291 143 208 243 102 313 166 235 280 14 354 206 178 14 58 12 160 146 102 311 318 270 216 179 277 249 218 191 290 152 265 320 55 247 292 355 165 52 263 355 181 30 352 109 309 215 42 122 322 254 270 94 114 32 352 154 179 271 132 178 15 234 295 193 80 27 123 159 174 275 82 278 26 72 194 181 292 33 109 28 343 335 341 64 149 351 296 359 89 197 147 247 58 289 286 263 261 229 321 251 150 14 266 138 317 56 136 15 193 262 144 275 324 172 35 335 79 13 158 76 100 195 216 10 60 194 256 41 104 265 155 139 74 279 266 1 87 74 250 306 168 280 174 185 72 257 169 228 222 324 6 55 270 259 136 244 270 309 349 157 258 1 326 27 334 137 164 260 82 87 134 147 261 16 31 143 20 299 116 192 147 144 255 200 170 267 290 337 231 301 218 247 159 282 187 236 183 199 72 148 250 127 22 321 301 
109 137
272 343 324 75 157 228 173 17 335 132 30 82 95 205 259 65 190 269 281 178 87 146 207 347 62 354 176 340 143 174 41 61 228 358 311 53 244 273 268 22 171 9 136 183 79 30 7 18 174 9 288 187 227 262 296 257 123 10 12 263 135 359 218 226 127 154 220 42 75 134 41 54 54 123 277 260 26 15 50 321 87 2 319 265 323 180 38 20 45 134 301 86 12 206 205 276 131 84 325 188 126 77 208 281 250 300 274 227 76 
333 291
281 248 357 134 16 13 213 91 235 25 156 102 65 162 247 277 210 106 213 52 218 70 197 122 161 311 2 317 185 255 277 222 11 54 5 299 328 270 331 202 122 307 279 207 14 304 72 349 207 266 207 241 85 128 59 307 312 120 156 199 142 150 296 334 175 132 83 355 227 172 311 286 83 144 29 207 253 149 272 213 91 42 225 1 130 58 80 346 29 109 59 90 207 91 230 80 172 33 301 218 224 334 161 166 51 242 304 331 209 164 193 159 36 227 263 220 284 166 24 31 275 24 339 218 160 102 305 235 25 127 308 225 163 257 274 290 177 110 152 56 73 158 15 114 122 6 77 208 141 190 244 249 185 205 307 183 84 123 173 115 92 80 132 335 76 244 144 177 309 39 42 63 17 285 229 219 26 282 72 102 164 327 274 161 231 213 122 182 291 327 66 322 173 132 11 240 261 13 32 331 69 100 263 237 287 105 93 338 213 80 344 21 178 282 289 79 311 90 55 105 209 321 240 138 4 236 168 107 4 108 207 359 49 74 199 203 217 68 301 66 191 138 5 36 163 213 19 132 98 281 244 194 291 72 295 327 332 11 229 283 222 258 284 94 353 357 69 278 104 36 215 67 47 52 233 228 181 87 126 209 345 146 108 357 142 90 3 68 309 24 143 354 250 83 238 332 130 345 269 89 142 272 244 8 265 128 183 254 168 183 192 234 239 56 49 5 295 336 57 306 333 252 79 129 95 36 102 257 301 220 275 43 115 
48 72
278 34 68 81 19 58 315 145 221 294 297 298 99 348 86 257 8 153 52 178 178 356 149 205 268 137 352 245 250 41 170 92 219 58 262 75 357 178 146 183 30 310 355 185 261 240 20 135 
304 52
336 320 99 51 166 102 215 174 272 68 244 101 101 193 343 158 123 345 343 16 329 213 102 46 239 255 169 23 16 233 67 35 270 262 82 305 353 246 46 155 290 245 26 120 222 169 31 11 310 306 204 159 321 325 285 156 228 242 246 51 151 29 46 131 351 287 199 276 311 143 241 268 298 347 302 89 240 269 206 112 123 47 28 89 189 27 202 174 111 229 208 330 295 181 88 135 120 346 319 181 243 302 324 88 328 113 250 300 320 76 97 138 308 147 292 200 72 230 70 271 253 296 138 268 319 213 148 260 244 160 80 92 300 247 339 103 15 310 267 200 292 141 55 154 356 40 285 20 255 137 108 198 184 347 90 159 354 225 242 189 331 306 98 8 341 259 321 71 40 162 144 143 304 227 355 107 182 5 113 319 320 2 120 155 23 61 36 33 209 153 80 295 67 241 358 214 68 53 199 237 194 56 93 67 14 68 185 120 306 156 227 65 128 98 258 320 251 284 38 325 49 95 311 147 154 85 103 306 323 255 235 303 9 149 42 88 4 306 254 92 349 17 35 1 331 39 1 92 331 159 88 238 79 317 74 279 195 147 265 210 280 297 131 135 132 138 186 52 67 119 207 275 150 139 74 59 353 333 188 350 113 7 119 9 229 191 291 231 214 162 155 250 79 89 355 99 284 79 80 145 276 225 85 185 
30 218
80 21 218 137 301 18 152 118 100 249 190 68 101 193 127 261 132 327 100 64 256 243 249 232 310 326 68 250 107 202 
80 71
323 332 210 274 144 277 212 204 222 167 130 104 241 203 273 168 268 271 123 294 26 126 269 329 235 39 188 166 238 219 352 71 270 196 7 223 10 156 16 202 254 224 323 67 40 135 347 138 102 143 261 2 265 346 184 329 33 281 173 351 332 230 62 215 58 47 238 191 143 128 143 305 67 267 94 201 86 256 249 143 
103 353
299 355 133 357 327 276 40 83 48 358 52 99 333 310 84 9 184 149 81 65 55 121 230 299 283 134 219 349 202 322 115 317 188 126 231 166 209 254 108 275 334 269 170 232 337 288 72 13 272 101 86 235 292 101 125 252 133 333 349 227 84 88 277 255 295 24 267 155 172 33 282 359 192 49 33 6 105 270 165 57 341 327 337 311 227 236 32 35 9 311 7 232 128 48 292 210 259 69 218 164 338 334 238 
86 269
215 285 1 329 36 278 244 45 285 27 103 153 285 21 132 140 161 73 223 257 293 25 117 168 102 319 89 110 128 67 24 282 358 1 60 171 290 120 299 115 357 186 284 176 23 174 47 241 127 178 292 356 159 16 51 250 37 21 242 248 91 42 39 96 321 28 231 292 348 224 336 115 228 349 145 251 56 11 221 115 41 82 262 310 231 155 
6 304
253 144 280 348 102 122 
146 239
1 218 3 227 240 188 149 244 208 175 74 53 311 233 333 41 212 302 297 215 53 188 141 63 183 266 237 269 274 105 56 292 290 244 227 227 155 264 312 241 227 84 228 266 169 162 6 100 16 282 119 20 201 337 42 173 17 323 346 66 67 29 230 213 215 117 351 150 264 66 104 265 98 6 243 27 38 73 114 166 329 10 296 4 214 351 231 333 82 67 291 204 119 36 3 241 91 266 81 349 162 70 52 321 106 33 150 213 324 101 83 260 263 217 255 3 61 152 47 13 56 359 89 216 226 236 21 315 193 51 194 84 355 78 8 310 269 201 276 27 139 109 339 182 63 184 
159 281
308 319 167 309 242 87 204 86 102 283 21 29 329 77 241 289 70 244 99 178 230 27 133 310 53 223 214 263 323 140 231 29 165 284 271 202 100 60 303 121 269 176 260 85 146 209 170 27 207 115 86 208 29 18 30 38 182 111 279 27 288 244 75 322 314 218 146 261 243 167 18 272 187 65 109 352 82 284 226 76 166 77 118 186 220 140 27 262 238 235 163 302 74 266 154 334 44 35 356 47 164 317 154 66 124 182 166 136 322 0 243 22 55 60 302 35 186 185 45 224 263 343 330 15 194 10 174 180 225 186 116 324 28 152 207 35 3 244 234 196 36 216 285 13 358 9 185 293 162 330 331 60 81 279 331 191 329 338 219 
185 256
179 213 108 107 285 265 66 257 214 246 73 268 50 266 235 75 229 215 346 349 85 264 345 304 290 26 325 289 126 312 334 84 263 179 162 62 286 35 302 300 31 170 33 101 333 99 194 180 198 44 271 308 180 249 313 33 45 294 121 144 209 86 70 143 172 304 289 228 296 98 111 203 126 126 359 245 156 188 107 237 347 326 29 25 250 290 92 71 302 202 96 182 216 266 147 21 101 156 55 110 344 345 342 99 316 211 258 273 157 160 259 206 245 355 352 350 209 83 264 323 114 16 171 212 278 300 253 45 222 83 344 122 220 125 249 116 199 261 336 96 258 240 311 258 1 226 352 245 358 345 258 333 298 275 39 312 76 103 321 316 105 274 2 101 29 103 237 49 328 181 222 276 347 200 229 274 197 359 290 307 3 210 308 115 267 
148 31
161 197 128 24 192 293 122 216 237 291 215 246 240 6 233 21 358 135 137 139 338 225 312 215 295 49 60 60 253 100 348 192 256 190 145 71 23 52 121 87 288 185 182 29 341 165 291 128 158 218 94 19 58 8 305 325 235 68 339 193 174 343 257 172 326 77 261 115 233 342 355 291 32 344 188 18 217 153 206 15 29 81 255 216 127 104 223 13 19 174 24 111 27 120 358 118 282 198 17 39 82 289 311 168 223 114 68 174 119 92 309 20 164 48 118 234 144 216 59 77 63 296 325 198 353 277 177 93 234 29 124 207 266 246 275 110 51 212 309 241 34 44 21 287 108 182 327 131 
354 99
83 270 91 247 122 242 321 126 133 9 320 108 190 2 82 10 111 124 66 67 81 52 40 238 284 1 248 193 286 273 67 20 305 336 221 33 325 149 73 4 38 40 290 269 264 240 52 255 239 193 243 322 121 76 184 136 1 217 277 170 100 83 326 97 52 110 273 236 26 88 0 293 281 40 91 71 173 156 27 277 62 312 103 309 238 200 167 127 258 68 297 148 202 229 296 91 225 309 129 161 215 286 337 298 112 151 354 325 114 32 302 247 83 198 292 330 167 121 336 19 282 166 52 102 161 143 0 194 295 11 75 37 291 147 42 80 196 340 321 253 3 321 18 15 265 76 205 297 275 198 244 239 126 49 113 305 317 255 14 180 326 160 274 212 45 304 255 82 114 357 196 262 190 178 108 267 118 179 37 66 143 13 233 119 41 244 122 277 169 240 268 206 186 340 307 338 319 109 313 144 112 164 84 125 328 60 45 165 309 165 323 145 20 345 321 186 187 301 279 335 188 241 36 246 56 53 207 339 169 129 195 62 230 342 347 328 98 140 215 182 75 86 101 243 320 299 327 188 151 343 66 133 264 19 3 68 78 136 120 340 312 136 260 259 60 324 129 315 250 332 144 105 14 349 295 191 328 19 49 147 195 87 206 37 179 243 114 110 232 94 245 49 144 71 140 74 49 353 319 258 228 78 85 306 131 181 245 143 172 284 128 344 263 119 212 131 229 122 284 228 324 222 309 255 275 95 101 224 271 352 188 147 233 248 315 60 54 332 223 172 227 259 96 292 265 214 305 108 219 108 314 298 180 186 
350 153
250 41 193 120 130 85 128 61 211 165 170 88 63 162 3 127 288 28 271 268 7 48 244 19 298 86 180 32 139 144 245 19 135 30 79 169 138 261 116 351 275 348 278 348 277 156 110 339 238 306 8 70 197 47 223 79 47 174 86 332 195 269 226 156 342 52 214 44 301 328 236 101 172 311 32 181 161 283 208 231 236 314 303 87 259 5 249 268 315 225 3 95 258 79 329 19 152 312 28 26 352 235 304 260 323 75 277 24 285 168 300 6 267 18 335 47 172 171 301 59 54 58 165 319 270 213 282 226 198 284 209 215 202 45 156 101 289 57 210 48 5 355 57 348 117 96 83 216 121 33 14 232 7 260 120 309 82 287 284 103 24 237 152 291 199 111 39 347 179 241 341 32 209 20 212 122 105 28 290 256 144 24 346 84 293 101 21 145 109 270 289 84 15 135 338 165 147 100 99 104 170 298 173 223 224 250 192 194 26 258 60 100 269 2 100 26 56 252 345 128 49 324 172 10 104 187 346 84 121 197 149 121 244 189 271 255 36 235 298 245 58 105 281 273 56 274 313 61 288 25 332 355 145 221 50 284 135 97 355 304 74 187 15 55 212 308 289 352 208 18 150 282 162 344 232 282 69 318 302 176 109 232 201 188 50 64 113 14 129 1 176 233 351 125 294 144 139 254 250 35 334 211 45 189 49 233 159 212 309 23 194 12 306 118 342 155 96 340 284 249 192 104 135 288 92 141 109 191 168 73 191 291 142 248 138 239 285 354 116 235 228 15 174 106 267 233 309 349 191 111 
175 9
256 146 229 213 97 357 71 59 15 200 74 33 211 306 317 266 164 126 138 312 60 311 41 168 52 155 311 240 130 330 8 60 287 330 145 143 294 68 276 100 253 351 37 129 244 34 249 14 88 58 38 234 160 299 335 129 240 359 176 50 286 185 138 88 42 244 121 62 19 290 188 56 265 117 242 268 125 238 290 224 125 326 133 161 212 175 56 248 127 236 205 142 261 189 265 55 36 214 88 65 274 90 170 215 186 75 17 185 332 124 121 239 256 17 89 323 328 84 196 318 133 313 228 190 235 284 261 143 320 55 43 246 338 305 303 182 285 124 284 16 25 337 148 106 267 51 95 237 66 191 122 69 49 104 161 226 31 112 248 100 164 15 89 315 337 124 241 353 297 345 101 133 343 319 349 
242 251
339 336 13 276 162 82 80 131 330 3 291 210 189 16 287 152 324 115 38 55 284 46 19 171 176 286 177 67 341 317 209 353 273 245 250 355 29 191 173 279 201 105 338 242 359 109 296 193 92 246 289 11 48 67 3 280 101 357 294 202 184 294 289 94 90 311 159 107 88 17 300 48 241 249 263 199 48 202 72 349 331 260 203 206 323 233 199 333 166 75 154 182 300 273 116 243 7 216 19 289 6 303 20 288 54 259 102 69 141 304 219 358 87 318 7 44 156 289 150 323 56 151 250 61 128 251 246 352 288 355 259 312 257 82 118 74 163 340 257 321 355 114 178 125 220 275 262 172 196 94 358 32 63 274 71 171 252 43 251 170 200 213 189 222 117 84 68 117 199 7 133 315 233 322 233 5 274 66 296 291 215 49 49 15 25 40 134 129 80 97 281 331 332 4 258 149 194 348 86 211 156 201 193 45 349 17 78 304 327 189 311 240 43 170 66 299 311 97 288 92 218 153 175 233 224 59 94 288 352 234 190 306 151 84 94 306 40 294 212 212 49 158 
29 239
18 112 236 193 249 270 182 132 143 179 288 42 173 80 216 166 350 54 71 93 111 174 119 261 327 64 285 287 357 
76 88
146 337 47 278 341 342 172 157 198 267 1 62 247 249 214 354 139 299 348 101 317 178 50 325 226 303 179 183 173 164 99 235 185 279 30 17 272 216 103 18 355 351 336 284 156 10 239 282 319 329 130 60 80 127 213 94 348 297 200 113 277 4 127 349 202 16 260 142 358 73 17 110 195 42 58 283 
339 21
37 229 176 286 189 295 124 22 38 218 289 337 99 146 302 335 50 115 112 152 65 142 207 140 264 206 59 269 21 357 135 295 211 53 290 328 23 193 158 185 256 111 99 122 159 329 145 61 263 38 329 103 221 325 218 245 48 255 244 351 323 245 256 126 86 348 350 51 164 0 18 317 180 41 219 311 300 84 150 38 89 206 111 326 31 295 28 47 337 349 310 218 269 250 36 84 319 279 47 72 254 169 356 5 299 274 245 329 76 92 214 194 333 237 7 357 117 125 8 68 87 254 250 310 98 129 26 317 4 98 348 311 334 275 254 96 349 86 155 108 240 101 4 315 237 359 110 153 107 83 29 259 285 89 217 205 111 295 147 236 7 183 306 269 206 109 255 345 280 230 174 237 139 141 174 175 92 80 268 152 326 137 129 219 210 255 202 2 281 144 13 35 117 115 33 137 108 303 186 187 169 96 84 262 351 70 354 51 278 334 118 148 2 213 258 178 305 159 118 69 34 108 358 320 267 316 205 64 19 183 336 130 309 168 255 119 129 89 37 243 338 297 194 89 290 187 0 296 311 319 280 111 5 8 26 268 350 96 243 108 68 184 189 3 86 257 147 200 136 211 222 52 312 9 326 212 92 121 17 58 141 327 206 239 245 150 26 312 123 347 24 242 119 300 5 102 270 223 55 2 276 279 207 162 96 67 144 309 79 60 220 339 175 277 99 198 214 169 9 34 120 48 216 218 274 341 313 328 70 98 68 40 17 54 53 9 279 33 247 
227 197
214 158 287 315 336 102 69 40 80 175 176 68 104 238 101 295 325 200 340 277 37 91 18 112 291 241 239 210 233 248 141 214 228 358 335 278 285 133 140 316 42 285 319 177 181 105 242 74 280 201 318 47 195 196 53 160 347 80 196 21 176 20 324 233 352 90 270 26 220 123 2 295 67 10 161 187 200 313 156 256 304 276 64 227 329 167 27 254 279 164 354 156 79 286 173 317 172 87 279 140 259 93 176 109 218 35 81 186 57 157 347 51 77 166 292 214 160 170 297 192 179 241 198 225 104 268 311 115 211 272 41 305 185 221 113 57 209 4 54 158 333 47 307 137 352 309 250 168 140 191 258 65 164 350 175 326 199 124 304 127 153 306 288 246 25 294 13 333 103 299 247 306 144 46 36 248 135 138 243 285 15 358 198 87 204 0 128 121 63 226 314 202 317 170 131 53 307 47 326 116 278 89 120 91 179 97 60 223 68 161 163 249 135 45 255 276 351 198 179 83 53 167 27 150 87 153 294 
240 322
355 246 143 77 90 154 200 320 315 73 281 113 282 93 119 98 239 58 137 276 217 53 321 230 52 89 347 261 11 3 321 262 316 189 92 70 339 337 226 189 24 337 206 304 15 150 56 122 327 293 182 128 29 195 13 314 237 46 334 338 123 74 102 255 304 75 338 226 104 196 334 280 4 233 48 7 166 291 82 249 304 221 21 241 93 120 101 153 169 38 342 201 238 240 285 340 229 242 320 156 23 287 318 221 333 176 265 201 91 107 353 308 198 125 260 167 133 210 35 115 319 5 28 319 250 147 263 198 85 13 201 89 82 133 8 306 192 8 14 119 40 250 256 95 279 72 35 110 354 245 227 63 224 307 62 201 237 113 236 68 68 56 70 109 92 59 148 56 91 315 132 289 210 40 11 242 166 66 340 328 42 174 268 74 90 121 187 327 71 69 209 35 212 212 94 95 101 77 100 288 278 43 338 34 120 103 338 302 156 336 339 274 287 166 47 323 13 346 328 19 234 252 287 37 136 272 74 229 138 346 233 206 258 5 37 6 298 68 34 141 
45 149
50 251 303 11 62 211 339 332 221 229 68 70 2 75 182 0 87 13 327 303 171 289 339 321 71 251 15 89 135 105 63 279 224 247 133 94 112 145 49 79 3 197 127 301 144 
134 247
294 29 153 347 197 20 103 57 135 263 230 296 358 97 1 235 86 291 343 223 260 223 78 152 8 217 332 70 128 34 342 296 124 282 195 256 30 346 344 43 237 188 302 328 194 142 81 76 246 178 348 254 156 234 257 220 168 53 142 12 324 111 339 358 47 167 246 256 149 32 139 37 141 26 338 122 43 297 111 73 134 130 69 66 317 65 336 188 114 70 202 102 251 319 51 79 77 143 266 165 117 198 101 34 201 183 146 100 220 323 185 11 312 79 85 28 68 59 38 322 7 121 35 359 132 341 4 72 210 280 32 50 89 292 
325 24
149 72 285 3 265 66 231 144 180 143 356 349 84 217 256 65 239 108 99 271 114 121 170 346 96 287 209 190 41 358 241 19 290 324 168 356 44 176 26 24 323 246 37 192 142 195 61 338 71 76 318 141 303 232 354 315 26 83 171 241 110 238 336 236 119 322 133 3 106 158 264 339 294 304 109 207 317 311 304 259 206 39 14 178 302 103 230 192 268 209 314 347 76 239 96 130 34 293 277 251 45 57 78 266 337 159 69 89 338 200 245 50 307 35 138 13 126 97 3 79 282 19 54 141 139 117 148 283 241 328 53 189 315 4 329 0 70 351 266 199 173 69 52 42 30 228 312 77 142 146 343 51 304 180 51 83 160 55 340 252 200 8 212 169 255 210 223 130 358 255 333 142 131 18 247 260 38 77 25 271 259 314 35 289 288 8 271 299 162 23 20 289 219 290 105 319 195 25 78 135 322 302 322 272 256 333 65 32 177 5 230 139 209 307 32 269 27 317 39 146 289 275 28 173 278 91 179 30 156 357 345 114 266 207 149 186 127 156 206 33 75 105 303 125 189 118 235 218 41 202 172 124 48 272 13 353 71 113 278 70 322 310 47 269 3 241 17 145 212 26 89 275 328 20 224 215 153 94 186 248 24 169 288 4 144 67 195 84 328 314 110 254 4 192 23 351 6 88 36 166 179 37 223 146 246 186 198 221 161 15 344 311 305 87 261 297 237 212 22 5 303 330 331 28 184 
159 45
356 129 266 22 90 123 352 339 326 309 170 115 159 46 60 264 228 279 73 250 108 63 257 116 23 323 55 31 142 56 331 242 111 305 58 20 279 237 320 241 153 106 312 244 53 250 168 173 10 173 94 34 57 243 1 232 310 57 247 121 170 187 38 137 108 82 59 212 127 130 245 339 145 71 206 176 299 150 26 225 335 110 202 46 85 97 84 108 144 148 53 204 202 149 304 236 223 207 163 203 340 49 26 105 257 36 331 67 109 236 180 306 136 148 340 2 123 323 10 230 350 139 59 207 56 312 94 133 171 252 157 334 312 155 150 325 74 338 96 324 153 292 211 232 7 295 44 161 104 100 148 79 110 175 271 175 315 71 242 
336 247
251 258 235 231 96 87 270 208 33 10 170 39 42 111 355 248 208 290 26 249 148 12 2 55 194 66 299 137 251 200 341 172 359 269 135 30 246 264 303 250 337 307 137 208 284 204 115 113 6 344 289 77 332 288 15 178 22 295 173 351 40 146 53 157 327 28 291 263 68 30 306 273 97 113 167 187 284 224 327 321 331 232 61 293 308 41 327 30 108 112 119 34 72 146 317 225 73 131 198 216 31 90 168 313 257 69 66 104 253 86 117 15 113 309 44 281 329 169 187 67 105 73 236 336 52 33 347 286 54 223 327 56 321 24 60 284 282 34 203 213 16 293 283 102 231 295 273 23 141 132 240 162 122 208 214 329 296 124 142 326 87 324 31 83 129 343 211 209 205 329 211 89 140 74 185 93 277 101 152 207 334 107 247 266 202 145 236 30 25 203 299 67 144 277 265 147 34 274 263 214 283 159 277 87 83 357 354 231 327 274 147 204 334 328 226 97 350 262 341 342 340 245 258 208 218 272 0 359 270 170 196 266 138 183 146 318 274 179 59 328 281 46 145 32 4 162 127 282 73 97 319 174 295 193 259 195 133 203 191 237 131 321 192 170 115 8 21 308 318 191 119 89 326 257 14 76 168 314 301 132 38 267 318 93 59 228 77 221 125 231 197 122 332 61 57 249 20 321 253 173 141 240 308 273 53 184 323 198 151 166 76 271 265 189 314 315 354 187 93 38 319 47 45 235 160 316 227 317 247 62 178 280 356 206 45 107 
234 53
2 228 176 232 23 162 127 160 182 298 58 190 27 102 288 8 246 52 42 30 175 322 57 111 108 96 342 285 259 6 93 94 133 61 34 223 134 199 359 216 49 181 176 324 123 255 192 81 322 30 332 324 248 178 261 68 248 318 109 212 251 87 93 163 169 42 7 238 165 128 24 342 312 297 85 198 0 352 83 32 38 45 340 96 129 207 262 185 56 53 356 161 115 105 239 107 47 249 351 97 114 131 105 295 255 288 290 302 198 174 214 148 101 223 216 58 83 8 290 166 90 359 216 176 165 75 224 312 142 263 93 344 278 306 237 325 350 168 239 211 261 56 295 165 332 279 200 178 257 357 176 324 53 322 314 305 352 293 255 25 36 177 10 54 275 245 150 160 88 238 268 331 23 13 277 82 231 57 66 334 219 168 251 20 62 51 267 206 267 44 48 46 7 272 177 155 164 323 37 214 165 267 254 98 205 349 195 14 96 86 63 133 62 250 185 193 189 351 301 84 188 184 95 44 161 165 227 264 288 240 104 359 151 40 
38 128
253 122 54 230 271 232 304 219 118 230 358 341 56 289 150 147 213 204 56 90 142 7 62 245 250 79 155 37 20 52 282 276 298 24 207 25 208 179 
299 277
69 77 70 16 271 198 318 358 120 148 173 76 48 270 211 279 122 243 333 260 347 238 185 352 44 169 96 150 128 42 157 127 121 83 98 17 353 127 262 111 210 12 59 203 305 303 198 112 41 324 322 173 230 198 102 120 69 285 226 15 155 220 325 215 279 302 278 281 187 1 14 207 333 80 136 106 280 184 300 282 98 325 88 352 343 204 255 31 357 51 145 51 343 357 85 292 188 333 80 99 300 158 206 19 255 270 95 6 16 245 279 217 226 307 40 118 331 190 39 272 0 183 112 332 137 249 87 350 46 326 359 157 354 71 37 176 278 356 241 146 30 297 287 255 22 249 13 270 75 146 342 33 65 330 174 241 83 173 287 299 220 277 91 337 173 90 126 37 329 244 144 236 1 219 159 295 311 200 135 313 217 138 174 19 237 52 114 33 241 10 43 105 254 67 88 341 282 194 8 267 88 333 170 134 48 145 330 109 183 321 166 322 5 188 252 144 159 271 166 77 168 189 316 137 113 238 337 303 268 147 291 164 32 312 148 198 317 38 46 143 174 299 18 128 357 151 13 12 77 121 83 352 191 120 12 344 231 8 174 219 110 35 199 120 241 228 57 264 81 338 0 98 89 202 73 180 245 228 288 42 67 196 229 309 142 185 84 284 337 83 84 88 124 106 238 185 207 51 280 
4 10
66 357 115 112 
252 179
57 143 338 113 297 27 100 304 324 119 101 251 224 189 2 18 300 217 104 38 266 195 27 45 154 295 105 196 17 107 285 74 12 197 74 331 236 226 227 126 254 334 170 231 295 232 121 142 69 116 323 75 126 296 54 252 179 48 231 119 104 126 346 341 14 259 292 340 182 141 59 353 202 316 255 45 329 302 35 115 234 148 259 247 144 317 86 76 275 224 147 160 39 295 145 132 144 95 1 340 4 6 13 48 222 87 45 115 154 70 24 148 132 63 191 188 177 323 28 195 214 315 51 154 252 342 318 99 87 95 328 181 276 347 2 300 80 284 306 178 343 107 35 36 279 55 135 300 182 102 219 102 233 68 23 336 33 320 106 71 22 119 50 21 346 156 328 248 67 352 341 334 177 323 104 28 218 104 141 43 211 10 172 41 28 203 249 337 125 139 248 297 27 145 113 163 57 171 344 304 113 97 271 48 327 68 92 90 177 307 132 307 263 296 36 124 261 184 71 198 186 349 193 359 212 201 306 141 242 172 247 53 9 13 30 313 79 152 296 350 325 73 236 196 278 226 324 102 231 312 223 302 
239 158
82 161 199 22 112 193 106 277 300 201 269 200 275 240 88 294 29 352 351 114 340 261 337 220 28 215 135 350 187 239 35 39 162 202 309 256 286 55 8 98 56 148 318 154 16 337 8 28 309 18 215 200 60 10 200 76 348 141 20 189 121 213 3 255 136 277 321 221 307 238 169 306 35 214 91 182 227 352 277 76 249 239 207 249 345 26 208 296 289 113 22 89 242 357 245 269 226 85 311 167 300 217 37 333 322 49 209 179 112 303 120 89 153 131 194 287 9 327 36 89 19 119 297 155 155 26 356 1 7 279 272 335 142 334 103 218 251 240 296 193 26 204 289 68 137 183 228 293 115 101 323 32 306 261 57 72 83 328 209 95 322 295 318 189 153 59 345 131 204 64 301 314 254 225 229 341 44 172 268 120 5 268 284 198 79 160 135 310 84 104 251 190 283 109 181 97 20 107 267 322 292 203 118 170 14 168 47 180 34 272 215 323 142 229 77 260 240 284 35 43 62 98 102 303 72 2 171 247 32 267 46 6 190 7 204 175 38 198 121 
68 73
212 152 359 322 229 25 116 149 264 260 233 4 231 235 205 146 75 203 334 247 344 3 117 271 354 111 30 79 36 56 226 297 25 315 342 324 318 43 227 278 324 236 175 322 250 301 110 223 146 322 291 223 175 188 137 39 105 171 173 44 88 13 221 147 85 209 46 287 
304 276
196 79 121 331 280 283 332 359 302 310 188 9 334 88 247 105 199 274 180 270 273 311 209 98 160 270 45 168 190 289 219 221 145 108 236 169 291 40 76 172 170 352 49 339 285 26 322 70 263 30 2 114 6 153 355 180 216 70 252 173 277 225 133 121 167 204 20 122 129 327 29 2 293 349 272 39 206 23 54 103 203 302 304 219 340 231 160 40 314 302 350 99 139 337 62 139 338 238 22 154 200 283 210 16 293 294 351 311 11 303 141 125 341 156 146 37 282 37 165 161 150 24 253 176 98 306 96 80 114 78 86 36 267 250 344 213 82 278 65 104 216 84 358 243 229 349 93 341 337 44 312 63 215 208 301 239 172 218 159 40 225 154 97 320 10 320 327 90 37 142 28 286 283 5 71 352 51 272 9 213 313 241 154 293 280 69 13 308 13 332 145 145 86 279 194 227 171 62 43 328 258 211 266 152 312 307 232 152 70 316 276 29 93 232 2 327 243 29 91 123 127 161 39 91 164 295 359 20 119 37 253 133 224 287 322 15 133 254 228 50 181 167 323 145 176 226 263 135 73 266 106 279 318 28 50 55 242 216 300 36 258 163 157 46 229 152 78 119 263 146 188 222 20 270 335 181 33 217 116 68 87 40 285 134 87 139 280 137 290 65 65 138 103 226 84 14 190 257 212 294 78 6 213 46 
257 112
8 192 53 35 222 99 236 157 355 40 296 340 154 294 274 351 51 140 112 163 259 274 357 285 100 253 197 273 265 97 348 234 63 87 190 167 255 137 117 276 89 310 354 69 181 224 60 97 267 356 198 260 13 33 320 247 156 184 62 67 159 120 294 282 76 227 67 225 176 102 6 244 318 352 15 182 51 48 93 205 240 238 201 80 77 95 117 301 230 108 78 70 64 296 338 168 59 41 63 164 14 208 64 53 301 350 339 4 111 187 271 208 132 44 159 198 334 325 17 24 94 19 123 56 150 142 104 259 180 61 257 170 186 158 215 30 237 318 269 201 128 298 90 270 15 217 78 277 191 328 136 73 340 330 46 259 358 313 149 146 97 339 239 116 28 127 297 120 264 249 270 151 335 281 310 17 81 150 313 335 198 55 326 167 295 57 252 136 279 115 204 129 28 94 201 277 184 344 168 199 64 150 109 130 174 94 134 36 272 96 136 353 144 185 141 162 90 139 232 343 37 18 148 107 60 2 167 190 274 37 204 127 311 184 220 70 111 83 328 252 300 98 294 5 82 356 200 137 28 153 297 23 318 151 4 324 72 
248 70
285 40 178 149 37 287 90 161 87 111 262 28 162 258 74 68 96 97 119 327 261 329 237 359 93 353 168 195 259 137 324 53 126 302 91 28 323 328 27 226 337 5 215 22 192 18 228 173 283 95 177 157 320 239 236 311 144 98 192 166 70 312 359 250 202 102 49 334 6 20 156 325 165 217 47 121 172 295 232 290 172 182 171 345 55 353 313 220 137 34 72 156 32 76 309 32 322 198 218 186 278 0 328 117 37 167 249 108 104 326 322 146 160 25 275 118 186 97 168 145 224 72 269 357 171 96 331 8 198 327 154 42 102 356 141 100 138 261 258 286 173 120 15 344 265 184 292 36 46 181 246 336 62 286 230 279 322 144 103 40 203 60 335 16 349 274 313 316 304 191 194 63 92 66 13 86 201 341 27 303 351 252 218 207 353 101 298 139 333 255 89 319 242 248 345 141 244 238 216 147 31 256 27 235 39 331 172 201 52 187 216 101 69 339 164 224 329 333 135 151 242 293 255 268 325 302 139 217 42 129 275 234 58 131 284 307 96 138 64 217 88 248 139 164 171 191 172 42 
263 69
142 317 65 214 137 7 136 246 211 85 300 97 174 350 221 327 283 201 142 287 166 76 153 346 223 65 234 290 346 274 158 17 115 334 284 105 228 339 262 12 170 312 161 1 231 88 192 180 106 155 21 46 321 237 230 83 165 335 124 222 337 166 96 178 203 233 327 40 162 144 34 120 209 189 333 29 218 70 27 310 75 287 341 39 225 145 13 284 263 275 215 37 302 359 54 301 114 320 270 236 315 183 138 287 347 74 138 279 211 252 61 151 353 133 224 297 359 56 258 41 63 274 169 225 135 270 212 131 154 314 61 288 333 14 77 114 223 154 72 128 44 328 277 180 106 1 312 42 42 206 183 295 137 23 191 242 184 340 45 30 240 100 270 211 161 260 211 148 112 311 259 311 195 243 223 205 231 240 297 32 288 236 49 340 359 5 93 335 132 149 226 199 234 35 102 297 239 231 179 9 91 0 45 153 212 251 81 151 305 120 87 321 174 253 141 39 267 329 325 37 291 114 338 238 60 15 87 152 15 239 175 223 290 272 344 291 65 26 82 242 14 69 193 50 272 298 266 235 299 101 185 133 312 178 210 359 137 71 229 294 265 316 211 
143 234
116 59 102 311 31 307 231 34 274 346 10 308 313 3 83 50 57 335 180 220 35 218 58 151 303 190 179 215 284 223 263 237 98 131 330 336 101 7 165 289 274 126 153 121 245 192 142 112 48 209 347 19 144 16 198 146 75 173 147 95 87 251 304 36 300 180 274 143 106 246 236 359 333 108 122 15 295 198 162 138 34 39 243 1 354 267 269 263 66 236 213 119 122 144 181 14 319 27 42 142 119 330 342 349 90 314 354 194 10 324 281 174 193 125 35 122 184 26 115 358 298 47 224 224 235 42 323 203 123 173 222 301 51 276 254 340 259 135 208 77 246 118 315 
349 286
274 95 339 22 359 49 134 35 62 163 12 340 120 58 314 289 173 340 22 98 3 327 28 23 299 276 319 157 226 21 103 250 76 315 292 182 50 261 169 165 8 236 46 143 17 176 12 330 0 164 334 233 53 35 337 351 339 346 207 326 176 220 327 309 195 232 13 297 223 154 244 109 101 65 147 352 79 180 38 236 186 79 113 155 102 79 176 180 333 110 176 337 174 271 298 84 100 324 6 225 26 212 106 49 102 293 146 204 234 256 147 324 142 90 261 112 146 86 310 0 246 253 247 201 1 149 221 194 264 49 201 199 215 234 125 256 115 43 254 99 41 223 130 141 173 331 285 138 146 145 166 136 150 26 354 25 45 74 282 295 231 346 83 27 82 5 298 199 207 27 139 208 48 183 232 136 165 357 243 165 182 219 36 245 327 216 146 13 55 5 210 0 184 265 68 154 224 201 298 91 108 81 77 335 80 262 292 67 201 14 117 95 306 75 53 22 207 34 195 152 83 70 5 178 137 225 97 67 15 331 13 56 316 306 36 108 72 254 246 345 348 129 185 283 128 84 308 104 192 345 160 22 110 59 294 354 264 213 36 256 47 206 338 146 172 259 63 147 53 245 164 324 331 77 307 168 201 326 131 46 43 10 312 182 139 308 205 249 352 26 245 83 18 60 173 279 124 204 133 16 196 190 345 337 158 78 27 134 283 309 133 11 284 20 253 321 2 4 306 229 79 114 5 344 131 294 118 299 336 310 300 218 133 248 51 314 48 120 54 123 94 318 358 75 24 257 331 90 323 
87 70
29 4 32 118 203 174 129 264 340 339 8 125 24 197 157 237 127 16 226 28 112 270 278 352 186 202 106 105 286 235 226 132 24 22 121 27 218 232 238 359 248 158 120 198 49 130 335 39 180 149 128 276 71 59 280 260 315 246 114 340 66 20 73 113 319 227 278 44 339 216 275 51 117 87 336 140 114 246 348 241 152 174 83 118 149 216 304 
184 97
278 340 117 79 130 160 121 222 145 240 355 91 327 150 241 321 18 169 113 161 352 183 134 336 186 346 244 55 268 194 52 172 325 320 263 316 329 188 316 10 64 198 57 118 119 313 101 211 60 340 165 332 352 221 17 69 201 150 323 26 8 30 172 103 63 133 241 51 2 13 209 71 73 166 199 133 148 15 200 31 45 250 323 192 91 344 166 170 316 145 38 46 138 291 315 71 138 256 256 275 229 173 216 116 19 213 249 100 248 22 107 115 326 181 134 241 355 76 186 327 359 293 25 63 32 349 325 315 278 233 337 265 261 266 1 31 15 149 237 109 232 168 275 301 129 337 63 217 215 111 286 331 61 335 304 339 353 72 313 167 174 91 317 184 348 300 39 326 219 300 161 178 140 81 266 139 29 340 183 165 213 115 69 311 
80 140
257 9 223 58 122 252 298 306 213 305 250 81 320 158 263 123 317 295 200 118 214 341 2 10 145 67 285 289 61 61 283 358 25 221 40 67 27 65 52 338 330 28 16 50 128 187 255 1 29 175 44 278 315 357 34 271 216 251 60 179 48 29 244 149 274 233 230 161 69 296 29 301 307 205 187 99 174 108 61 46 
171 283
65 54 282 249 271 67 348 144 122 24 309 200 170 200 73 256 26 213 243 224 67 234 278 41 14 135 40 74 30 178 302 344 30 318 339 318 125 346 260 238 233 73 91 16 192 321 77 46 324 353 265 74 101 269 225 140 84 76 290 26 135 165 216 185 65 178 219 160 199 60 58 318 307 354 5 345 282 239 262 199 133 65 104 263 173 71 312 58 203 259 202 134 334 226 339 221 295 76 171 233 37 68 267 300 92 356 144 359 337 92 138 14 334 330 68 203 152 173 133 151 325 309 347 58 247 60 96 122 43 38 98 31 210 161 258 271 121 155 311 359 53 326 74 165 110 15 181 39 29 271 103 350 120 9 305 133 130 320 151 331 144 33 285 220 102 290 80 244 107 275 178 
281 259
337 156 304 291 342 189 189 298 67 117 126 38 160 30 201 320 38 346 56 339 347 127 345 103 21 294 356 317 145 244 201 44 88 145 316 292 154 25 157 304 55 246 251 207 178 281 300 252 139 258 64 66 148 320 161 87 78 146 280 247 236 70 127 42 104 274 350 233 238 257 122 76 284 280 114 353 138 358 17 218 206 157 142 254 275 292 163 290 252 205 71 158 314 243 145 25 287 276 228 270 289 228 190 71 139 107 319 177 200 150 124 35 357 171 85 246 257 160 281 313 115 187 273 28 124 164 162 138 142 341 57 213 60 238 117 231 79 19 249 301 323 219 109 202 122 97 290 294 74 90 204 205 248 2 109 110 79 18 51 136 152 281 66 193 1 112 9 236 110 62 319 17 250 3 276 102 215 257 250 85 342 223 220 132 69 82 154 291 33 246 357 309 320 327 17 93 149 25 290 255 134 54 243 354 142 15 282 320 345 76 217 17 262 156 22 129 34 253 181 316 331 321 172 136 57 176 77 150 62 148 159 34 52 184 309 224 261 273 152 193 195 258 163 3 240 200 308 27 199 68 152 352 198 98 34 47 312 267 186 315 310 14 277 178 58 100 50 29 52 52 1 182 190 33 37 355 91 160 293 194 264 
