31
310 157
199 332 284 21 163 93 39 67 76 175 129 182 51 126 205 288 308 113 336 75 141 85 348 162 109 188 68 18 223 139 321 211 11 145 199 140 28 152 76 174 244 47 182 14 332 132 27 29 163 194 186 182 157 204 190 282 58 326 46 344 198 268 225 33 263 337 113 242 140 282 92 137 229 119 336 182 90 229 202 144 306 187 12 159 296 357 75 275 188 66 84 212 210 236 111 229 214 192 252 71 47 356 271 84 291 85 88 169 191 225 17 76 90 8 61 213 267 304 300 155 68 191 118 226 236 297 234 134 27 357 275 50 315 227 73 55 109 314 79 302 359 350 16 81 60 75 127 42 79 155 197 343 226 337 41 318 164 129 191 241 261 100 66 337 208 92 39 12 80 95 124 322 217 122 227 229 184 356 316 152 359 231 199 240 70 170 77 134 0 53 234 304 305 316 316 292 136 166 313 229 326 171 20 2 236 281 34 309 136 119 108 146 79 35 212 319 117 10 28 7 180 246 83 308 174 277 305 21 75 284 247 23 11 193 91 179 60 189 148 206 210 95 152 193 267 125 273 308 108 284 127 104 67 145 65 220 106 131 320 302 71 35 233 1 21 315 48 191 43 260 282 106 57 131 275 197 124 73 320 33 11 139 165 24 159 54 322 264 84 98 33 109 293 230 197 342 18 39 274 168 227 84 107 356 25 258 202 347 172 352 
311 178
148 189 232 40 59 264 273 334 227 232 238 223 217 84 263 327 137 283 338 9 211 29 162 21 151 294 33 1 192 8 80 293 330 22 317 256 46 162 225 131 158 216 108 108 244 188 145 291 140 233 0 88 306 358 262 238 91 111 332 103 228 180 326 74 72 227 229 110 98 9 121 310 147 199 42 42 336 92 225 85 167 120 160 301 86 13 66 300 348 22 114 145 136 245 153 113 284 254 63 350 302 352 286 348 154 70 39 197 273 274 321 227 73 277 29 240 359 176 222 298 47 169 214 71 146 323 258 336 295 199 185 109 275 15 275 151 136 91 251 275 290 29 113 200 113 134 300 42 148 201 33 221 307 126 331 226 79 29 164 249 41 261 320 29 302 105 233 262 327 100 51 294 61 120 269 167 134 142 156 293 220 248 28 283 355 176 139 67 359 262 317 112 180 70 197 56 173 157 272 280 182 195 139 225 239 132 348 326 108 67 289 195 195 284 314 317 337 219 34 289 326 156 355 293 358 9 336 337 36 244 266 348 164 338 224 164 27 243 15 314 255 213 54 79 67 97 206 58 298 39 266 49 208 333 108 139 97 232 324 52 195 249 56 320 323 245 302 242 302 341 149 63 131 130 166 358 135 117 236 64 61 208 346 223 248 174 295 105 169 9 249 282 87 137 79 103 263 226 261 45 224 155 306 145 240 17 261 208 253 182 317 
148 263
66 105 347 56 146 41 75 152 273 129 250 283 217 198 37 48 6 260 119 94 328 211 191 305 203 235 216 25 114 130 92 25 21 153 93 142 330 1 217 61 299 203 145 247 122 131 61 251 67 156 201 181 313 269 310 186 143 33 225 169 135 197 168 217 283 203 194 170 61 2 39 263 155 131 171 282 294 76 134 161 355 80 187 192 181 263 47 175 39 353 172 151 348 34 325 353 299 244 264 37 224 51 345 57 8 156 232 328 175 227 305 222 68 289 166 29 189 349 154 174 217 290 108 304 299 270 304 257 87 337 136 207 167 9 189 252 8 173 116 200 289 80 266 147 24 14 86 325 
314 88
73 96 89 130 344 143 46 116 253 58 292 102 208 230 84 80 72 117 190 309 167 215 110 107 33 33 49 319 164 1 268 164 11 90 323 29 224 172 154 352 162 16 50 188 161 348 52 169 67 138 11 329 266 61 301 262 171 197 3 56 241 219 129 264 333 233 51 135 227 125 69 251 68 18 155 20 197 41 141 344 5 112 355 244 128 148 238 157 315 151 348 216 258 356 217 88 312 245 163 184 96 311 243 225 34 43 355 193 15 317 207 64 298 53 108 26 67 333 193 2 137 17 233 177 75 182 9 103 175 328 46 178 10 212 118 72 344 108 109 176 173 148 95 173 138 10 8 53 115 242 314 186 253 105 105 124 13 337 249 240 213 313 31 89 58 139 11 323 340 62 232 62 145 194 56 292 156 211 58 111 41 241 150 260 293 5 96 71 308 225 82 338 242 110 23 98 275 56 93 32 0 274 111 151 252 46 211 240 216 23 319 120 263 100 170 329 114 74 97 86 148 277 94 320 202 344 325 21 259 29 172 316 158 87 154 56 340 309 324 267 157 57 23 206 358 290 47 343 48 120 251 188 258 336 119 207 3 84 6 144 239 313 122 136 195 146 62 344 96 25 241 6 304 294 286 147 276 155 332 204 286 322 187 77 22 324 148 285 231 167 36 339 129 261 350 95 108 169 17 50 46 219 238 121 243 34 103 119 251 164 105 182 89 104 
132 291
72 43 142 279 122 241 238 192 29 256 44 339 275 127 22 341 145 327 291 283 351 270 69 38 115 231 95 161 203 147 185 114 88 18 288 317 128 34 70 323 64 249 85 77 308 30 318 266 72 203 126 142 157 227 154 175 224 40 315 223 322 114 82 329 317 240 231 103 357 20 5 248 318 171 114 37 137 165 36 346 74 260 277 298 257 191 29 46 285 205 236 249 74 203 253 193 197 179 152 259 323 211 202 118 68 186 297 266 254 108 266 324 119 291 109 313 327 78 257 57 331 210 106 54 234 58 154 342 205 158 75 143 
46 215
84 256 153 258 79 238 94 150 211 142 263 230 8 124 52 7 192 128 145 255 128 3 318 6 200 351 200 129 153 4 77 40 197 178 43 218 181 175 6 228 58 155 248 254 233 294 
58 162
51 195 30 244 78 41 55 302 195 281 295 287 241 119 187 294 274 288 231 275 166 185 197 81 354 314 40 51 237 180 85 265 73 31 133 105 300 216 237 260 341 341 209 327 212 71 317 344 303 107 275 149 129 119 20 241 171 229 
246 288
119 274 162 153 284 274 269 140 238 78 295 356 353 111 155 145 235 279 267 244 111 184 296 84 85 130 84 209 280 108 42 288 39 5 9 296 95 194 84 98 357 90 129 202 63 295 247 253 348 235 346 240 63 352 253 6 121 91 70 80 350 13 245 343 125 241 48 79 60 24 163 233 191 128 223 324 129 125 28 75 343 53 306 291 321 49 287 1 14 41 48 80 80 153 3 177 319 285 140 125 22 148 141 211 74 219 187 148 72 153 108 89 137 287 287 65 67 112 321 242 90 342 216 209 326 93 258 254 17 2 350 349 103 48 210 93 107 64 327 168 59 212 125 203 70 189 94 14 272 205 1 254 23 287 328 99 146 262 209 344 210 159 216 129 195 349 325 32 87 219 9 29 303 191 9 130 76 224 198 123 344 242 255 200 85 229 203 249 203 2 114 313 124 213 16 257 106 296 276 70 309 329 209 300 87 41 138 309 291 142 123 331 64 115 276 117 209 202 298 11 36 265 33 273 124 219 232 194 320 115 33 4 209 347 351 114 17 17 207 87 125 114 261 181 329 184 
217 167
77 130 13 297 0 51 344 313 133 44 36 306 120 0 314 175 244 140 49 81 13 72 163 208 9 203 308 139 177 337 323 256 282 174 61 354 306 32 124 228 117 62 117 121 276 265 54 241 310 73 241 297 48 233 8 294 99 315 309 350 229 292 144 6 175 301 338 333 111 319 16 355 227 76 228 295 282 216 119 38 183 227 247 199 269 24 264 291 265 247 336 151 353 205 174 229 59 156 129 178 273 4 72 105 93 99 342 331 59 279 120 193 311 82 291 119 338 18 307 244 17 309 342 359 124 130 141 194 343 56 230 209 261 271 288 239 143 143 155 101 220 238 22 229 328 33 203 144 281 238 288 122 343 10 24 316 214 259 325 150 355 197 32 328 263 307 147 227 77 283 347 258 86 141 152 101 71 333 314 215 99 238 307 147 337 127 51 311 231 203 245 52 61 25 183 206 289 293 41 80 327 204 160 260 139 220 173 34 120 326 184 263 77 139 268 301 136 
112 102
95 239 8 69 274 340 222 235 304 147 121 244 174 3 318 41 180 303 160 66 26 52 225 211 36 149 260 274 83 342 346 258 65 223 64 210 21 22 101 7 112 33 175 334 93 286 246 354 0 253 112 321 290 133 70 186 184 55 137 172 116 334 114 307 139 294 273 140 300 71 233 318 16 277 59 213 324 312 69 110 105 26 187 145 257 150 124 8 212 64 266 243 200 282 151 1 141 181 80 98 187 151 300 211 334 4 119 243 148 108 140 47 
216 286
150 252 147 142 72 218 25 310 90 283 168 283 344 277 330 56 250 337 52 151 342 224 5 0 288 29 202 80 209 255 269 335 142 6 178 23 122 180 327 18 214 137 33 305 317 80 53 235 213 112 340 358 144 113 38 52 343 250 208 333 351 152 61 135 348 252 333 355 78 235 179 121 38 68 255 341 93 6 71 163 295 6 324 107 153 309 276 223 234 345 198 346 293 133 293 21 320 266 190 339 280 199 296 128 335 114 205 97 71 322 88 19 56 186 280 280 127 277 236 352 146 295 29 12 108 173 220 158 51 145 131 303 226 274 181 87 255 32 317 45 91 343 342 43 196 151 101 316 113 322 113 159 292 42 174 190 233 250 160 135 26 202 263 66 96 302 134 62 37 30 155 28 175 241 253 101 318 266 194 260 173 124 60 104 179 168 149 227 146 189 104 206 231 10 158 277 218 325 187 107 175 260 184 65 142 29 146 6 326 188 8 346 159 31 97 1 
313 256
266 52 80 23 324 54 344 309 152 226 101 47 97 282 111 176 224 145 282 348 344 64 115 111 277 202 145 139 275 217 106 255 39 152 70 95 140 250 97 221 337 70 221 50 302 58 196 64 324 175 134 70 344 329 111 286 163 353 241 58 37 56 45 136 116 31 173 262 127 100 164 123 359 69 223 117 158 140 305 127 266 239 312 212 218 120 23 290 254 257 340 304 1 184 104 265 193 322 242 97 298 63 354 219 343 332 166 244 273 304 49 204 87 204 24 39 216 219 233 288 132 164 168 58 57 140 14 192 273 153 257 110 359 261 158 84 19 90 75 198 125 219 238 14 353 98 140 232 80 255 327 211 150 255 27 63 340 298 7 54 31 290 235 254 321 174 240 234 135 89 184 60 254 182 329 165 77 213 1 86 269 41 30 6 275 35 323 338 126 301 199 142 301 168 170 198 304 325 60 336 22 174 17 164 256 76 36 314 295 165 275 67 116 186 282 17 199 353 214 324 209 211 78 22 60 331 61 27 34 29 229 287 5 19 341 35 354 84 192 357 224 35 182 193 351 328 115 204 67 253 99 145 16 6 345 11 256 300 327 160 353 357 1 288 217 245 297 308 87 77 90 121 199 294 67 289 262 206 127 256 15 91 199 88 56 208 197 253 34 339 16 167 42 57 305 272 98 143 227 269 286 155 12 345 331 98 269 283 25 66 99 37 358 
197 302
274 294 338 237 216 164 282 320 344 314 298 22 160 214 313 261 331 317 341 47 31 177 299 204 315 267 127 217 214 139 209 37 192 347 16 243 76 231 240 304 101 218 215 41 295 152 120 303 209 184 222 70 251 55 175 83 63 200 54 80 43 186 221 52 28 47 346 62 102 323 174 310 232 329 245 324 73 291 205 136 264 320 72 229 282 38 223 141 40 112 94 121 127 287 198 37 53 229 88 12 71 16 45 205 83 333 178 118 60 135 149 164 138 219 326 226 331 79 312 66 308 248 296 203 257 138 127 297 291 182 98 191 210 115 226 285 83 352 194 137 47 281 265 258 55 100 67 11 235 149 323 50 122 157 191 78 283 52 270 320 125 167 236 196 322 214 288 96 143 151 124 256 209 351 27 92 321 197 160 225 59 90 150 130 240 265 73 187 290 216 102 50 282 281 332 79 279 
181 147
355 240 219 235 303 325 351 85 94 282 70 158 181 320 125 233 256 97 146 130 109 170 141 59 57 102 36 183 327 157 118 221 230 107 141 201 181 182 348 16 127 96 82 200 66 151 99 31 91 336 136 142 37 63 110 247 40 147 57 207 352 3 31 147 158 60 137 80 146 23 230 2 294 235 216 184 351 158 312 109 59 78 314 93 83 139 353 78 16 199 324 89 327 153 55 253 250 235 200 313 199 292 106 276 7 188 193 354 101 112 316 139 24 280 16 247 265 297 353 158 73 125 156 174 327 283 104 230 30 216 55 230 120 1 279 340 112 9 100 95 135 192 95 1 287 158 116 134 316 175 80 208 196 273 160 134 31 120 297 265 112 175 286 225 216 192 228 101 179 4 264 35 120 65 309 98 162 110 29 87 42 
212 248
343 40 320 301 288 256 41 81 353 354 237 313 207 187 322 28 332 23 132 44 245 135 335 219 291 284 332 302 196 135 259 63 206 220 71 66 162 114 286 19 301 227 74 338 174 253 288 5 55 354 149 76 131 119 137 144 89 18 199 353 216 164 128 151 338 358 86 305 240 225 51 272 13 120 336 290 182 234 75 185 344 149 254 312 353 218 251 121 65 2 176 162 262 237 338 252 75 359 301 54 310 50 307 38 221 286 50 132 231 158 32 151 36 325 104 121 125 240 23 65 62 168 29 190 206 357 173 131 354 152 48 44 38 70 65 152 111 279 130 338 237 173 51 100 331 46 273 161 135 142 246 230 149 147 199 4 242 145 241 327 310 256 324 137 349 62 3 206 83 353 15 29 113 286 254 8 5 195 143 311 26 89 208 32 171 70 13 112 288 253 300 152 198 192 61 87 356 73 102 267 53 340 128 338 56 292 280 116 348 275 343 99 
201 345
316 146 207 268 11 143 132 348 71 265 228 107 350 331 219 157 275 87 224 265 65 276 79 29 81 92 68 182 307 40 188 300 106 309 18 30 74 206 267 109 213 100 74 246 180 296 178 307 191 192 94 70 211 163 274 100 29 151 177 101 45 267 287 112 285 149 75 163 267 142 74 47 77 274 19 195 145 135 142 103 342 164 311 179 121 186 131 26 315 42 264 74 252 288 66 95 203 19 72 54 308 30 285 313 228 137 168 202 141 139 305 242 182 290 354 298 328 226 229 122 190 341 75 231 27 220 204 28 330 316 239 344 297 210 185 272 250 243 315 341 282 139 189 11 318 111 83 171 181 260 215 101 124 315 223 242 151 106 315 55 343 35 285 0 325 318 231 326 294 301 202 313 329 47 179 10 54 295 151 165 56 40 122 222 311 73 159 226 318 208 41 15 125 73 280 309 4 164 20 232 26 
105 51
302 337 289 261 220 259 282 309 269 92 19 81 357 28 258 43 10 313 244 234 50 204 101 254 112 240 167 242 236 23 144 18 290 53 30 223 358 92 288 331 48 68 10 213 356 38 279 347 279 23 138 327 202 122 114 95 104 84 165 205 302 175 137 287 305 107 190 298 156 204 177 153 200 196 355 247 158 123 127 280 288 204 146 352 258 98 55 231 119 314 350 238 264 217 70 135 264 294 234 72 74 172 142 52 29 
204 9
338 242 58 73 73 177 38 212 327 279 191 357 192 239 24 282 19 3 125 209 343 204 266 47 210 13 130 59 139 231 199 35 139 180 141 93 326 195 11 227 120 11 136 163 94 60 189 310 81 342 297 259 327 117 27 31 253 95 320 140 321 17 24 186 85 14 215 68 218 289 277 75 344 7 306 95 55 266 24 90 354 105 131 70 72 355 63 151 314 306 289 190 281 236 305 306 341 19 61 28 185 354 78 219 201 341 158 191 134 320 174 251 152 272 21 36 96 109 287 28 11 88 162 86 337 11 308 85 102 225 304 177 219 36 284 268 179 91 5 215 128 182 92 258 184 40 142 263 126 15 170 206 323 356 274 21 111 275 243 155 193 260 82 28 220 31 77 337 220 295 262 225 116 314 152 186 127 94 228 352 326 326 186 252 34 215 112 115 291 50 103 270 311 193 39 182 274 345 124 269 314 344 143 114 
224 264
218 153 84 331 124 53 18 217 171 116 105 38 154 223 187 317 243 108 299 291 93 353 133 30 307 314 156 145 96 289 189 56 7 63 348 53 210 257 105 301 293 315 296 92 120 199 262 285 63 156 42 26 68 276 51 247 158 18 24 136 293 216 261 239 227 310 109 341 234 208 169 75 235 221 25 25 34 19 248 25 13 309 184 341 166 95 348 299 297 117 157 78 267 74 109 21 173 346 214 356 115 74 82 236 185 275 15 191 183 327 144 258 168 301 304 190 105 243 197 220 356 110 97 213 166 159 324 45 188 300 293 227 118 39 278 215 336 146 67 177 158 173 352 212 320 217 76 85 88 336 70 61 194 342 213 19 143 161 196 340 80 305 188 80 316 284 181 198 34 265 222 27 115 297 44 184 197 141 39 206 276 51 129 242 37 123 94 1 50 2 190 144 137 335 355 222 70 47 283 141 288 183 256 233 58 83 72 208 320 13 328 132 69 80 192 41 49 65 51 70 241 116 356 62 
146 263
261 317 10 175 259 306 66 101 254 194 82 277 126 33 52 71 27 304 152 355 213 66 245 254 328 39 244 153 75 345 272 103 129 21 105 139 76 5 169 252 101 134 320 166 37 115 233 178 90 33 84 206 144 296 244 279 240 322 163 183 124 170 225 146 77 169 189 265 88 113 338 89 259 99 355 261 66 329 268 169 106 140 65 324 175 177 289 93 98 29 97 213 116 164 173 258 318 57 15 350 258 147 143 65 102 186 3 196 10 260 337 180 72 186 356 245 234 313 319 356 321 189 223 42 287 270 271 37 109 96 142 145 289 85 196 111 117 195 182 343 267 333 246 6 76 220 
275 174
199 82 230 173 355 228 120 306 251 223 35 319 71 302 318 25 35 276 110 61 86 202 162 289 98 198 341 268 229 118 344 260 93 252 8 316 10 234 142 191 351 179 351 99 104 353 119 47 245 143 100 47 31 49 357 294 118 160 354 140 239 356 321 274 324 327 326 276 34 198 27 150 165 182 125 197 70 254 211 205 314 7 95 38 223 122 222 134 84 165 222 287 204 98 316 1 50 255 336 270 77 108 115 197 331 324 72 158 111 39 174 27 281 229 329 275 274 227 333 263 315 81 273 334 45 215 65 212 196 169 199 231 17 266 119 236 197 262 130 28 194 197 164 129 136 67 79 47 235 186 0 292 93 178 163 22 72 88 181 291 345 178 275 200 161 300 285 56 74 110 359 4 317 189 323 324 101 20 69 236 206 107 168 208 103 317 257 71 157 283 121 53 139 325 280 181 160 268 270 59 132 17 208 313 311 143 244 315 194 103 133 237 9 32 124 34 335 347 10 143 122 302 113 185 268 141 169 359 247 257 158 287 57 110 11 240 229 298 161 340 252 83 118 315 150 244 324 103 347 268 263 119 325 215 306 44 15 172 68 293 36 117 179 189 286 352 311 283 213 304 6 179 107 193 44 
187 57
90 271 129 218 94 236 103 171 93 256 221 161 155 215 54 147 121 131 78 259 294 81 72 68 49 273 358 274 295 12 77 146 204 309 150 163 168 70 240 336 1 102 264 65 139 242 358 226 18 188 169 167 230 251 147 338 112 50 203 158 19 189 339 66 319 323 77 259 179 305 273 24 305 211 101 170 227 350 277 340 165 260 146 86 256 269 38 285 161 344 267 76 158 329 207 325 84 91 142 312 120 222 133 207 64 120 349 296 325 101 250 53 256 25 96 17 15 141 47 8 197 274 208 354 90 9 84 181 175 270 83 337 154 197 330 76 66 137 10 70 218 244 15 125 18 239 145 28 323 334 287 51 18 220 87 153 273 125 105 61 290 103 7 314 155 304 336 268 261 63 145 28 219 289 106 264 248 99 324 48 52 145 340 59 18 341 184 
103 308
6 86 298 114 34 69 314 57 112 176 284 43 221 233 206 265 38 357 10 186 282 146 296 173 39 233 307 221 175 286 284 260 123 9 19 83 261 35 268 164 237 315 345 148 200 128 111 161 253 7 60 100 205 174 211 249 109 254 36 311 242 257 11 242 181 313 72 0 44 333 297 149 198 44 154 221 18 67 185 90 18 130 49 150 100 338 95 280 230 12 262 208 266 224 227 301 120 248 124 337 278 177 218 
151 347
11 341 177 182 77 75 66 137 18 210 300 214 254 169 311 97 318 256 159 143 76 125 69 41 190 189 46 113 7 334 66 52 90 130 277 311 106 188 58 111 191 70 275 267 215 294 259 115 33 125 107 318 150 167 231 123 18 132 193 68 232 151 270 156 35 302 48 69 13 125 282 138 239 2 291 261 102 73 17 317 262 242 304 161 246 172 126 214 358 36 23 189 344 3 281 48 237 209 221 341 325 238 255 187 77 98 37 235 48 152 55 194 228 347 81 169 229 340 309 44 356 149 175 331 92 217 151 12 155 356 196 348 95 239 261 173 266 332 22 323 346 218 66 223 63 61 34 175 18 305 177 
40 84
183 358 44 320 359 117 97 62 227 289 121 228 254 318 247 179 74 152 31 70 270 114 290 100 254 118 332 222 19 62 90 267 246 197 49 0 164 222 65 138 
223 93
289 281 83 268 290 165 225 257 64 176 2 86 120 67 126 155 75 20 89 298 249 244 277 182 82 229 155 262 293 299 302 74 326 80 75 296 83 279 69 214 277 313 76 154 241 41 102 222 215 24 85 318 181 226 13 229 321 269 80 80 38 301 236 256 3 265 162 359 305 184 192 87 170 14 219 215 28 266 217 347 1 9 203 249 50 334 156 63 72 55 50 0 34 288 124 299 79 16 97 20 308 34 175 34 7 268 259 5 295 275 131 43 152 160 196 134 283 73 240 164 357 258 147 268 205 200 166 29 118 266 253 346 182 180 51 256 306 59 92 34 308 62 337 309 330 355 281 136 275 343 261 102 169 283 11 329 98 60 355 45 23 247 292 89 82 152 237 41 159 244 23 137 251 2 265 194 116 260 11 138 154 252 73 60 76 225 279 227 212 234 99 164 81 96 149 170 288 8 190 270 295 80 150 332 203 300 175 171 332 210 220 277 189 115 311 170 227 320 173 2 350 255 50 
139 110
40 53 352 311 216 22 18 144 143 286 264 88 109 121 18 358 44 47 111 237 51 150 131 53 179 8 39 176 168 353 186 103 302 230 319 52 30 188 146 222 104 96 311 92 350 13 42 48 331 298 208 354 168 74 80 268 116 123 45 214 331 148 156 289 105 133 224 211 344 226 102 44 338 229 190 73 118 292 347 225 8 33 200 1 195 285 77 302 141 296 319 184 319 226 236 5 283 172 103 71 20 103 121 238 285 25 185 246 170 129 275 117 118 82 90 252 103 138 309 124 102 208 232 185 134 298 81 211 191 286 292 299 53 182 214 102 150 178 181 
98 135
171 237 20 179 151 68 259 341 193 126 199 5 185 24 310 215 350 153 37 91 126 67 346 20 229 90 170 124 98 261 200 164 107 294 337 204 169 117 308 113 186 30 13 66 292 172 229 14 248 109 183 232 124 303 176 246 250 197 213 64 243 56 291 292 319 91 100 287 27 251 259 134 357 123 312 218 170 79 233 234 17 322 325 108 222 18 139 317 262 321 131 258 253 52 357 244 338 23 
109 304
340 101 301 168 89 29 262 184 19 343 290 59 10 171 263 261 153 112 106 191 196 343 194 214 104 161 42 152 76 274 354 354 84 33 227 47 212 82 226 111 298 329 88 80 172 212 267 231 170 100 202 260 210 5 261 117 78 34 94 1 319 118 5 48 280 159 277 77 318 311 179 148 169 256 228 107 167 25 337 78 23 11 92 201 243 181 247 313 345 331 104 48 143 285 24 1 227 227 327 34 184 90 171 83 39 224 297 214 105 
12 127
351 327 117 302 153 358 228 47 245 42 58 350 
350 348
347 9 355 170 186 204 248 212 349 166 80 164 291 271 119 176 50 111 356 276 41 47 65 101 75 100 190 191 335 54 91 111 28 10 98 301 273 333 155 296 171 345 173 324 108 106 308 300 270 177 136 276 251 119 303 33 32 123 192 0 135 261 157 120 35 41 66 145 287 126 24 144 16 116 54 271 90 90 244 9 203 235 234 33 205 146 34 46 127 19 40 165 348 282 82 228 2 47 215 258 142 222 37 37 328 4 292 100 222 48 250 308 127 248 298 198 243 173 143 32 323 18 115 174 217 216 207 318 128 84 160 183 348 11 320 278 324 282 236 170 339 262 222 175 333 48 31 195 74 288 137 246 134 95 192 30 124 26 237 270 337 10 343 276 59 157 117 41 215 182 250 8 272 2 144 85 336 324 66 354 107 11 116 175 281 198 26 199 224 114 91 287 53 62 18 312 128 253 49 328 249 189 18 206 337 72 180 18 50 111 46 56 327 128 308 336 314 50 6 350 140 47 60 282 302 13 61 333 79 143 107 302 287 71 32 196 345 219 104 39 206 35 177 172 281 82 163 126 244 271 342 275 80 181 310 296 33 158 334 104 107 134 272 4 41 168 151 259 253 338 349 38 249 29 32 104 261 94 30 178 237 75 27 157 60 38 133 260 148 81 193 275 289 189 334 46 15 129 228 276 30 11 180 173 323 142 93 62 200 139 225 68 98 233 332 80 70 295 42 344 334 291 250 349 2 74 226 304 107 52 65 139 192 295 251 119 105 244 108 101 128 71 75 152 129 349 227 322 139 228 
