47
318 32
341 20 85 75 112 253 35 152 59 288 91 330 257 158 254 325 154 151 228 54 159 174 213 159 140 260 326 80 185 266 102 220 88 259 85 220 173 203 109 163 245 104 252 310 328 158 168 23 227 77 335 317 172 102 67 198 259 268 252 156 218 162 265 125 285 321 267 342 280 79 152 182 23 266 219 13 247 321 152 258 302 164 272 72 207 324 36 171 123 306 337 67 75 129 300 232 37 117 318 160 289 186 341 313 329 324 159 15 104 259 113 312 340 48 242 197 96 183 126 103 313 347 259 210 209 79 109 51 125 199 50 233 252 315 246 30 289 207 23 344 93 336 243 240 331 316 172 93 333 227 127 335 205 57 113 235 143 219 350 91 15 286 299 208 122 56 358 257 186 253 313 303 125 165 159 282 224 35 341 217 323 108 46 85 122 272 201 12 190 18 170 290 15 11 160 81 314 247 214 25 15 233 59 190 197 155 196 277 229 0 254 14 225 139 240 336 161 139 63 85 336 154 271 178 3 297 272 160 331 52 146 235 118 23 337 104 357 334 352 141 222 221 218 83 11 304 342 0 166 148 316 123 77 13 108 85 48 30 275 192 22 207 278 176 144 234 263 135 299 31 270 1 292 276 283 23 98 96 195 219 158 331 142 41 156 352 1 134 225 182 260 165 48 217 5 227 50 290 239 30 214 25 259 268 234 96 305 250 203 342 211 162 17 149 79 55 131 184 
65 244
184 13 138 289 44 339 115 358 304 143 74 311 333 187 127 243 117 62 71 123 34 26 193 92 352 165 184 111 307 238 101 217 53 23 189 168 295 191 334 168 92 285 155 238 176 144 84 94 288 332 63 282 331 333 261 269 25 112 356 169 11 342 82 305 0 
124 335
13 127 244 94 209 143 333 137 177 127 92 62 301 239 15 306 312 230 274 28 214 8 299 120 296 236 299 276 75 203 200 134 81 297 173 300 349 157 216 1 162 209 148 353 54 177 22 195 31 194 157 257 204 234 37 232 324 357 159 43 166 130 10 300 327 140 258 153 82 332 130 175 23 72 37 305 83 272 51 242 241 231 170 123 286 214 2 203 204 103 164 13 14 347 339 183 19 356 302 140 31 151 116 275 95 154 160 208 222 18 128 286 211 285 75 155 70 184 170 169 205 228 242 354 
29 163
237 232 122 120 349 313 35 237 355 286 41 12 282 142 305 196 65 40 355 127 110 48 19 1 357 184 69 249 85 
199 221
9 43 321 169 300 324 354 313 110 180 142 159 54 315 213 242 132 196 275 46 316 284 231 261 248 237 125 340 248 348 322 112 72 330 222 131 201 198 80 168 19 84 255 322 334 8 341 33 39 29 161 268 260 317 232 185 35 296 59 211 354 311 314 184 180 359 221 356 50 133 45 192 29 216 138 169 194 292 354 244 307 290 245 141 193 115 8 6 239 345 312 81 291 29 102 43 153 246 347 53 186 4 68 159 55 81 156 227 313 140 157 198 7 235 323 284 106 262 326 115 202 322 2 153 209 157 233 47 40 39 15 28 284 148 342 96 241 221 65 255 296 309 120 39 51 156 284 116 11 303 159 8 88 273 197 341 301 26 24 119 211 318 284 308 248 48 251 29 31 93 101 115 164 228 321 323 90 218 173 80 142 49 81 242 144 31 120 281 259 217 126 45 77 130 26 260 33 72 324 
189 71
353 80 72 120 199 82 95 344 26 283 119 35 194 204 127 97 107 261 121 90 235 91 302 226 83 28 63 71 149 281 322 268 151 95 149 110 298 92 229 271 248 237 161 176 38 345 85 122 55 22 152 196 151 188 13 250 306 38 198 91 332 319 248 210 103 130 196 219 307 27 326 136 304 101 130 243 218 23 97 196 335 212 5 179 122 99 73 42 160 139 263 335 309 62 107 289 235 75 204 211 290 125 23 327 137 160 39 305 38 174 0 205 277 210 206 333 248 235 289 16 149 133 128 162 241 156 267 168 145 41 183 235 211 260 327 156 358 286 195 156 352 42 67 19 322 126 123 347 252 212 165 159 218 262 147 183 61 44 266 30 12 286 191 171 186 110 170 296 39 177 359 213 279 316 104 59 180 44 55 240 195 60 330 27 44 153 137 302 300 
241 313
97 323 140 66 293 38 314 264 332 82 101 201 327 284 14 36 13 287 90 159 95 29 140 165 189 12 119 304 20 73 285 355 293 196 289 130 252 244 272 91 166 13 348 288 154 251 27 306 311 217 153 328 77 224 7 257 172 81 55 176 126 230 110 124 288 19 192 56 121 250 315 298 34 240 85 93 88 285 82 60 338 36 186 273 270 319 112 80 318 147 122 222 235 263 310 44 65 261 152 12 56 25 209 140 196 93 248 316 160 288 207 36 209 158 222 127 93 281 145 103 146 258 151 286 152 345 211 296 343 204 122 171 193 254 144 289 256 306 357 239 240 155 354 195 101 248 110 323 237 33 62 92 274 123 229 9 238 100 82 85 202 81 258 21 320 195 7 314 224 45 328 131 83 213 153 232 11 222 187 280 103 205 184 325 186 233 277 107 354 290 269 245 98 140 88 19 263 262 256 124 208 331 219 29 19 24 202 40 304 0 100 216 209 347 298 219 58 204 131 308 47 119 68 201 128 191 155 10 24 183 41 211 275 250 209 78 278 306 304 222 349 
229 127
180 209 228 119 353 24 5 108 180 199 88 162 38 123 178 0 288 205 57 348 202 343 233 4 85 6 240 190 346 155 21 352 258 246 349 39 111 294 318 28 67 337 325 263 33 251 169 121 299 133 71 284 329 28 208 310 177 20 138 338 253 320 136 246 52 15 273 10 221 54 56 5 9 53 216 187 321 334 315 54 63 136 135 45 284 161 347 5 59 344 175 241 55 279 147 11 36 159 249 229 157 182 13 76 251 170 292 57 22 187 15 241 7 218 242 90 304 237 71 271 43 153 176 333 284 169 55 263 159 91 261 213 260 309 132 276 74 89 263 212 182 250 53 40 16 22 155 319 310 298 85 185 65 175 234 125 229 65 151 353 248 278 186 65 151 198 60 241 204 228 156 130 23 134 172 135 358 152 20 247 3 48 3 33 271 49 320 61 143 359 35 103 223 123 330 146 35 118 41 329 210 145 8 117 198 175 36 353 328 338 304 61 110 71 322 145 226 140 120 3 198 50 350 16 296 317 341 342 26 
186 37
2 163 137 355 169 79 248 232 26 221 81 291 348 230 211 343 43 5 55 67 152 181 349 142 268 343 133 320 57 241 282 104 219 269 230 177 274 312 130 293 235 207 225 84 118 72 279 241 219 0 70 230 281 318 268 158 93 242 146 91 317 184 21 123 69 347 236 358 272 170 325 273 358 32 296 148 304 44 177 168 117 145 34 60 245 303 80 219 109 331 18 38 324 244 289 51 180 266 94 209 209 34 136 9 164 351 125 210 10 246 13 142 51 146 95 342 230 120 28 137 204 315 150 134 54 125 353 222 46 23 135 101 97 316 159 233 178 189 234 42 230 0 300 107 170 305 43 16 248 68 35 189 149 315 163 108 118 237 259 359 203 342 132 147 218 345 14 76 239 161 200 209 125 257 246 67 212 44 84 321 111 309 100 282 125 17 
66 285
57 312 316 88 126 14 68 264 122 306 117 320 313 349 240 198 38 52 316 265 338 59 280 195 218 114 303 68 247 271 313 317 215 273 173 38 250 215 335 95 12 39 170 231 148 14 0 90 228 57 59 245 174 271 282 157 91 134 353 100 88 23 193 262 331 99 
269 310
90 258 114 202 37 336 199 322 134 276 105 138 258 356 41 183 97 172 205 154 319 318 24 160 221 8 214 6 229 130 354 357 209 150 124 46 87 73 341 199 46 241 228 350 331 334 336 42 79 220 244 154 150 43 9 241 341 26 330 258 113 183 196 262 339 214 156 168 249 356 174 133 320 40 211 40 188 228 82 211 31 280 29 310 23 190 10 348 90 39 162 272 227 249 121 45 120 278 354 56 239 100 230 322 284 242 94 25 348 67 310 27 109 162 5 21 251 265 209 186 163 207 299 213 31 190 238 78 145 3 26 151 350 55 158 57 87 275 86 211 167 357 32 100 65 32 40 333 32 204 191 303 40 203 159 102 340 295 20 101 160 325 65 307 96 206 265 60 37 142 259 232 26 357 21 294 278 209 287 334 331 246 157 47 72 41 54 157 103 125 116 60 180 242 184 54 89 226 339 350 167 146 183 347 79 289 79 112 41 84 329 92 324 359 299 52 43 256 141 313 96 25 55 23 312 73 344 351 142 171 126 143 345 1 303 59 259 271 82 143 54 291 163 356 352 248 78 180 338 28 83 294 237 46 325 307 299 216 298 182 34 92 245 164 90 79 284 301 46 
244 211
28 130 344 123 101 72 291 129 237 216 52 189 270 338 317 269 139 294 238 72 74 216 7 179 184 163 279 286 43 136 54 75 241 231 174 149 126 198 259 352 241 164 68 337 12 350 154 183 165 134 62 306 142 247 259 198 271 311 149 121 359 286 196 219 175 306 342 266 258 269 119 342 286 127 240 54 28 275 299 277 321 271 147 138 193 133 125 86 143 66 274 70 39 148 62 66 128 170 309 77 291 225 213 46 196 232 351 18 52 152 312 59 36 121 38 195 343 131 37 64 90 318 79 265 287 262 223 99 315 251 245 176 120 116 28 153 40 286 288 159 249 7 153 213 341 280 17 51 228 322 255 289 166 304 213 42 317 182 227 319 149 121 21 158 88 179 294 135 129 74 186 122 150 31 151 306 15 198 14 321 305 297 149 28 351 164 169 299 261 41 204 195 338 93 143 283 203 28 116 1 94 75 56 323 52 271 83 296 110 7 94 249 188 287 8 320 283 341 351 163 265 306 1 278 299 352 23 217 339 210 129 165 116 83 42 346 269 237 253 8 112 53 109 317 
69 332
84 26 342 270 204 239 66 245 320 111 81 245 65 307 298 160 90 130 102 49 122 232 92 276 201 107 330 55 50 48 340 239 51 288 36 65 339 222 336 18 300 197 304 350 250 343 359 39 263 9 40 181 181 162 68 177 246 240 354 159 206 216 10 126 94 209 18 102 343 
140 49
226 328 56 301 134 32 293 356 146 237 121 67 229 107 218 104 27 68 196 325 305 287 259 143 121 143 167 58 223 96 200 29 280 315 205 170 102 225 221 71 224 193 261 275 209 203 117 14 71 264 83 139 268 113 355 300 218 69 299 64 152 242 59 146 174 215 81 175 337 9 50 50 324 312 183 271 294 325 151 294 97 250 218 143 275 324 77 84 341 281 11 180 273 333 9 8 118 75 242 31 295 270 338 113 349 133 264 83 170 145 138 325 243 70 137 345 223 290 264 340 64 174 15 358 113 302 316 326 39 124 179 168 310 342 53 108 199 307 313 318 
112 213
3 256 306 357 110 88 63 103 231 134 61 304 83 11 316 291 81 245 106 172 174 261 49 17 85 221 290 25 83 298 104 226 51 180 111 108 225 153 259 264 194 280 69 10 4 56 244 327 359 359 330 78 84 91 58 232 120 139 329 52 82 208 162 197 86 24 292 228 261 214 276 264 317 225 278 146 6 51 202 116 163 277 86 128 297 268 278 130 269 314 56 152 345 76 281 275 119 150 324 12 149 241 359 92 39 181 142 316 121 77 243 167 
96 109
333 43 131 258 193 280 262 209 148 2 234 153 217 164 331 169 45 356 71 161 186 124 112 100 30 99 203 206 341 161 37 271 109 204 68 354 258 229 122 3 116 72 298 204 26 312 204 16 127 142 334 62 236 70 1 92 223 206 267 258 218 20 125 98 282 190 262 259 282 351 153 328 217 24 328 25 29 93 73 48 279 213 171 57 292 246 303 79 54 213 22 59 18 143 185 240 
142 108
250 251 146 102 164 56 109 209 155 31 122 304 126 173 91 190 89 12 191 252 136 183 286 98 28 49 38 140 336 200 170 178 65 32 57 175 15 215 163 19 1 173 113 311 74 309 162 190 248 263 282 102 174 112 299 39 345 210 287 149 345 215 291 352 187 160 257 316 339 191 176 119 139 114 128 45 210 99 127 163 185 180 128 52 3 218 194 74 72 204 49 269 179 156 127 74 159 324 282 149 29 253 231 335 174 204 352 39 313 217 54 121 124 133 59 56 324 57 93 189 149 52 315 23 96 81 326 195 4 172 330 47 219 246 66 121 173 27 345 136 335 310 
163 204
347 201 41 338 91 64 238 303 247 261 115 18 162 100 39 21 234 338 341 114 134 24 170 180 105 346 354 91 69 279 40 208 93 124 132 259 324 107 133 214 346 88 355 139 32 130 15 277 192 278 1 224 302 98 177 189 53 220 217 260 282 264 329 277 297 121 333 159 17 137 331 206 243 50 208 111 142 250 43 45 195 274 51 282 56 212 108 129 352 141 112 294 324 30 279 116 74 85 175 323 208 256 212 211 229 60 24 44 253 316 211 315 324 337 144 205 21 160 208 8 193 72 328 136 251 112 174 53 213 191 288 304 151 159 104 317 208 296 160 155 169 112 305 143 147 242 146 91 109 306 15 332 136 48 159 152 1 223 333 259 177 325 348 
316 324
135 350 294 289 18 137 67 232 338 260 287 128 161 103 175 213 259 144 38 343 91 55 326 98 320 250 268 107 353 145 261 146 214 232 101 195 149 252 121 100 211 60 62 11 265 45 218 138 168 162 16 83 301 266 91 33 332 270 188 210 349 312 139 289 27 19 110 69 149 328 33 162 295 280 340 83 151 295 140 290 231 131 136 115 184 127 183 318 348 76 348 209 202 282 202 333 147 295 56 211 5 192 90 236 325 298 164 82 347 96 135 51 151 342 206 187 150 39 128 339 225 17 199 128 343 235 9 23 158 94 145 70 41 273 271 273 62 209 58 216 236 162 190 274 71 341 40 322 168 38 338 329 309 311 56 313 318 97 281 270 21 166 294 221 149 25 118 317 86 148 327 180 112 0 352 107 142 291 56 339 38 149 114 7 111 164 62 0 60 93 258 278 101 68 298 161 56 329 159 86 351 277 205 124 249 237 346 15 56 51 143 221 101 1 309 192 105 68 143 243 280 128 226 252 293 288 104 343 68 13 331 356 212 250 330 275 324 175 19 304 44 230 259 96 0 321 226 18 211 288 200 32 71 51 18 215 218 164 151 17 145 227 240 230 43 259 220 325 133 59 61 306 348 263 320 311 306 3 171 112 355 69 6 19 153 147 84 185 348 76 122 25 197 64 173 263 255 261 301 250 312 218 328 112 25 255 21 159 350 356 151 129 88 338 6 167 
351 116
159 44 312 180 143 170 340 51 193 16 213 192 117 313 40 124 133 2 116 128 55 83 2 56 99 13 58 123 192 302 64 170 105 337 207 36 244 73 215 244 282 356 326 77 325 175 349 161 359 80 39 83 238 56 70 86 31 119 326 271 101 56 37 72 348 188 319 52 63 261 253 142 250 240 298 332 89 103 169 73 243 107 315 214 41 2 192 173 130 149 71 299 342 73 292 215 275 43 194 172 223 201 183 176 165 49 28 83 251 211 237 33 68 350 81 111 32 210 115 116 81 311 135 298 197 207 57 317 183 270 210 98 49 180 317 309 342 299 159 129 36 89 163 67 155 131 106 52 89 257 275 36 15 7 307 223 110 191 199 318 194 336 56 347 352 8 227 254 10 12 188 318 206 132 329 156 127 208 245 35 1 339 234 52 105 30 219 162 132 216 256 162 268 310 298 207 169 198 284 105 226 127 175 315 213 219 251 193 184 82 51 69 327 349 231 285 226 144 13 323 94 109 88 293 220 126 136 177 214 297 260 309 19 226 331 192 198 182 314 96 293 165 59 154 2 293 241 220 259 169 5 163 4 19 343 54 194 268 235 331 190 232 207 98 27 283 244 277 81 93 163 265 293 78 215 12 142 245 317 226 232 171 282 238 114 169 82 14 282 163 271 228 326 21 70 247 49 112 238 305 109 92 33 140 9 264 53 173 343 157 242 151 39 107 234 357 336 262 132 275 176 81 3 145 249 168 78 131 243 116 147 3 261 103 188 69 255 237 65 101 113 351 340 310 297 357 218 89 305 17 208 
226 65
324 7 162 180 2 34 143 324 61 5 269 21 284 171 296 152 349 234 197 223 188 68 88 337 169 123 189 344 196 194 143 26 353 68 187 129 352 252 52 86 93 172 120 177 306 193 260 217 131 338 59 129 201 260 260 262 124 262 178 269 14 194 303 336 346 61 185 131 120 71 251 301 345 32 181 73 144 174 13 135 357 16 195 70 181 65 64 67 230 316 158 33 158 255 304 18 100 153 312 89 66 71 27 340 214 353 26 320 242 280 197 141 56 194 289 219 59 356 231 268 136 292 222 279 184 224 191 130 123 117 45 194 291 306 107 109 206 154 354 76 83 54 351 242 94 155 274 294 42 260 152 183 322 58 229 274 70 68 145 140 258 286 29 2 342 291 35 159 87 61 242 146 78 126 316 261 358 334 228 36 77 293 50 142 59 345 82 133 38 75 97 299 183 180 57 57 144 139 188 317 319 64 315 180 62 328 157 294 162 118 80 140 248 156 61 315 262 290 41 273 348 199 56 110 148 112 
37 283
73 13 204 299 92 328 46 186 203 324 267 349 125 117 196 343 199 113 66 231 221 272 250 136 230 128 225 92 355 324 194 245 203 258 76 220 19 
287 329
166 272 335 194 104 169 261 52 356 64 16 53 34 246 45 257 116 185 120 121 296 280 249 218 116 154 336 100 336 39 211 217 141 132 226 3 138 228 330 47 263 145 312 5 234 223 169 112 41 243 95 59 47 75 219 308 341 201 50 142 23 341 54 285 141 290 291 219 203 131 190 214 112 278 166 193 16 66 58 268 180 242 322 297 50 161 102 100 292 160 2 319 131 77 28 280 164 77 347 111 292 169 264 170 74 246 153 308 354 294 172 329 263 71 358 106 48 308 248 244 116 320 267 41 14 274 166 16 143 115 46 148 216 234 11 280 152 289 181 344 114 204 239 304 175 274 83 214 237 20 321 286 189 208 72 146 225 328 237 221 293 189 282 73 273 249 52 343 126 358 137 4 177 244 145 234 4 148 56 216 353 289 288 2 187 187 246 304 25 112 198 302 338 275 345 312 272 239 40 303 282 281 61 308 0 106 295 114 157 342 120 67 164 102 63 193 131 7 44 324 52 348 313 6 304 33 98 177 145 257 102 348 97 29 351 85 11 10 354 242 145 317 352 239 10 165 153 301 222 126 282 215 3 235 28 326 94 316 6 356 355 18 195 318 330 260 194 354 86 258 213 90 86 255 355 268 220 304 185 3 332 30 333 343 150 243 322 
61 324
188 66 70 339 356 272 61 320 310 17 288 272 175 209 63 215 82 222 4 295 64 60 252 107 219 212 125 71 123 271 290 207 292 293 76 275 1 219 247 357 129 141 283 69 17 298 206 88 135 337 55 227 54 314 0 185 281 229 113 159 237 
282 230
201 297 11 309 40 67 215 104 162 211 164 347 145 169 285 323 45 146 90 174 100 32 242 284 344 151 228 217 212 244 223 163 299 245 358 112 34 57 235 94 85 160 347 25 105 324 57 45 153 162 47 158 335 236 169 196 146 14 261 279 323 72 91 61 145 215 58 47 38 190 116 319 123 235 50 292 168 337 185 279 153 56 106 113 334 213 275 331 3 116 245 206 71 215 24 152 177 63 316 117 348 117 28 43 67 103 62 85 15 293 176 97 88 49 228 189 162 159 179 271 171 218 134 54 219 281 311 3 171 59 40 65 77 259 241 147 317 236 210 212 84 231 62 44 266 143 169 108 325 128 305 69 263 71 348 289 116 83 293 112 305 38 5 347 139 285 93 216 81 290 305 154 64 170 308 69 40 9 192 232 58 308 355 149 189 134 246 85 169 72 130 112 246 89 188 209 197 192 88 224 174 0 117 128 194 192 51 151 51 121 43 135 140 172 160 290 210 37 310 226 123 48 190 17 275 67 157 223 144 40 302 47 318 102 62 253 11 182 314 306 216 304 268 353 161 39 333 293 7 201 123 66 200 257 162 75 182 323 142 242 324 52 64 90 53 58 277 17 212 265 219 20 281 210 180 353 136 254 308 218 121 328 
125 54
245 258 62 280 267 271 247 302 82 317 127 350 112 76 108 229 54 253 275 262 240 185 129 295 313 21 17 122 147 197 262 347 33 259 203 173 315 217 340 218 267 13 58 337 148 87 120 155 335 137 72 266 216 103 189 127 134 284 358 125 299 270 94 347 242 321 223 168 244 149 356 245 94 69 26 269 293 170 211 62 93 27 138 158 180 326 283 15 5 224 347 343 7 115 225 157 326 166 110 192 34 308 74 354 325 341 186 125 219 132 143 343 105 80 334 0 236 73 21 23 298 273 85 141 70 
48 331
143 181 182 75 331 70 123 74 41 78 108 167 59 88 131 165 259 195 34 308 231 279 163 331 86 98 13 60 139 208 255 92 266 25 97 348 231 184 63 32 300 25 344 113 307 352 107 93 
2 114
319 80 
160 337
288 231 272 131 184 89 309 49 170 271 278 160 147 65 238 234 174 67 5 6 351 354 234 53 316 151 210 85 179 313 240 139 229 318 62 103 117 299 226 286 201 289 291 8 154 298 213 101 118 137 226 169 111 15 246 346 150 67 334 99 222 348 221 77 307 128 148 308 341 91 221 146 57 33 200 84 11 24 176 30 335 333 150 176 48 356 121 28 197 337 211 327 195 146 148 171 85 186 191 137 92 85 143 222 162 132 175 35 272 339 219 229 158 344 358 279 94 99 24 92 187 148 183 248 224 297 79 261 167 45 56 268 306 198 202 139 341 222 264 337 75 36 44 228 330 349 222 164 332 115 356 172 222 166 152 15 7 34 309 320 
104 318
339 130 119 91 240 138 135 24 175 297 120 141 214 331 253 150 256 17 170 211 99 345 252 260 300 336 48 131 85 62 313 358 74 50 75 226 165 266 335 338 89 300 192 297 273 199 17 347 342 161 318 249 275 311 36 311 82 224 256 297 289 299 288 303 297 262 225 17 54 143 230 277 10 304 67 79 232 176 263 220 114 188 234 61 99 211 199 82 18 216 146 104 242 105 96 267 356 202 304 218 238 221 180 86 
328 177
72 142 249 81 319 81 298 42 218 280 116 337 279 109 317 249 334 287 16 22 69 240 359 21 106 317 87 162 35 322 40 283 75 349 157 197 304 59 158 311 118 4 240 269 206 268 50 241 95 53 187 19 281 177 331 162 65 44 236 236 130 181 207 225 331 191 154 166 93 101 177 274 295 45 295 240 335 55 121 100 251 112 166 257 116 226 326 248 29 121 100 163 195 321 329 330 74 82 119 242 252 335 305 150 163 97 159 0 302 156 356 64 101 85 87 166 220 250 114 323 338 314 319 288 321 142 43 45 84 52 105 240 105 77 341 227 306 192 331 163 80 127 7 22 41 357 324 112 18 101 100 214 310 240 203 81 80 178 66 47 162 141 254 201 334 109 104 18 256 118 167 242 236 281 152 314 130 114 31 169 4 285 143 357 161 193 125 95 236 277 0 98 315 324 266 309 184 173 59 172 79 184 9 45 136 311 39 352 72 202 136 280 324 274 52 356 53 37 80 112 6 146 43 83 79 146 172 87 241 322 193 101 260 281 276 276 83 348 98 339 341 103 251 292 256 279 250 269 19 354 161 176 147 242 358 110 104 275 49 12 273 170 84 6 184 225 212 358 90 215 215 101 330 206 249 178 99 79 22 75 49 51 105 318 341 280 297 315 199 134 82 215 304 76 97 273 334 44 25 118 91 14 47 342 9 223 74 196 356 214 104 35 185 85 235 112 191 46 97 314 73 113 145 58 114 285 147 24 
6 246
190 92 148 296 158 134 
231 38
170 258 298 163 225 133 24 154 17 173 243 187 288 174 277 246 16 336 246 142 12 306 226 257 221 313 204 193 338 81 175 181 190 150 225 192 329 190 48 351 124 267 251 80 203 159 25 87 106 85 245 111 135 290 72 191 269 164 227 310 330 19 305 213 166 261 160 150 165 274 310 5 341 241 119 124 272 210 283 141 204 305 83 154 327 234 189 100 196 92 60 95 86 174 68 295 318 219 115 6 271 192 156 60 349 319 53 25 350 127 204 35 298 330 294 82 53 343 32 187 128 343 264 236 299 258 156 228 341 241 198 311 103 168 352 324 152 93 21 341 59 79 131 258 67 1 344 317 348 304 183 109 289 94 207 52 328 271 72 342 304 275 273 291 71 296 256 136 225 356 278 344 188 24 357 197 69 247 160 214 332 323 37 252 317 280 162 79 224 268 238 148 324 37 330 131 246 193 261 142 281 141 271 43 256 92 307 21 189 22 81 314 12 105 233 131 79 260 138 216 53 246 147 18 205 295 226 146 239 173 106 
165 164
163 112 307 234 135 169 241 154 39 105 152 154 275 215 68 286 88 272 134 221 238 300 155 314 266 210 189 139 19 160 211 71 350 74 130 72 255 46 152 42 81 247 143 225 149 230 249 108 247 160 354 173 56 17 240 19 292 140 149 288 172 150 198 262 309 24 274 318 96 30 113 276 269 106 293 20 55 21 323 215 30 115 220 353 328 76 337 33 63 272 353 217 171 44 310 277 225 208 319 169 237 228 240 186 184 347 333 220 63 298 313 168 43 221 89 218 313 124 81 180 170 205 247 180 345 245 111 50 176 227 222 110 272 281 313 218 102 151 176 100 120 189 47 197 258 151 142 108 299 14 151 302 223 121 98 266 256 277 51 296 226 219 159 124 6 
131 272
112 263 267 194 108 296 136 49 128 85 168 219 119 15 126 172 215 354 124 115 193 218 56 3 229 142 150 33 80 65 255 166 218 118 219 351 341 4 350 35 173 236 353 49 346 29 160 95 217 51 257 111 302 95 293 101 104 353 115 247 307 292 66 183 296 60 349 309 194 196 168 301 153 249 217 28 142 236 59 296 259 47 329 213 304 206 160 315 28 0 299 239 118 250 266 339 217 277 174 276 38 259 199 213 351 157 199 22 351 216 38 232 43 86 336 290 321 243 98 164 49 300 332 42 223 91 55 133 83 86 106 
33 126
185 75 14 240 121 38 81 330 313 13 265 237 76 187 98 193 32 36 129 187 20 344 31 19 241 208 255 100 49 26 315 300 325 
304 155
129 338 207 119 307 113 198 161 96 276 183 334 176 32 107 349 53 89 215 266 358 278 131 176 51 13 56 5 157 122 328 353 126 50 4 271 328 146 326 135 254 303 29 24 174 45 19 237 75 213 222 301 255 272 100 243 53 315 46 121 90 57 117 265 206 336 78 50 194 67 190 250 282 220 326 308 329 349 69 318 234 0 166 101 256 229 138 126 242 203 97 169 124 10 350 50 247 34 189 100 4 308 161 119 173 273 349 312 13 13 146 252 310 218 293 75 62 225 210 256 201 334 160 12 357 44 184 38 17 300 256 246 82 298 190 7 9 164 241 54 169 95 249 74 310 290 36 211 81 64 163 199 192 34 220 103 328 341 33 136 169 3 118 336 90 83 176 337 61 177 114 27 44 334 273 241 149 164 117 273 124 23 274 216 355 354 214 171 26 103 261 230 24 44 1 209 302 235 273 357 244 12 188 102 74 313 55 239 262 79 146 112 215 259 151 68 178 28 33 307 127 102 118 4 252 344 151 28 292 297 287 44 138 240 274 224 164 187 283 166 252 111 186 76 177 183 138 302 353 182 281 126 192 121 28 303 150 12 347 353 233 185 65 12 258 57 90 33 231 181 40 214 249 210 14 120 271 142 23 74 148 311 166 200 49 245 284 286 358 121 170 330 98 91 146 177 129 221 194 330 274 41 270 356 
90 267
129 111 84 293 23 205 21 33 208 253 263 185 301 244 195 317 15 45 245 27 115 42 274 92 185 252 353 203 64 176 207 62 197 47 0 259 113 133 156 169 319 209 259 93 81 180 166 313 191 41 102 278 194 248 99 15 319 309 157 129 187 337 224 34 319 251 346 31 20 310 294 62 156 110 66 316 116 309 330 343 48 157 276 139 343 87 262 30 53 195 
144 343
110 34 276 276 334 171 237 65 51 351 253 214 62 60 99 189 98 279 134 61 330 351 157 330 269 42 90 14 179 271 273 230 182 322 222 291 146 268 202 294 113 113 286 268 13 158 103 121 131 138 351 38 297 245 250 81 290 280 32 85 44 34 56 316 138 83 134 96 217 103 197 298 108 232 96 12 173 88 187 2 307 175 177 347 83 124 179 168 193 14 281 268 215 1 136 186 326 282 274 321 184 119 135 224 246 267 56 323 298 355 13 229 102 63 63 337 47 140 260 79 334 66 49 224 162 86 210 49 124 250 152 205 338 174 338 123 42 280 300 158 149 129 330 72 
57 72
211 333 43 20 230 63 59 20 127 93 71 292 108 171 39 163 284 49 140 76 52 317 195 282 66 346 187 274 58 60 209 177 182 248 154 245 301 51 359 47 47 241 74 200 81 162 19 166 214 226 171 51 265 358 131 88 237 
220 217
138 59 163 283 229 301 188 245 198 134 299 198 105 356 51 254 335 282 31 271 171 255 55 26 161 263 168 179 102 6 29 37 20 193 36 340 175 237 181 299 257 250 237 93 68 136 149 240 200 62 161 265 76 259 339 247 160 299 343 225 248 205 214 274 4 94 233 182 120 275 293 324 142 282 324 146 126 125 10 347 175 231 187 305 323 273 305 319 213 162 204 167 147 307 125 65 133 41 15 173 38 205 114 47 53 48 26 272 62 96 52 284 89 90 19 196 28 225 144 173 55 254 50 148 176 188 23 247 225 92 171 119 165 285 1 304 323 104 3 37 144 268 115 128 155 172 104 228 22 333 182 254 56 74 17 39 234 30 124 20 55 226 32 94 54 281 55 330 255 311 68 119 177 57 90 135 354 105 158 354 247 236 18 251 135 238 271 232 25 37 194 128 145 75 252 204 115 26 221 271 244 0 186 325 117 33 146 330 17 165 116 311 353 265 113 20 327 280 5 118 
270 7
183 282 218 128 42 19 320 307 344 286 248 107 147 356 344 81 29 138 263 308 338 103 338 90 32 278 108 22 11 327 81 70 214 30 61 132 312 200 232 75 110 311 191 201 239 294 82 267 349 5 108 77 214 345 191 329 211 250 181 241 217 315 351 50 120 262 280 67 25 249 56 203 216 235 140 92 194 294 334 321 58 190 68 208 148 126 250 189 5 156 14 63 335 230 201 227 280 254 87 291 47 29 135 4 108 135 17 111 312 290 8 218 201 328 116 146 353 307 37 92 123 178 234 103 100 65 95 148 253 343 80 213 70 170 126 277 47 157 343 314 150 320 6 226 260 1 289 293 126 220 359 124 229 260 349 316 239 308 198 341 175 314 293 92 95 227 260 331 229 336 292 314 168 184 184 189 310 92 36 216 257 252 255 274 219 230 69 75 133 47 204 315 298 300 187 348 319 50 300 84 281 245 239 189 47 91 172 329 86 262 63 240 323 243 354 300 343 61 111 352 145 287 78 210 287 250 39 203 225 69 104 264 25 195 323 107 86 186 225 166 225 287 142 70 242 109 164 92 218 345 308 229 251 260 105 308 97 318 107 170 30 7 86 48 144 38 127 205 92 148 
144 147
234 210 108 107 27 265 46 222 69 314 342 203 78 13 87 117 304 209 319 110 261 140 289 346 126 337 41 114 349 121 281 259 203 343 325 173 293 73 130 252 286 25 303 160 335 277 179 28 326 97 145 203 43 62 190 61 44 26 40 242 84 170 257 19 214 164 247 199 95 303 77 98 121 88 47 96 57 268 101 4 250 0 238 144 4 136 66 81 101 290 26 291 131 330 297 86 282 175 210 52 177 92 78 287 354 108 319 272 173 79 331 32 29 141 24 154 314 316 240 64 159 326 304 348 134 43 200 160 272 131 314 223 273 182 207 231 52 229 277 211 310 146 198 319 
157 132
80 74 101 137 132 345 350 81 62 91 228 211 337 77 249 157 219 34 109 24 103 271 283 343 144 270 242 23 44 42 121 347 94 219 11 49 291 117 296 335 340 160 263 347 142 90 108 275 253 254 150 251 117 123 156 91 326 169 213 22 359 237 50 262 172 190 52 349 299 353 357 210 139 234 89 211 64 174 190 325 86 28 175 207 314 125 205 173 53 152 59 221 61 178 212 189 153 214 121 320 346 284 278 268 10 110 286 207 290 147 74 222 42 153 356 240 82 272 140 41 161 125 214 108 144 134 323 286 44 123 60 216 271 148 31 187 46 60 175 246 33 216 2 240 358 43 4 151 137 113 94 130 183 140 161 63 353 
162 40
257 325 281 226 344 249 278 239 272 49 164 103 350 112 265 237 279 8 259 125 119 349 145 66 26 300 58 47 105 351 356 207 211 160 144 91 290 6 1 133 39 18 93 67 68 348 358 198 226 68 38 25 302 13 14 105 227 203 166 168 140 248 338 0 344 19 343 101 324 26 97 268 54 21 95 191 52 218 238 209 191 21 61 253 26 301 237 105 330 148 51 323 127 159 114 234 25 127 193 322 337 80 109 84 6 75 331 356 39 321 266 283 75 269 69 326 23 288 58 1 293 296 98 98 132 70 139 189 358 104 2 78 133 202 22 119 95 209 58 83 20 308 213 246 20 236 302 83 73 110 307 242 24 113 293 63 181 140 28 193 298 27 
111 285
159 160 304 71 56 274 10 220 133 310 176 124 3 165 198 116 149 94 344 230 169 147 327 67 68 241 269 351 149 234 300 290 127 40 145 130 105 158 222 50 281 298 217 180 306 69 163 290 230 28 244 348 290 103 231 322 80 311 202 128 268 83 181 310 78 330 18 218 51 234 150 175 236 108 146 162 173 348 143 129 4 141 101 62 83 209 345 349 108 359 110 206 42 77 123 172 122 341 31 341 265 104 24 9 178 192 141 100 107 347 135 
91 189
324 118 203 222 310 29 77 7 28 58 192 156 224 254 345 152 21 122 201 232 49 84 252 352 158 95 343 232 40 57 301 136 151 228 176 138 120 283 263 304 107 183 335 213 335 41 295 186 345 53 256 151 252 350 54 213 341 82 209 211 109 44 313 229 280 220 270 155 87 212 181 247 255 149 156 50 245 50 277 6 300 220 53 195 109 1 248 293 265 22 137 
