79
14 151
151 273 209 351 313 220 101 318 211 273 251 308 202 202 
210 24
208 334 35 55 172 183 124 358 174 36 250 278 317 16 247 185 190 42 36 210 57 250 117 341 21 238 190 184 220 147 204 242 88 258 258 248 89 320 272 70 11 357 232 285 26 153 276 115 60 297 172 52 56 232 9 63 256 216 146 271 59 278 101 183 37 344 63 325 239 308 149 130 211 114 310 321 231 76 96 51 185 171 56 150 43 313 57 252 269 328 137 324 349 356 25 264 220 306 335 42 206 41 309 158 62 41 281 151 265 356 183 201 299 151 8 21 314 329 235 201 262 11 66 0 229 266 212 57 240 27 252 5 22 181 112 295 88 34 181 73 299 131 50 174 322 114 55 340 279 134 75 31 63 192 265 170 305 273 174 152 265 129 227 337 184 221 292 17 262 133 2 263 285 197 200 340 105 69 266 329 226 264 331 108 147 339 239 152 137 311 234 307 190 252 216 347 286 318 337 198 325 125 290 305 164 182 97 318 49 280 
278 350
199 334 5 300 9 85 30 172 113 201 265 274 297 300 170 261 319 288 28 175 304 171 198 352 349 174 93 211 342 335 280 222 163 173 242 26 284 76 281 174 145 124 228 14 176 5 31 58 45 260 189 10 133 24 152 86 195 110 293 242 137 66 344 348 13 301 145 200 329 4 284 166 234 346 190 158 31 324 0 185 271 135 219 65 52 344 82 269 311 342 358 231 180 292 262 347 84 312 15 309 218 149 34 87 199 17 55 59 324 193 260 279 188 127 291 351 30 255 217 249 294 148 72 62 244 113 151 263 265 256 113 225 114 257 252 6 294 208 265 185 51 119 305 216 171 144 3 154 271 103 63 352 72 244 207 188 88 123 340 73 296 359 7 54 5 209 163 357 55 13 316 298 90 331 181 333 63 34 357 110 33 314 259 83 190 168 244 190 322 85 311 33 350 260 255 245 332 232 67 345 308 67 106 4 139 322 15 42 16 14 323 229 33 343 266 115 275 196 23 97 32 86 187 100 88 77 116 146 251 6 278 184 168 72 298 140 230 251 13 328 256 127 91 60 88 36 199 170 77 256 60 278 203 47 201 243 216 139 288 339 253 342 50 125 340 88 77 264 275 181 149 48 64 30 260 183 97 33 
180 294
186 162 20 258 69 219 146 280 319 60 213 10 220 270 243 52 144 174 265 307 258 77 126 169 41 196 298 92 283 217 338 261 321 113 45 264 46 34 183 99 176 173 210 178 112 261 290 89 86 76 66 78 65 335 109 233 76 287 245 84 205 245 107 250 333 30 288 283 93 48 349 78 173 147 275 354 100 43 313 280 286 190 178 248 128 129 196 58 191 327 124 280 293 113 25 51 178 235 336 31 27 293 170 174 347 273 279 205 142 92 58 202 310 133 257 215 41 146 31 147 29 272 350 290 30 146 99 212 2 218 52 318 110 146 258 342 132 237 126 45 49 32 203 37 312 175 300 317 139 12 316 200 356 289 41 18 181 123 294 178 141 342 108 10 51 102 119 330 92 161 171 255 166 316 7 113 25 330 336 188 
15 285
317 295 226 317 231 139 303 49 47 141 131 318 268 216 12 
106 247
3 158 67 149 234 107 165 150 134 108 251 9 116 79 248 305 140 338 243 357 38 269 322 236 292 269 317 334 298 4 67 240 333 46 306 182 237 37 97 118 155 192 58 158 8 197 71 314 338 163 168 168 238 11 159 218 47 26 219 157 161 335 29 10 20 197 106 183 58 163 8 76 94 325 106 239 229 41 90 150 91 11 205 283 131 0 276 219 165 292 36 209 183 204 50 265 17 46 278 279 193 16 344 130 195 233 
246 118
288 136 346 300 104 164 283 258 230 129 261 151 2 319 318 94 78 201 289 62 204 65 101 241 232 306 357 152 270 216 346 253 95 150 117 81 233 217 48 76 60 78 99 339 280 92 196 147 134 72 341 4 138 224 309 22 168 125 210 307 133 77 272 161 137 228 334 330 260 26 267 215 357 17 128 133 329 300 156 60 340 228 263 275 31 216 183 196 283 133 304 183 252 241 300 275 194 256 349 288 353 314 253 115 154 291 174 194 159 45 345 271 235 268 103 181 123 144 341 130 344 83 269 15 338 203 134 265 52 119 199 267 183 16 260 280 196 309 147 306 105 313 181 354 124 137 153 319 183 331 185 292 99 328 267 182 197 280 140 125 209 174 309 25 65 144 339 165 358 305 14 278 305 80 182 265 192 262 297 118 95 340 113 187 64 85 336 350 243 276 256 169 233 215 307 95 52 233 238 121 135 111 133 64 49 285 354 355 101 234 301 320 296 154 154 29 272 157 192 185 245 64 167 199 141 165 208 77 125 23 47 321 179 43 105 163 265 302 337 156 281 127 226 57 296 254 
14 206
91 323 144 40 118 352 206 18 284 292 217 5 260 325 
289 359
251 149 252 195 349 267 282 260 25 265 152 58 252 174 266 67 152 110 7 71 214 215 144 291 269 358 227 268 235 341 306 54 284 158 316 303 55 237 50 199 92 21 53 248 54 85 358 136 18 214 104 260 265 194 118 231 295 221 92 123 208 271 162 276 298 115 329 314 289 108 220 265 204 271 44 73 318 246 243 206 93 201 80 308 87 98 18 160 149 63 308 341 133 115 172 285 69 55 216 318 265 86 65 258 311 49 51 95 255 139 300 205 107 29 69 74 344 342 268 54 171 351 224 359 149 303 138 358 294 217 315 307 171 245 256 249 181 81 228 52 152 100 158 286 8 59 285 119 61 63 141 228 91 54 329 241 84 353 210 239 225 112 208 55 141 1 9 62 150 67 149 241 154 214 205 180 102 110 263 183 47 267 286 53 80 241 4 149 100 104 133 352 125 73 117 226 272 139 242 131 268 269 65 211 231 130 120 68 294 254 185 140 355 226 92 235 186 293 43 100 242 270 49 315 167 266 97 85 174 167 184 10 290 258 216 196 79 278 101 196 355 56 169 241 52 200 197 44 97 16 356 289 94 121 15 84 91 40 136 307 346 78 158 196 339 27 89 4 304 168 121 24 350 142 196 240 24 190 269 59 283 233 51 266 305 77 9 171 313 
186 195
133 97 186 287 121 100 179 135 122 69 184 57 129 149 302 286 224 3 22 199 28 291 142 324 86 277 218 32 3 97 71 270 82 290 209 249 347 224 190 226 19 328 81 71 358 63 24 98 75 229 88 310 257 158 116 231 359 54 0 185 192 184 329 67 240 192 277 350 66 185 351 88 248 287 313 36 348 244 126 192 354 30 358 118 196 135 7 85 121 109 53 147 34 80 64 322 95 302 190 43 235 294 325 355 336 266 22 145 36 346 92 76 170 266 91 226 23 130 27 183 302 161 51 10 207 336 203 160 26 4 16 9 105 298 354 225 9 249 158 275 64 220 164 193 129 182 60 65 26 104 222 179 246 115 325 293 91 344 230 209 202 180 138 204 187 195 80 195 93 297 286 223 97 320 329 278 255 70 203 201 173 135 274 87 38 291 
31 100
285 268 206 235 53 256 304 264 153 47 338 110 352 349 123 51 53 21 82 183 90 220 167 3 144 305 261 231 119 168 86 
231 263
354 120 239 144 199 312 204 103 275 317 22 324 101 251 21 218 61 156 199 261 221 287 18 44 27 58 135 251 199 24 325 307 351 216 21 14 337 251 232 347 318 262 286 204 347 357 187 186 59 141 259 147 336 323 351 267 132 46 75 143 91 102 124 340 40 128 247 317 344 267 7 324 104 116 254 320 272 44 175 338 320 118 77 36 241 343 143 272 314 305 80 48 69 146 134 213 308 43 27 1 30 105 96 1 51 327 72 95 328 277 7 211 79 182 174 148 203 276 254 194 109 251 189 211 180 11 148 23 316 10 269 20 115 337 326 86 312 243 32 344 352 122 127 179 123 222 155 91 181 307 146 40 250 253 222 50 155 331 235 187 258 343 111 114 341 118 90 43 149 281 60 271 277 306 78 160 110 131 358 315 354 260 121 303 325 253 282 42 150 202 339 166 74 172 326 303 178 297 172 225 270 272 34 298 124 230 284 27 244 347 151 359 129 120 27 305 252 182 218 339 80 138 242 63 35 242 127 151 134 187 227 
359 191
87 57 343 332 52 211 355 210 110 48 319 92 161 158 95 203 182 118 256 84 340 152 103 104 37 73 27 136 172 153 331 47 240 276 226 230 146 181 35 163 213 74 146 55 19 281 304 87 125 211 329 85 246 243 225 304 117 50 267 144 263 177 208 20 224 295 353 63 212 227 237 246 334 204 71 149 142 304 154 231 160 1 274 222 63 260 200 200 102 54 15 8 15 61 355 230 136 127 167 236 107 36 290 337 218 242 138 239 39 155 324 150 137 228 92 315 122 315 170 318 242 139 49 65 11 261 198 82 16 329 24 175 290 325 342 159 268 174 266 121 74 108 65 50 164 302 59 215 188 45 76 95 348 331 231 262 171 44 174 92 180 150 182 338 321 87 11 53 41 15 231 259 312 315 194 98 268 72 7 2 284 307 234 192 335 127 352 108 231 36 0 4 38 75 26 324 137 93 235 271 162 222 261 182 352 300 0 259 319 73 73 44 325 134 330 23 330 41 191 284 339 271 306 139 166 10 233 120 44 183 115 276 5 40 271 313 289 41 50 100 9 268 273 234 269 291 179 233 104 68 2 312 82 113 222 160 106 226 166 124 145 53 50 140 165 48 348 28 336 211 203 112 164 317 132 271 31 76 195 113 288 344 86 37 34 210 150 143 251 260 119 89 236 164 91 330 331 314 343 123 16 286 35 282 193 278 25 127 40 144 290 303 148 241 310 59 57 175 312 242 90 231 172 321 252 39 243 103 24 4 206 232 155 208 75 142 101 311 157 340 55 125 88 172 97 101 3 297 331 201 302 104 249 82 38 214 127 28 247 
108 295
67 253 62 96 151 197 31 290 224 15 332 195 169 212 90 346 45 62 119 270 340 1 336 291 209 251 47 349 163 242 158 186 311 109 309 145 191 324 294 46 59 262 339 311 305 204 233 222 294 211 250 157 109 298 336 311 194 211 236 22 303 256 257 241 229 206 165 315 222 174 3 204 242 182 316 113 7 322 342 108 289 127 248 15 285 66 289 325 270 319 337 131 61 13 302 132 28 58 18 246 344 86 147 218 167 334 194 341 
253 157
110 67 7 271 3 2 323 69 136 205 105 2 326 90 39 337 354 31 352 260 175 140 276 185 243 76 216 292 349 355 9 198 92 40 245 91 239 147 124 284 293 7 192 275 279 100 301 164 244 301 222 125 262 11 136 8 95 203 145 339 342 267 98 351 204 335 307 197 100 55 156 42 251 229 239 144 43 43 317 28 190 202 31 23 71 175 280 344 199 37 276 170 23 13 149 240 248 163 1 68 171 126 136 286 78 64 136 283 117 13 126 151 306 191 221 75 95 345 159 0 22 302 246 250 341 146 191 230 356 280 280 302 155 352 190 306 262 180 183 139 108 186 127 341 270 85 307 358 157 309 195 292 254 203 293 357 100 298 167 9 294 149 158 78 268 263 61 216 143 285 164 119 171 335 87 251 31 250 111 231 336 348 6 344 263 136 252 63 236 160 15 185 178 101 15 170 285 228 330 155 115 0 91 9 51 16 348 231 261 30 299 286 342 349 293 249 96 353 89 133 267 147 40 181 262 234 126 159 115 101 349 340 3 186 254 234 324 74 260 338 345 119 330 99 37 163 27 273 122 250 94 117 159 
274 288
68 232 29 73 20 33 268 104 151 49 302 1 14 240 315 259 341 251 275 235 321 102 13 69 11 64 35 298 313 55 327 26 80 112 89 308 202 192 249 164 247 71 15 75 342 298 59 132 329 38 31 230 231 48 336 56 81 73 344 357 163 130 220 311 54 263 331 220 232 341 246 75 226 275 67 185 282 115 50 211 323 80 127 19 109 15 163 195 158 33 129 299 238 48 198 101 182 332 154 146 118 31 326 293 134 247 186 133 40 328 131 21 107 298 325 295 82 310 358 200 89 5 161 271 258 305 141 160 224 185 250 8 113 330 74 27 20 239 41 13 153 281 297 28 233 221 212 232 157 188 213 249 149 201 202 211 279 169 222 66 280 151 300 260 112 343 87 238 163 109 299 298 326 182 140 343 343 196 321 254 12 18 148 83 90 340 261 240 151 273 172 22 18 31 122 99 164 303 172 157 147 285 348 74 334 214 84 41 308 188 133 48 183 51 276 143 287 56 187 266 294 261 228 3 274 273 314 279 66 204 104 310 351 51 101 138 250 320 24 206 215 212 218 50 34 160 168 68 298 15 242 131 319 44 91 22 114 100 142 343 312 37 238 67 30 220 18 61 308 218 326 334 171 199 
152 101
255 48 204 44 211 338 320 287 34 255 221 257 244 251 305 316 37 300 343 48 83 153 255 194 356 288 49 166 133 111 324 226 307 326 1 14 6 351 347 349 170 345 35 132 221 32 242 21 86 24 93 270 228 58 175 336 149 223 198 112 290 64 36 341 119 298 73 292 145 37 321 115 10 49 278 76 64 233 226 291 119 133 262 96 296 40 4 126 174 1 127 62 319 165 194 23 98 287 63 236 324 290 246 288 112 348 357 118 149 334 69 123 277 113 33 124 55 256 256 345 91 236 19 7 227 6 357 45 156 194 109 321 326 335 109 221 314 322 357 92 319 2 145 214 259 190 59 12 334 42 330 293 
294 90
339 220 210 227 288 157 185 2 188 214 92 210 298 294 174 129 342 145 71 57 328 337 233 56 170 98 62 257 153 282 345 72 347 227 65 7 3 209 101 110 343 68 240 352 300 36 266 338 287 110 251 324 162 298 104 320 125 213 237 28 270 183 120 27 268 7 189 297 311 124 283 188 286 155 321 40 3 261 132 155 84 1 155 209 193 164 261 55 139 293 263 273 280 11 180 107 195 354 187 345 222 277 287 233 243 31 85 149 89 68 51 325 47 209 312 304 317 27 277 291 224 16 139 219 251 245 73 286 138 101 203 352 331 323 43 17 290 224 93 9 227 194 297 103 129 82 333 88 131 194 157 109 188 185 113 35 233 79 188 174 186 214 259 192 119 232 350 351 267 27 244 59 280 250 49 91 292 169 324 196 270 103 53 207 144 264 319 161 132 183 241 45 42 91 58 303 343 182 317 115 24 292 23 263 275 158 12 328 19 30 134 275 112 263 315 148 38 112 206 147 7 240 221 125 278 214 75 136 145 258 270 261 203 34 165 237 38 314 154 194 171 134 230 311 205 10 18 218 96 132 204 204 60 129 230 137 80 212 59 9 56 217 202 206 278 226 137 350 274 307 305 33 23 198 30 97 279 347 82 298 45 136 144 272 126 207 275 115 27 101 152 68 199 248 
301 317
236 260 229 100 137 182 116 334 234 52 33 126 218 312 176 108 127 12 307 307 335 231 326 217 315 237 316 171 93 287 104 269 62 345 161 53 158 101 191 348 263 198 14 93 164 32 92 13 217 337 174 299 203 91 358 192 57 322 182 31 129 309 220 113 107 309 313 56 359 110 258 283 121 29 49 186 179 333 248 122 152 22 53 225 344 303 212 46 142 122 258 308 79 184 84 41 4 80 216 50 42 82 280 146 182 85 288 227 276 166 300 167 72 16 192 192 71 139 20 353 233 302 117 314 229 167 113 305 76 326 46 324 302 321 262 50 25 223 43 354 101 45 272 22 96 195 6 316 91 121 176 207 249 354 9 256 140 62 71 310 1 9 206 104 73 185 219 236 304 338 264 56 66 143 293 172 71 237 133 92 134 99 178 215 346 124 148 289 23 18 324 85 127 283 225 351 170 163 209 39 132 192 206 29 303 38 338 278 198 301 190 237 324 205 270 330 331 182 267 263 73 318 304 151 336 198 84 196 309 65 344 343 146 138 281 179 2 160 172 30 272 289 90 90 315 118 97 221 14 335 128 312 33 1 153 52 3 137 46 274 340 153 202 87 263 14 247 358 62 105 54 262 14 81 175 236 313 176 52 74 166 66 303 298 276 31 205 21 147 317 323 252 237 41 298 178 232 257 282 97 303 
88 117
316 273 52 72 263 306 16 219 256 161 143 74 73 214 123 95 191 123 246 208 27 349 312 14 244 148 125 246 262 167 157 262 48 65 139 220 190 229 144 5 296 129 244 101 42 90 88 286 32 150 320 189 48 317 306 161 202 7 192 141 356 198 177 319 146 106 111 100 328 113 92 207 150 185 208 165 111 155 210 300 171 90 290 256 60 55 259 95 
216 318
252 286 27 51 267 151 234 29 23 287 260 95 275 310 62 220 187 179 349 335 141 234 329 49 288 30 348 204 227 302 171 286 33 199 50 41 114 149 344 57 66 56 16 137 286 281 111 57 25 244 45 311 239 222 230 325 303 13 336 251 208 149 122 297 189 328 279 173 218 193 188 169 108 245 152 352 53 312 128 354 342 82 1 270 176 336 347 75 220 55 303 324 74 3 310 332 39 194 149 325 200 87 188 93 188 8 295 154 129 127 321 304 0 135 20 136 92 250 31 276 2 281 162 231 59 303 285 350 84 161 52 37 186 2 111 293 98 91 304 183 242 12 156 186 11 89 148 189 32 205 237 29 85 310 316 296 301 179 198 9 255 157 52 299 275 254 103 3 193 281 35 157 220 260 112 137 10 339 163 148 253 293 255 95 112 80 160 119 270 242 14 68 31 282 257 207 316 88 232 27 0 342 163 330 302 133 145 248 349 5 85 344 340 94 267 167 
25 125
235 352 79 280 50 342 141 310 199 253 356 214 57 77 207 85 223 206 87 21 168 215 231 304 161 
213 275
273 262 332 206 81 105 337 140 205 114 181 15 286 298 256 90 252 34 8 40 50 61 118 316 324 196 55 43 217 303 158 186 256 10 195 37 258 118 287 136 309 120 130 193 16 2 355 39 328 141 310 203 23 47 55 187 77 287 221 196 23 177 34 29 314 51 185 344 91 118 306 202 262 3 215 56 68 14 252 234 316 248 289 66 48 102 81 281 121 249 123 358 312 144 237 218 89 287 110 114 176 295 62 259 284 346 52 299 339 283 183 205 51 92 27 225 122 318 99 209 269 150 179 151 86 310 97 183 151 195 187 265 173 156 165 2 230 125 197 249 344 141 262 82 228 247 60 19 97 322 234 235 18 94 92 43 119 273 56 39 358 145 223 50 59 277 289 157 190 195 177 267 185 103 224 147 256 243 183 340 224 333 218 19 356 348 22 297 191 45 109 154 295 148 12 332 172 335 231 132 312 314 26 274 202 286 23 246 55 181 336 29 112 
212 225
318 251 8 197 149 319 145 296 311 207 295 44 331 193 185 16 294 81 105 235 349 16 206 160 261 34 345 319 145 196 353 284 68 160 294 304 241 170 96 306 132 280 63 43 282 286 96 269 325 6 295 351 66 166 97 177 99 251 232 148 97 9 212 332 63 293 237 278 141 33 263 357 33 317 235 322 4 212 259 218 217 349 235 54 73 42 265 49 36 272 109 347 7 98 13 51 149 193 162 84 255 136 280 45 255 348 38 264 316 343 87 5 216 159 113 214 90 241 275 197 240 347 14 332 214 51 178 292 185 232 134 210 343 321 265 136 46 80 333 123 23 64 283 280 247 273 296 26 105 306 2 150 333 288 66 226 227 112 23 302 95 354 162 175 126 57 318 185 251 305 60 351 226 357 10 210 61 349 192 20 242 217 3 303 308 94 191 156 182 166 160 59 11 267 34 86 140 333 349 287 94 350 27 187 223 23 68 353 247 37 315 255 
271 218
146 21 47 214 74 317 203 105 340 17 248 322 150 257 132 229 45 148 167 43 240 9 47 143 352 289 76 184 302 229 254 37 113 42 269 308 243 11 295 56 320 295 353 301 45 316 105 188 342 264 273 197 237 175 109 42 193 57 287 197 7 29 248 348 76 102 328 130 320 37 202 182 23 112 196 233 296 114 76 169 276 2 169 27 259 134 306 274 43 156 41 60 284 319 237 266 60 33 329 19 216 246 341 88 46 197 167 140 354 93 291 331 340 176 318 331 123 91 326 213 273 236 35 61 247 103 355 273 197 267 82 167 345 197 288 56 26 159 159 272 281 299 300 272 21 78 288 318 296 81 40 188 187 27 130 256 108 326 318 336 168 162 277 301 176 12 80 321 168 4 109 312 22 323 194 263 239 252 93 181 317 88 208 239 13 3 231 148 267 295 135 341 9 95 263 228 178 86 351 97 0 45 226 238 337 112 301 89 218 160 137 200 1 14 4 314 113 19 122 51 25 303 88 86 88 108 153 194 149 10 81 167 159 338 292 160 87 1 185 8 30 57 190 170 353 12 17 53 36 266 217 158 250 345 163 278 272 63 154 29 224 193 309 341 264 326 82 301 228 111 229 
339 211
96 169 19 286 108 198 219 267 212 237 219 164 319 142 10 183 175 32 286 282 283 273 94 104 224 301 297 353 321 214 251 11 356 55 4 239 326 274 91 283 107 312 198 173 52 49 21 274 205 104 167 100 172 264 212 208 221 205 81 16 57 310 94 106 78 232 296 351 348 223 32 55 206 24 107 256 250 182 50 17 320 310 268 61 210 180 306 64 330 207 87 19 347 9 248 276 115 154 224 223 297 126 190 119 218 342 16 68 198 292 81 44 301 307 209 93 355 60 298 220 297 103 282 23 97 2 53 6 294 254 297 224 126 66 328 41 300 80 298 176 93 103 57 145 188 194 46 191 162 10 118 13 340 31 250 338 30 214 269 341 74 278 56 18 266 285 175 297 50 103 310 291 185 321 293 187 74 229 209 73 293 186 149 47 145 220 316 320 307 324 98 203 223 176 43 284 87 354 294 129 357 106 94 64 42 309 29 296 97 14 24 171 253 91 64 289 109 206 213 170 328 287 139 286 165 272 286 82 297 284 315 167 95 129 180 220 278 75 277 35 86 23 109 178 18 108 94 60 269 249 114 7 16 53 1 90 220 120 186 261 108 216 194 104 286 293 171 27 282 346 321 175 178 273 347 289 349 335 204 329 1 71 44 294 207 156 272 253 89 79 121 78 329 266 34 151 18 274 109 160 88 30 245 313 161 268 272 105 266 179 193 214 236 276 246 187 65 352 262 103 299 340 178 99 199 34 142 61 336 154 273 154 204 81 14 65 198 109 307 
121 220
41 150 266 168 107 120 3 234 272 265 191 32 47 268 232 334 104 284 97 7 289 166 118 201 161 49 310 104 294 338 29 318 269 29 155 334 336 217 24 288 147 306 297 86 96 13 293 47 351 311 324 228 249 164 85 121 351 88 70 334 159 140 152 110 8 204 177 68 147 180 27 258 333 325 213 341 258 27 294 149 94 102 351 88 151 292 62 84 4 251 284 315 325 126 110 191 207 192 97 96 308 213 155 152 140 21 359 332 232 282 113 4 25 327 204 82 17 290 1 137 322 
243 316
288 107 291 51 337 52 159 320 251 297 183 130 246 338 87 297 160 159 187 177 295 64 162 216 328 25 148 91 298 36 34 303 356 106 323 152 199 134 208 275 330 236 189 195 227 327 294 354 237 314 34 65 195 200 104 319 275 177 193 117 340 60 87 229 165 165 269 33 235 94 311 234 220 318 101 165 239 269 114 86 201 249 278 304 202 301 280 238 33 308 331 161 58 206 7 83 192 99 295 46 74 152 128 98 122 144 195 191 114 43 211 123 122 105 227 285 192 213 288 215 35 151 12 163 233 225 352 141 135 274 84 138 248 349 3 49 263 353 35 20 251 251 290 284 141 91 9 316 307 265 246 272 119 300 37 71 188 154 338 291 183 235 119 304 75 8 48 89 40 68 166 120 232 185 351 222 334 77 154 308 122 352 116 191 169 340 227 354 280 110 123 163 109 211 287 56 16 168 359 244 103 145 355 326 224 316 35 184 325 234 114 312 317 331 125 79 36 249 258 187 192 120 189 45 340 175 134 70 208 199 84 104 197 161 328 242 31 136 172 95 165 340 150 
107 28
246 67 280 53 52 124 246 295 176 234 38 237 220 120 8 277 235 232 2 250 295 76 124 317 103 150 310 187 345 54 284 88 214 320 290 88 124 18 146 52 47 111 86 115 162 147 156 322 1 358 343 107 169 242 305 245 101 338 131 313 347 351 300 144 135 214 332 304 122 303 323 79 44 122 59 177 259 33 329 324 254 210 70 264 221 204 261 273 62 11 4 218 241 257 41 209 78 89 246 203 261 180 356 260 81 136 136 
345 260
146 125 175 82 310 327 191 290 245 343 49 132 35 81 271 184 106 133 154 18 177 97 288 117 234 303 168 117 291 303 157 113 267 197 342 340 41 28 4 159 38 136 273 82 329 62 288 75 344 203 46 98 99 271 90 163 129 61 236 12 84 178 253 336 53 256 44 57 74 313 249 345 57 132 319 28 172 266 90 102 86 325 136 231 102 85 11 166 83 286 353 118 206 8 51 63 300 216 214 107 334 107 290 5 287 204 94 206 131 28 119 305 263 87 177 135 137 7 338 125 215 350 40 325 76 175 199 182 194 269 334 280 335 282 82 299 45 73 345 136 111 349 282 196 251 154 153 137 207 238 230 5 109 85 119 175 83 28 148 32 333 240 134 160 100 278 123 294 37 48 65 157 336 149 16 256 179 65 326 76 313 160 26 330 236 239 198 127 290 326 151 265 245 309 49 154 26 349 236 243 295 19 147 113 243 102 89 21 324 159 259 94 71 156 310 227 116 244 255 234 225 89 212 234 310 111 256 70 197 249 104 68 80 282 131 272 331 22 330 321 332 153 285 177 260 334 241 150 58 8 307 134 2 75 115 254 21 168 23 280 358 18 88 166 111 130 153 206 35 189 350 316 197 296 173 107 307 112 177 202 262 110 212 190 291 303 195 250 162 80 51 268 186 256 142 253 264 197 332 234 17 92 10 85 132 312 193 44 92 287 171 257 253 253 291 133 31 20 115 211 223 201 243 335 156 152 299 198 291 223 19 232 286 86 75 320 124 216 184 53 21 170 311 234 113 
299 234
221 61 18 198 101 146 48 259 279 103 316 77 114 113 338 98 160 28 92 215 61 236 155 201 246 100 180 309 158 126 317 358 331 103 42 201 77 228 100 77 258 206 151 276 18 303 161 202 212 114 287 317 9 114 268 176 174 212 38 123 157 177 41 121 67 282 237 175 39 288 195 73 6 231 76 8 254 209 132 34 227 234 5 68 89 4 265 15 84 157 321 244 290 220 102 119 130 234 170 240 104 223 318 8 168 39 33 317 63 14 148 230 313 13 257 140 40 68 12 358 39 73 320 243 22 166 138 119 150 66 238 157 123 338 222 29 94 223 256 225 57 253 273 22 35 184 232 66 278 229 355 351 38 78 213 166 312 28 276 274 207 297 79 204 343 9 136 40 124 73 196 84 78 21 121 175 136 201 259 186 297 356 264 106 89 1 304 165 168 241 161 220 334 71 311 289 334 10 169 108 112 162 283 42 76 290 41 212 256 151 336 134 227 350 12 236 134 266 128 308 247 31 25 28 187 253 313 115 32 353 335 292 79 59 298 101 99 196 309 242 171 164 299 164 233 65 174 177 22 309 211 33 314 27 195 132 213 207 80 100 317 27 264 49 30 129 72 138 122 142 91 202 53 345 225 200 192 48 50 19 220 99 310 0 105 301 327 178 329 339 15 40 174 322 337 187 13 319 124 
223 148
106 43 301 325 288 126 359 70 201 109 134 281 193 47 270 267 205 324 224 220 10 72 263 270 345 182 237 202 145 91 5 82 317 110 279 197 4 120 31 132 171 320 358 333 243 95 303 158 69 19 198 246 155 160 166 76 135 26 355 44 163 236 242 180 355 22 81 63 11 24 71 304 343 127 150 216 54 116 135 244 151 281 83 307 28 22 58 106 224 303 311 257 305 16 87 60 337 221 195 97 220 359 264 352 349 32 241 94 29 76 217 320 93 227 177 159 182 283 231 22 105 109 261 301 166 16 181 84 157 47 195 338 233 145 81 147 100 73 131 195 314 21 93 113 253 164 9 195 43 111 182 309 119 101 141 285 9 11 334 157 145 3 181 199 113 75 208 188 104 354 82 168 179 53 230 187 142 160 264 274 117 268 195 168 97 269 194 74 197 286 265 328 204 354 283 195 218 287 146 271 32 96 202 258 49 32 271 223 144 60 37 269 298 267 22 157 289 194 194 242 95 139 150 
69 281
4 265 298 266 62 74 70 78 81 222 187 170 249 102 92 47 39 204 236 104 265 325 91 338 173 222 344 246 266 201 82 209 311 54 9 183 3 200 85 130 256 71 299 287 339 261 283 142 162 185 17 310 147 325 67 258 256 304 24 162 84 336 63 250 263 298 186 122 166 
74 186
330 211 303 73 113 348 36 107 55 154 31 11 6 41 286 225 0 137 131 255 141 279 135 212 265 25 71 206 29 259 192 334 345 164 152 263 264 356 10 99 186 346 65 167 315 188 234 278 333 211 348 192 94 55 255 132 91 344 46 122 278 107 103 104 78 213 271 35 141 232 231 186 304 173 
321 341
244 245 48 161 23 93 93 229 183 86 347 284 346 8 358 12 87 44 173 20 273 7 157 215 298 298 179 336 58 299 90 264 297 204 300 314 195 311 189 217 249 27 331 165 346 287 251 137 56 27 8 46 332 340 223 202 65 76 307 51 196 164 336 324 170 22 334 159 26 73 152 50 29 219 25 42 224 309 72 251 288 120 142 353 102 81 357 143 172 100 89 266 85 161 193 20 121 61 17 36 236 130 259 319 285 321 131 81 186 214 265 276 139 138 160 121 301 348 111 189 331 185 325 190 222 353 282 330 347 8 18 43 166 22 252 14 14 58 65 155 174 185 283 200 196 155 158 89 126 220 286 256 34 291 207 61 50 66 21 236 355 247 224 182 293 148 238 178 104 319 337 297 352 91 261 208 230 32 130 163 20 165 147 322 299 76 14 283 346 297 47 221 78 323 286 79 350 183 184 226 40 91 314 126 347 159 358 49 259 152 62 349 246 174 64 52 183 353 187 0 192 345 120 79 113 63 248 107 278 350 28 261 358 37 262 329 170 257 240 29 183 80 139 67 299 213 356 284 27 108 42 61 219 105 13 20 289 25 345 118 146 318 356 126 324 296 113 282 90 354 42 69 72 272 214 179 27 216 130 135 98 159 316 357 335 141 164 16 23 41 20 42 291 145 184 304 129 229 272 230 312 340 325 47 225 117 196 292 266 83 38 146 61 55 349 35 264 229 294 103 233 
200 38
310 51 168 294 332 265 287 28 161 231 297 240 305 74 316 305 71 103 148 231 347 191 298 6 5 101 36 329 225 249 81 129 125 67 130 132 42 66 187 273 225 326 324 150 321 271 34 161 246 238 131 247 55 158 328 289 218 72 65 224 236 61 192 163 278 123 330 81 133 319 283 196 263 228 188 188 72 264 7 65 138 282 86 6 193 257 23 63 254 301 356 226 24 38 276 20 215 80 196 272 293 37 17 216 116 185 22 354 76 299 218 30 317 28 116 254 111 214 332 346 198 228 21 170 178 340 179 79 273 352 244 267 297 107 221 143 193 109 23 66 208 13 93 80 156 288 252 40 242 290 89 259 0 204 301 7 255 182 227 153 36 7 85 196 53 53 75 359 353 77 339 217 165 138 139 236 317 243 266 139 25 52 33 176 320 222 3 21 259 213 345 284 182 267 135 145 174 288 124 340 
330 81
177 20 238 120 39 120 348 5 277 116 109 112 13 317 279 188 54 118 238 142 315 117 52 312 352 10 89 50 186 244 81 139 221 156 191 31 319 257 224 244 245 263 271 10 137 120 193 148 0 208 178 329 358 14 64 147 43 150 198 94 83 241 14 125 42 139 121 124 186 339 226 130 293 117 66 172 55 177 218 326 291 330 292 130 234 230 9 284 187 319 336 47 67 235 119 247 271 172 67 70 251 81 231 167 70 316 91 281 111 5 266 82 291 213 357 141 69 131 101 20 64 136 208 12 197 86 68 214 191 73 261 0 83 123 45 337 358 163 156 243 213 51 0 170 265 206 347 175 133 105 240 200 278 104 108 83 253 249 262 108 148 226 248 301 247 294 256 230 2 95 88 250 298 339 352 325 136 53 223 221 329 58 279 62 18 82 153 153 88 174 339 210 31 317 271 38 168 58 279 9 99 268 176 0 9 314 100 255 21 139 150 103 28 222 68 112 55 318 37 273 110 211 13 264 46 160 309 24 217 218 164 97 249 269 334 178 295 220 58 125 277 323 233 267 87 232 296 234 283 342 110 237 342 183 144 77 258 323 47 105 139 38 245 67 203 168 328 300 241 193 76 44 215 322 248 3 121 16 333 347 34 208 81 301 279 6 293 295 199 133 290 57 272 354 165 300 307 103 241 187 269 155 111 48 116 145 106 340 240 2 282 256 345 126 154 208 59 280 334 24 125 349 235 132 65 1 296 197 128 89 
143 65
201 300 82 174 20 177 66 82 46 359 244 153 235 119 315 165 115 183 94 186 356 147 210 296 295 214 298 153 181 0 278 263 224 335 162 93 100 123 210 80 67 278 127 343 146 147 315 230 296 343 334 183 286 141 221 152 188 138 37 217 311 354 338 141 304 225 287 303 57 249 101 332 356 352 246 92 155 245 82 276 66 71 116 242 194 93 60 257 137 186 101 258 172 18 191 92 260 128 121 37 297 10 267 203 275 248 183 60 70 170 294 357 107 343 78 210 57 221 229 194 134 7 237 205 246 73 182 269 47 297 56 346 304 246 189 158 275 321 254 185 292 136 138 
252 258
137 124 64 94 314 157 236 98 19 40 283 244 256 168 200 72 70 53 260 64 180 21 237 324 209 182 181 111 243 38 46 307 225 7 319 11 326 295 253 175 196 283 342 6 219 1 231 307 252 328 353 102 95 91 90 257 358 59 349 285 326 115 320 328 30 47 89 182 29 17 91 303 231 310 214 163 53 149 104 330 149 48 112 97 185 27 158 309 358 59 144 74 147 47 91 295 7 249 301 28 150 264 296 149 52 142 347 131 220 255 220 291 261 287 243 179 101 167 122 38 14 348 284 159 78 51 194 25 357 279 111 191 166 230 110 177 47 54 0 257 352 356 1 222 18 204 129 296 328 355 49 62 300 175 113 105 185 225 0 99 102 56 326 115 304 292 90 284 104 312 28 252 270 276 8 235 153 182 42 321 302 322 129 279 108 157 312 42 167 60 236 3 290 1 272 30 139 291 170 318 178 244 222 43 271 304 247 354 32 182 165 347 23 94 357 74 284 67 229 234 86 70 70 322 89 298 323 71 188 221 342 123 167 176 286 128 91 211 66 110 319 353 193 127 116 358 58 270 153 128 231 334 
171 158
45 196 147 196 246 25 207 108 100 222 135 173 353 72 302 354 199 141 84 116 312 285 217 229 15 26 261 181 41 44 176 119 122 132 18 156 330 63 263 180 180 301 175 316 61 88 186 142 78 296 329 300 37 80 68 339 11 97 126 292 202 293 207 348 42 117 78 264 169 11 79 127 27 92 103 128 229 87 86 302 18 86 10 194 299 99 23 263 178 19 117 195 265 220 326 21 160 273 151 151 283 118 249 228 96 265 265 223 206 285 15 158 240 189 308 301 301 233 140 149 282 94 276 196 130 264 282 30 26 355 28 127 325 158 161 248 260 216 104 249 123 273 103 59 29 125 255 107 358 207 18 308 12 211 334 55 257 67 304 189 36 225 270 310 145 142 209 212 277 60 210 
4 153
299 146 285 130 
228 290
330 153 188 256 142 98 255 262 121 8 20 108 299 27 333 2 135 65 270 148 80 108 149 156 150 203 63 69 331 287 353 333 100 64 263 225 209 159 215 332 133 116 190 101 312 240 151 350 193 153 188 291 11 301 317 242 228 262 111 141 280 88 31 268 230 193 222 23 50 258 99 188 308 305 212 277 94 125 138 93 198 146 227 348 342 44 223 118 158 346 170 57 173 48 2 109 36 141 109 320 15 31 338 51 114 301 131 142 29 118 73 349 287 19 151 7 34 243 191 32 56 272 168 218 159 224 56 74 262 69 326 347 214 157 213 271 84 94 356 128 348 190 315 345 296 294 314 193 26 261 250 14 289 151 23 56 316 159 215 342 169 134 149 232 118 285 97 241 4 95 154 347 339 359 290 58 291 14 174 344 354 231 287 154 115 103 180 57 245 173 181 10 283 43 177 47 320 358 266 19 224 44 151 4 86 10 60 177 68 321 306 310 125 138 85 239 198 217 299 92 358 215 279 271 346 94 249 80 
68 97
114 270 192 137 74 100 201 347 163 338 305 193 12 170 24 132 85 17 130 52 65 218 139 275 196 33 151 46 318 311 326 200 82 292 302 267 156 122 1 195 324 43 243 337 283 321 10 113 226 263 333 234 193 357 71 21 6 125 335 338 319 253 111 339 139 251 251 267 
4 324
332 99 18 50 
41 231
71 198 53 304 229 28 270 269 246 347 302 300 141 127 75 359 93 4 233 257 292 128 220 147 27 317 309 258 163 299 115 19 16 296 277 280 129 158 210 196 292 
216 141
45 250 227 22 268 246 190 53 242 57 177 59 198 180 239 65 297 292 143 311 260 318 151 53 230 261 257 17 102 327 271 237 328 45 129 95 315 242 190 359 145 2 138 338 311 80 321 114 263 305 269 219 322 220 18 311 265 25 31 268 103 31 46 39 183 161 175 91 134 76 61 156 200 255 28 345 268 18 305 260 309 358 184 164 188 9 60 193 148 195 105 116 203 262 224 40 208 297 168 87 181 155 330 250 70 75 250 283 210 250 305 241 175 243 247 218 215 337 102 291 245 70 68 105 136 198 103 247 321 132 250 27 287 85 80 99 222 73 167 355 36 281 304 203 63 325 327 159 32 334 321 38 64 194 260 84 115 123 219 235 216 51 133 105 141 8 335 27 78 347 230 153 236 210 306 330 28 166 238 350 173 105 332 240 184 168 101 147 322 254 359 18 136 194 336 280 253 332 192 97 12 271 130 123 20 110 88 84 243 11 336 151 26 346 97 117 
356 253
60 160 138 246 310 131 105 344 166 237 30 2 343 278 302 138 301 253 99 142 314 38 343 249 320 276 296 22 115 27 45 162 38 122 133 68 124 71 233 337 354 122 290 16 11 58 152 75 349 277 301 91 329 54 94 205 207 84 348 1 312 276 69 268 37 233 196 42 323 285 34 99 38 179 124 212 326 322 304 90 83 110 81 275 192 0 67 234 214 9 278 106 155 116 100 202 203 278 112 127 277 145 32 121 137 71 177 138 123 292 26 316 84 358 100 29 286 49 104 94 154 206 122 347 345 126 260 4 239 250 177 187 238 95 55 357 211 194 73 123 148 50 27 70 165 278 262 298 191 154 143 270 70 169 229 56 288 94 106 42 85 222 50 271 89 178 136 325 157 313 204 22 145 85 16 40 86 17 178 259 93 294 163 129 124 166 359 67 138 49 210 7 145 49 100 355 314 279 221 110 215 322 163 31 218 346 151 35 125 138 54 22 56 113 325 73 75 269 148 319 53 150 91 308 147 340 326 14 115 155 112 304 331 134 202 131 339 307 211 330 278 344 89 359 212 241 213 244 276 137 128 115 129 161 79 125 87 124 205 14 4 202 269 152 350 42 115 210 31 143 88 325 171 72 232 160 229 251 222 85 259 135 101 322 168 38 179 195 2 272 213 203 142 221 338 166 91 161 69 38 296 348 302 84 152 118 26 153 55 58 170 24 235 359 87 282 252 193 340 353 74 334 175 356 348 23 248 357 90 100 156 343 68 75 104 55 177 317 219 44 294 13 284 138 142 130 311 121 78 82 161 149 102 291 96 120 
100 15
77 67 200 196 347 210 103 195 334 223 153 350 226 30 40 131 260 265 41 104 143 358 289 224 9 64 249 132 177 354 333 353 259 261 224 108 312 84 288 88 121 290 186 190 25 77 250 137 186 169 107 244 43 207 282 258 117 286 134 4 184 142 339 236 123 98 248 45 88 57 246 289 223 217 168 256 144 87 190 300 305 86 231 244 30 269 107 110 121 19 186 128 222 338 174 131 155 116 166 164 
100 312
258 139 18 327 136 56 330 263 303 307 126 349 315 55 287 302 299 323 52 207 192 61 270 211 33 295 31 86 255 152 196 96 286 47 44 309 162 145 83 170 303 234 341 47 245 121 164 59 155 113 264 259 147 307 156 291 224 132 82 303 14 309 24 203 348 124 172 340 191 206 168 322 11 331 289 101 119 266 1 181 199 227 77 212 92 328 295 327 199 7 167 301 73 269 340 61 59 325 252 167 
230 130
288 301 354 316 293 166 146 47 175 355 241 14 29 110 134 76 207 113 121 203 345 106 347 21 318 129 267 19 15 60 161 317 103 218 147 159 161 88 35 241 326 295 160 167 66 344 118 114 156 327 268 226 308 234 162 197 127 307 307 243 67 100 193 356 263 125 157 84 183 18 346 179 118 68 108 176 28 49 25 251 294 100 291 63 48 68 352 102 287 299 219 14 356 111 248 189 337 312 99 357 126 1 27 227 316 52 145 132 105 347 84 202 288 169 131 37 64 61 32 271 50 0 27 166 218 334 141 332 121 254 58 275 164 43 70 164 91 237 273 147 310 88 57 10 232 188 125 307 28 201 345 288 223 261 63 81 297 302 255 170 33 287 215 46 200 84 272 218 184 194 66 252 192 289 335 166 219 117 331 149 347 267 113 103 46 51 274 31 87 258 339 147 337 309 229 179 198 291 93 312 110 64 67 295 89 124 154 256 164 283 302 173 294 351 320 238 260 283 326 278 198 138 46 4 146 17 165 244 157 286 
109 244
107 45 50 127 72 222 321 337 196 353 322 93 236 32 353 89 197 117 202 74 26 256 248 18 163 0 180 153 340 220 241 195 324 236 19 94 189 230 4 246 88 162 83 1 333 243 122 100 14 294 119 357 130 138 235 157 243 163 290 28 77 97 86 187 267 33 59 278 282 67 257 122 234 83 279 72 97 111 285 110 33 275 344 62 201 171 50 43 135 184 17 326 358 278 66 278 248 307 316 239 287 240 257 93 156 127 165 153 10 
39 209
14 294 175 73 278 318 247 172 106 34 115 331 132 186 160 255 145 117 110 312 70 244 265 105 299 306 120 162 126 7 329 296 53 55 308 195 309 328 67 
211 212
195 139 298 237 1 0 202 174 190 268 257 310 113 200 168 30 293 55 194 158 76 319 183 171 307 124 266 258 310 120 153 16 151 235 172 297 37 83 39 132 313 58 93 227 87 134 21 287 17 257 303 115 167 288 207 311 249 171 254 109 267 15 250 32 196 329 331 213 155 189 258 102 144 223 101 336 302 313 230 61 176 8 255 291 298 238 54 132 132 335 18 249 298 58 340 67 226 165 170 245 274 15 69 266 51 47 125 192 230 317 218 31 239 178 316 249 349 240 50 73 32 316 163 343 190 83 181 336 154 130 7 44 84 205 96 132 256 0 205 4 221 27 151 74 266 145 100 189 329 31 288 274 49 310 347 208 0 90 159 203 84 2 317 194 269 229 23 4 317 112 20 100 83 182 102 114 268 38 211 74 8 339 13 253 283 144 240 142 316 331 79 97 316 68 301 171 345 299 106 70 87 18 78 142 299 315 181 183 25 44 299 
51 8
274 14 68 269 33 70 178 237 84 20 183 311 323 145 248 354 91 16 285 261 177 176 56 136 29 356 271 195 262 333 2 264 93 145 213 55 124 348 106 210 169 9 191 232 42 230 77 17 202 238 345 
5 285
91 2 134 199 289 
218 109
188 53 298 28 305 331 288 213 217 103 212 199 339 146 294 124 67 133 1 51 17 196 339 181 256 241 192 38 64 334 70 339 175 334 88 243 322 342 233 23 162 214 305 120 214 159 138 182 257 29 121 345 131 176 22 348 319 134 238 214 344 259 190 42 320 158 190 25 123 45 337 334 111 121 171 189 16 188 24 76 22 127 340 110 344 44 237 39 69 359 2 97 315 54 224 250 333 288 235 235 172 48 67 293 38 37 109 139 265 91 93 275 326 327 24 139 313 159 89 91 78 248 175 65 21 188 127 264 97 212 234 64 29 53 130 156 275 273 73 318 352 339 275 122 16 254 136 12 75 245 213 182 62 199 340 130 14 235 272 25 70 336 282 60 227 335 187 216 194 153 158 306 109 179 269 50 125 304 226 193 258 248 101 115 330 69 11 356 146 126 299 228 143 313 129 140 303 132 5 234 110 142 284 146 216 62 32 182 188 48 254 168 17 215 277 344 275 169 
192 52
298 81 126 34 213 221 151 40 136 87 357 214 96 135 91 265 30 326 32 89 238 186 157 99 268 238 285 221 330 120 51 342 268 151 42 73 117 342 98 189 292 178 305 122 297 61 261 89 75 317 289 153 200 19 112 11 111 336 2 26 215 154 319 140 97 35 227 150 280 27 221 157 251 27 50 242 343 17 217 255 76 271 12 120 325 242 95 343 45 43 318 335 224 306 52 105 262 293 85 269 98 3 94 229 174 323 338 330 69 115 253 171 345 178 315 319 108 312 157 293 324 110 24 216 123 145 141 8 320 256 34 149 185 205 196 36 232 198 122 304 158 237 236 217 148 138 262 106 183 54 44 342 55 286 287 244 195 303 28 350 119 133 143 254 223 299 130 332 140 220 86 334 355 145 2 254 87 155 313 51 45 160 236 282 209 285 13 313 167 33 350 103 
33 338
158 357 292 352 63 207 298 46 353 344 20 132 44 317 236 170 230 238 170 231 260 28 129 242 302 149 39 48 149 41 243 35 349 
175 141
187 118 64 124 251 292 199 301 69 212 283 252 104 116 51 175 158 0 172 290 174 242 79 143 88 156 5 240 334 6 177 291 314 25 85 354 189 342 220 64 83 161 87 45 1 277 81 178 60 239 209 80 302 58 115 220 157 29 59 2 49 78 325 299 338 45 50 65 160 42 189 211 121 298 186 197 122 279 342 140 356 276 227 19 241 186 166 101 318 184 187 5 285 212 17 340 163 136 118 104 302 174 215 200 213 217 335 277 6 207 6 57 84 282 314 102 308 23 130 12 154 219 49 62 2 337 264 152 281 70 102 239 261 143 39 211 207 168 351 260 250 13 319 349 352 250 115 207 142 338 304 229 325 273 174 143 353 260 137 212 160 57 210 57 215 344 119 246 349 80 246 297 157 161 213 
291 41
302 114 10 217 50 198 35 87 74 170 195 80 23 256 345 13 295 127 142 238 120 356 315 176 62 317 81 39 136 50 293 359 22 358 53 292 13 278 146 141 51 14 318 258 6 195 23 63 346 311 198 230 22 340 143 18 116 247 240 357 344 89 265 297 180 333 151 351 286 49 168 280 326 293 295 356 65 312 43 2 157 257 105 169 176 170 28 343 74 141 115 340 194 43 75 235 46 251 40 243 130 50 112 101 23 83 343 168 47 223 90 238 298 235 353 331 306 266 239 124 46 110 277 42 233 161 97 197 333 343 136 60 245 58 293 50 321 51 196 232 43 18 309 153 47 171 138 81 97 18 296 51 253 352 133 24 329 205 99 21 113 264 351 128 200 197 45 219 115 85 282 129 108 148 25 130 301 321 91 62 73 49 231 273 178 44 119 84 250 202 72 189 123 140 296 200 316 179 148 249 291 35 84 227 48 125 272 55 138 182 186 82 132 42 76 299 198 295 307 10 276 131 37 283 342 47 224 176 34 253 274 29 80 142 235 272 344 132 306 53 242 73 195 330 320 201 2 197 239 319 30 202 359 211 59 0 220 105 6 281 43 343 222 158 162 83 280 343 352 146 59 299 206 310 57 270 162 160 332 52 347 202 77 116 225 282 32 148 51 197 233 
192 347
73 226 219 187 129 277 330 68 192 207 10 43 316 54 199 344 281 62 145 9 95 327 330 105 188 227 213 274 34 56 242 248 201 51 195 359 342 74 60 282 35 191 155 227 96 341 82 98 63 229 340 32 186 98 2 334 66 248 167 185 25 75 130 24 282 314 248 318 256 5 208 180 9 184 242 288 92 235 245 123 271 42 323 144 96 165 282 353 111 305 21 282 297 333 5 218 323 34 99 258 179 158 19 185 271 352 301 43 338 97 97 150 113 327 166 228 31 55 187 95 319 1 188 63 121 229 89 283 66 280 73 124 206 226 216 64 153 175 103 280 359 196 34 178 245 152 77 8 90 349 155 278 241 18 77 106 33 89 198 354 145 7 263 273 139 357 335 316 69 207 113 173 11 90 67 112 116 122 191 149 318 47 145 147 162 168 180 128 125 198 302 139 
25 34
215 117 199 162 137 7 126 219 127 280 104 8 55 275 115 298 80 323 351 26 247 287 173 147 316 
285 293
54 321 224 283 21 313 323 205 92 37 178 283 21 204 248 273 354 293 240 201 115 163 9 243 227 191 71 89 228 327 79 89 186 315 231 121 203 345 259 24 342 109 35 78 47 174 75 26 224 324 189 248 153 143 293 265 320 324 129 126 299 297 323 92 322 342 180 74 213 317 245 122 233 69 73 86 264 352 233 137 339 303 58 44 1 183 115 327 219 59 207 210 299 7 170 328 163 263 233 157 280 178 134 297 8 32 166 122 149 262 3 189 83 117 287 262 119 291 260 207 263 306 283 312 76 87 313 114 341 6 170 347 200 9 219 146 224 232 1 308 281 135 70 60 220 213 213 321 4 80 217 208 354 274 1 189 19 322 110 203 187 113 31 308 50 50 168 69 308 353 80 329 220 60 292 307 94 27 245 92 110 7 132 16 119 204 238 8 316 254 106 317 229 210 40 123 27 47 235 243 109 263 156 296 121 52 52 20 43 147 140 74 46 28 210 289 86 314 43 116 97 279 136 278 114 230 283 167 203 197 266 325 247 173 318 36 352 328 328 96 42 134 70 133 42 1 241 178 47 206 292 195 282 202 176 318 32 148 250 325 144 83 256 112 37 160 11 174 89 261 92 174 168 12 106 182 319 193 241 274 342 205 301 141 138 
356 19
207 299 255 296 100 25 33 231 52 53 343 92 180 236 126 317 93 170 8 25 126 12 172 6 62 52 319 338 221 200 76 348 318 24 175 111 100 12 111 18 184 149 316 152 287 102 177 35 241 215 286 62 203 189 300 272 268 37 218 186 133 61 90 253 296 241 28 169 54 166 43 185 144 56 94 90 238 161 290 268 243 163 30 230 61 34 289 142 281 263 243 146 171 189 205 63 114 51 298 75 71 338 359 162 94 262 139 66 261 73 276 85 275 300 139 266 253 249 226 298 300 91 245 194 354 139 193 63 254 78 196 295 207 38 83 191 304 188 312 59 3 302 168 302 297 68 164 352 194 203 241 83 287 294 345 114 233 156 174 10 252 130 320 330 70 122 279 91 297 41 121 202 331 165 150 184 349 204 201 359 107 328 284 320 176 126 165 12 178 208 165 55 179 355 281 295 303 344 24 351 189 279 167 214 288 180 302 65 135 150 67 240 290 350 176 120 336 103 250 111 250 158 202 191 16 311 45 196 310 4 170 72 276 158 80 242 119 272 313 260 127 33 162 265 271 55 174 253 189 22 39 137 305 310 235 52 233 42 130 292 101 263 42 171 316 330 254 51 237 199 318 233 191 32 38 353 162 148 65 210 143 83 21 327 247 349 93 46 180 50 182 115 351 201 355 124 64 114 84 120 336 186 338 51 0 168 165 136 197 183 57 271 284 98 24 231 64 208 282 86 201 65 242 27 143 345 8 126 79 179 74 127 223 51 15 6 155 245 23 74 154 112 171 152 236 270 111 332 326 355 270 242 231 335 302 270 
216 74
43 165 337 25 356 289 141 207 110 279 12 65 105 278 39 300 229 259 37 81 172 172 225 242 49 303 314 33 151 251 306 274 181 346 287 184 217 261 3 162 226 90 19 15 359 83 133 81 289 288 34 274 236 64 250 274 23 218 112 344 284 341 85 86 318 72 129 197 152 129 1 174 226 132 45 317 221 23 87 42 138 60 109 285 61 266 253 131 183 136 279 10 265 140 47 190 196 284 289 318 37 237 64 214 9 0 14 84 129 288 339 187 343 343 108 95 127 226 207 38 166 116 274 316 340 173 75 5 8 325 202 345 205 39 68 148 149 109 251 358 1 194 132 213 138 146 73 283 131 107 216 217 294 279 150 167 296 173 195 225 197 297 28 57 254 305 141 82 64 53 334 349 81 255 54 194 284 306 307 276 128 106 201 76 321 214 160 258 184 317 290 49 64 273 115 97 183 136 125 178 307 335 119 160 240 356 202 10 159 187 126 153 88 1 109 156 
165 347
354 300 8 300 239 28 141 168 90 117 277 176 347 236 272 195 14 38 114 73 348 243 133 28 77 198 165 341 84 68 301 248 101 214 206 324 109 334 130 238 304 182 170 234 246 45 41 313 310 35 36 141 195 263 186 294 89 69 32 26 164 69 244 348 292 58 348 351 254 161 260 134 63 197 334 42 268 174 269 141 99 293 49 315 315 18 128 172 127 309 311 287 95 43 300 327 167 186 35 87 91 15 38 230 285 13 150 119 343 139 66 184 335 66 70 141 54 199 17 9 287 156 230 97 301 253 231 131 353 352 255 269 221 36 210 147 42 47 49 29 290 293 324 161 307 329 328 124 303 64 317 263 277 87 301 118 238 211 246 245 143 137 87 74 212 
113 95
77 324 286 320 80 33 9 231 98 114 61 183 183 321 109 236 27 174 202 74 283 78 303 11 219 143 334 206 237 344 152 96 314 301 148 334 14 38 232 273 221 312 151 59 57 200 200 255 76 130 296 124 218 143 95 284 357 39 238 248 178 211 18 0 78 286 249 207 266 246 282 108 183 45 155 24 215 186 189 55 298 304 254 28 1 83 254 57 167 246 173 315 355 103 47 248 108 127 194 151 198 321 124 14 235 18 216 168 240 312 196 1 158 
357 321
124 312 61 146 11 181 3 200 2 282 209 254 109 91 136 44 79 162 29 240 26 45 52 286 278 229 130 321 147 177 102 162 151 246 64 42 119 91 7 148 258 253 245 25 159 114 94 274 342 247 162 29 303 222 179 189 227 184 289 251 319 167 272 121 109 1 17 344 305 124 78 284 243 341 68 255 24 250 357 248 351 305 219 86 49 206 213 335 237 351 59 40 63 352 95 183 350 49 335 145 228 255 37 320 130 196 275 114 170 290 132 213 292 321 178 182 52 37 282 107 138 67 24 268 253 315 174 8 17 101 226 169 271 70 6 246 106 170 1 337 49 121 308 316 149 239 254 214 133 64 129 145 56 297 236 14 10 34 278 346 98 319 94 203 336 354 291 43 356 154 98 180 148 90 71 243 320 334 349 187 0 302 266 77 267 316 318 5 295 300 120 275 19 93 205 7 323 216 26 290 240 181 150 194 116 167 144 309 22 29 318 188 217 357 168 214 358 338 140 347 40 12 155 126 216 313 215 219 65 18 52 137 131 255 193 10 266 229 214 161 358 14 157 80 226 127 156 177 133 241 213 56 130 262 305 271 259 38 132 44 181 83 153 150 209 150 54 26 27 339 196 88 133 196 340 294 278 340 0 317 240 324 352 109 160 102 276 59 178 97 225 301 205 287 167 176 68 245 121 179 196 111 124 344 185 296 240 12 167 125 319 54 337 216 272 30 137 71 38 253 131 167 146 239 87 100 251 321 183 112 54 328 99 96 260 356 198 204 107 65 264 314 87 302 284 129 182 206 344 63 56 39 16 238 189 351 170 
124 324
33 121 202 188 64 35 129 69 289 86 285 18 149 95 309 275 349 133 251 60 162 156 22 150 170 216 39 213 28 165 186 256 253 38 267 99 301 270 231 41 330 300 323 247 37 351 13 142 9 151 205 20 135 290 23 226 191 239 268 129 120 36 2 184 210 197 132 114 21 178 311 2 161 55 331 205 120 210 233 176 99 337 99 104 3 52 316 20 83 115 331 73 169 84 274 151 267 44 157 294 149 183 87 147 77 325 7 91 334 84 21 39 12 34 50 120 187 321 12 185 239 79 358 222 
352 34
59 163 124 342 239 290 227 291 348 251 60 129 284 294 249 161 127 58 268 185 244 212 56 306 71 112 69 140 185 36 33 5 244 229 209 268 23 276 214 25 75 244 164 45 223 80 110 83 55 4 24 248 221 220 147 108 177 238 87 60 342 15 37 244 13 68 135 65 84 43 284 249 194 116 168 181 209 75 56 23 3 258 238 309 112 194 333 102 13 114 259 119 136 347 221 89 156 104 151 205 64 273 241 139 309 203 196 82 322 209 354 259 23 148 308 331 308 94 185 226 215 154 114 162 329 96 300 124 78 323 74 52 234 26 199 255 297 233 104 359 123 71 318 246 131 175 310 17 236 54 344 143 260 71 139 161 177 341 262 83 305 207 234 130 301 109 66 298 68 281 3 352 156 260 354 336 33 358 62 351 68 265 204 232 119 302 143 141 153 339 31 278 183 124 34 68 126 186 225 284 272 3 352 250 136 120 86 264 344 84 298 45 261 248 208 293 195 233 324 329 304 224 33 115 341 225 96 51 110 80 12 58 21 257 336 71 131 310 66 257 221 320 116 357 74 58 210 72 156 272 272 38 240 139 49 26 3 56 207 324 241 204 151 93 114 275 37 158 200 173 120 244 63 57 40 323 146 252 175 113 14 118 115 292 163 281 193 317 256 300 160 125 146 316 36 40 119 280 263 22 94 228 336 219 64 228 300 26 270 139 137 206 172 292 108 346 331 206 81 288 47 230 347 302 231 269 157 197 55 64 171 148 305 131 103 16 132 331 194 41 126 314 21 44 301 12 71 162 138 97 41 250 
346 169
64 136 11 81 75 139 322 80 103 33 217 25 269 16 354 283 179 30 328 49 257 48 264 270 0 292 240 227 142 231 127 223 315 13 44 53 247 20 125 350 209 266 60 156 167 304 284 249 86 131 322 219 173 24 124 327 334 217 308 95 101 89 308 150 46 43 131 190 12 357 327 233 130 317 115 16 96 207 357 164 154 208 235 308 48 9 183 349 238 116 133 324 84 12 52 237 150 177 335 247 131 329 243 158 46 255 13 45 252 69 205 48 112 311 176 297 11 262 35 28 71 256 193 45 81 313 171 203 272 52 10 100 209 269 121 329 331 24 318 19 184 315 140 343 42 208 312 195 298 217 191 153 2 96 276 267 143 134 26 130 164 11 157 48 139 62 8 13 6 103 45 333 283 292 178 108 350 15 207 154 16 288 227 191 28 279 106 179 67 120 48 229 81 137 111 224 203 142 90 20 292 148 193 324 356 188 334 245 338 112 213 109 225 161 208 268 201 258 346 221 101 293 191 284 68 197 176 328 11 290 190 338 97 244 34 153 305 131 312 128 247 69 261 3 307 326 63 273 316 102 136 337 231 165 243 265 119 77 11 175 208 137 220 245 347 265 257 6 194 105 75 182 121 294 147 152 349 273 228 146 270 106 219 155 354 66 319 265 154 146 139 151 117 143 258 109 172 66 357 51 103 299 322 249 161 327 108 277 226 143 323 239 290 58 52 161 30 304 186 151 287 347 84 317 307 280 38 355 217 305 329 145 117 278 185 267 20 180 286 293 47 177 179 198 296 206 
263 267
133 270 6 191 220 337 211 90 40 201 355 100 278 67 235 344 152 164 28 39 234 358 221 144 271 297 145 59 159 328 243 83 163 242 271 21 46 74 188 277 359 213 271 153 211 288 287 249 170 62 158 182 237 347 264 207 262 62 17 8 27 28 185 316 94 34 53 329 329 125 152 73 151 76 274 248 173 296 196 298 189 139 86 355 165 75 70 221 41 224 72 298 70 261 155 148 168 194 247 4 317 37 153 198 121 53 181 237 177 168 194 62 46 333 38 224 134 204 3 128 145 70 85 73 323 334 264 202 135 132 295 178 165 130 53 104 311 13 12 14 18 261 247 176 324 140 336 259 77 308 107 300 72 118 334 357 324 63 227 282 146 191 356 37 163 118 325 326 259 190 51 37 139 26 322 173 357 86 29 290 287 134 38 236 317 183 134 2 44 52 105 320 101 146 154 29 349 328 247 25 255 13 255 96 0 78 322 307 67 303 147 229 282 67 158 277 169 319 93 118 275 99 231 329 39 198 135 247 251 320 243 160 312 270 83 208 243 303 221 175 355 58 271 154 54 179 50 126 45 252 121 53 176 277 265 185 247 233 356 35 155 311 304 
264 89
133 128 80 317 230 12 235 61 88 56 276 143 256 262 227 320 75 114 80 15 203 325 240 128 118 257 159 259 309 88 245 279 191 292 165 152 72 243 15 191 345 320 191 270 324 278 185 121 298 28 22 279 161 24 310 171 164 277 64 205 73 160 175 67 24 283 262 226 285 127 109 11 251 70 256 75 286 317 70 114 335 249 341 275 79 240 56 75 102 41 259 63 62 317 134 172 83 12 72 7 222 116 347 297 191 262 296 280 117 268 42 240 301 311 66 165 37 266 267 59 161 189 180 205 216 244 227 281 289 239 72 319 96 299 4 330 240 359 241 201 192 339 98 217 158 251 178 103 260 295 75 344 49 259 44 182 266 128 230 191 250 330 233 126 118 305 294 64 133 178 207 62 22 110 125 263 111 263 267 302 306 82 328 355 354 229 327 333 314 56 153 240 77 171 212 171 335 81 52 95 69 213 124 232 205 344 38 221 62 353 340 83 133 277 126 179 5 247 355 135 79 216 117 160 292 309 319 346 108 47 116 148 188 343 23 261 20 331 56 265 314 155 102 43 41 155 184 171 240 133 202 30 69 1 307 112 14 126 93 147 168 183 326 1 
167 142
39 147 40 68 126 68 287 280 339 20 136 12 50 31 166 179 337 146 284 90 203 230 149 349 73 285 182 243 191 329 159 354 49 61 173 105 325 278 63 349 31 359 130 259 281 31 246 322 303 102 178 244 314 158 211 156 260 225 171 239 48 322 290 173 64 187 122 33 69 31 246 29 264 117 335 91 237 279 106 353 258 165 313 163 328 35 306 284 219 32 310 158 116 223 53 311 296 244 184 174 249 352 308 177 117 283 161 306 12 245 285 87 261 81 188 60 288 272 198 306 231 109 247 234 71 103 165 128 202 334 330 123 348 126 298 56 114 78 107 57 349 272 198 160 312 169 197 301 93 72 290 346 92 33 15 94 342 281 339 286 110 220 338 253 337 174 23 
86 142
269 167 256 50 83 333 224 350 172 261 27 251 142 228 219 257 143 246 286 84 279 2 171 165 55 274 151 352 76 228 179 192 227 305 154 346 66 104 170 261 279 155 229 130 160 330 50 6 26 281 275 292 35 61 65 326 232 198 183 173 86 88 235 158 243 273 192 248 261 14 170 14 292 268 1 353 352 113 229 274 33 58 307 71 4 26 
338 323
55 38 256 116 273 246 90 155 316 94 129 313 56 12 143 322 112 200 249 268 313 187 331 33 188 48 318 346 103 116 13 176 197 293 281 100 314 126 4 223 229 2 142 94 194 249 258 161 243 255 173 122 159 38 143 140 73 119 26 44 201 115 42 63 232 289 301 77 186 151 0 32 204 138 225 195 215 158 62 284 16 141 24 86 119 215 259 82 10 283 173 275 160 183 111 62 311 74 220 167 342 184 141 255 314 11 167 297 181 134 7 112 241 221 136 49 342 142 31 65 179 321 186 93 203 1 86 159 120 289 153 309 274 167 215 303 9 304 242 202 13 97 210 214 19 298 225 220 182 273 118 18 347 255 285 98 202 104 50 33 158 342 259 146 133 241 315 196 30 307 338 304 269 20 124 324 121 316 263 84 44 158 176 234 245 176 97 112 84 47 115 33 280 97 202 246 44 248 222 52 326 135 196 321 14 219 103 40 290 126 187 130 230 193 175 246 43 284 47 154 114 201 178 289 311 29 64 106 277 163 235 5 150 216 58 78 270 58 188 308 356 4 0 94 78 122 247 147 348 170 81 280 113 84 301 115 82 157 39 256 199 220 333 66 272 205 264 283 162 276 127 200 301 159 354 247 339 191 93 76 136 44 341 217 354 35 35 205 208 79 139 21 41 118 73 286 20 314 22 235 35 340 179 282 170 40 251 56 64 348 271 33 239 69 231 20 80 253 342 253 157 199 195 159 11 161 354 9 204 353 98 98 348 13 355 44 237 185 
89 159
134 146 112 250 268 84 137 148 254 266 304 354 19 160 208 82 316 45 111 236 210 247 104 159 123 352 296 215 162 23 29 114 116 91 166 280 114 154 257 84 48 266 185 275 123 29 83 203 149 93 129 72 280 152 239 71 4 175 204 197 231 343 195 222 325 44 70 166 218 119 236 178 225 320 183 14 82 40 200 139 141 241 122 39 84 6 102 23 86 
264 77
88 50 250 143 153 281 357 318 261 177 268 255 127 23 126 96 305 109 8 15 314 193 347 42 164 34 297 109 79 284 192 347 237 230 322 34 110 246 316 87 78 138 191 321 145 137 333 317 249 85 307 42 157 112 308 8 340 29 222 344 251 233 311 167 70 118 139 50 273 267 261 116 261 39 235 51 119 93 204 128 67 329 342 51 68 190 169 305 161 35 116 97 45 296 29 354 115 215 325 259 126 283 204 92 71 315 89 335 105 292 321 226 272 172 138 343 184 48 332 8 254 232 3 316 139 269 166 44 84 351 150 43 350 129 312 295 70 303 241 259 27 249 62 19 250 91 80 213 87 301 33 138 352 123 183 257 155 187 51 215 29 30 77 317 18 138 181 321 317 230 4 124 162 286 319 219 216 229 112 349 141 323 300 50 226 268 137 357 143 286 135 337 55 95 19 299 159 254 31 12 359 321 29 175 215 277 348 31 235 27 143 335 1 319 110 128 335 31 124 22 334 171 179 322 296 18 84 88 220 180 206 89 177 318 129 139 97 87 81 307 256 88 336 329 184 50 111 335 141 153 318 145 244 326 107 268 107 37 206 252 316 154 10 38 
169 204
327 229 76 275 199 278 240 316 339 77 256 153 126 316 165 270 279 73 177 113 359 102 171 315 118 47 255 241 156 339 127 171 145 90 194 113 181 90 333 196 8 70 328 281 348 36 277 268 75 113 189 332 292 75 80 327 55 354 160 298 77 296 50 79 53 212 150 159 169 90 283 202 197 158 88 54 209 128 15 21 193 152 193 43 327 62 248 163 289 133 24 257 311 102 84 229 330 317 319 35 207 80 326 51 110 271 88 315 228 239 288 332 280 305 192 62 325 45 107 48 42 309 119 21 46 42 202 347 215 64 143 166 105 113 8 6 42 258 292 310 176 31 162 55 132 141 250 287 248 264 180 302 84 314 76 186 149 279 199 286 349 271 283 28 80 265 240 336 22 
