37
262 331
298 264 37 270 155 343 92 10 155 321 306 342 291 37 67 9 301 91 6 155 337 77 318 237 66 287 291 236 355 320 131 65 231 295 242 108 343 53 1 336 226 318 86 14 104 218 260 253 332 247 168 193 330 250 229 288 353 346 340 176 136 163 111 340 142 352 111 205 354 105 113 337 22 57 186 85 70 244 328 254 118 214 325 346 128 37 117 164 320 93 158 301 216 304 18 55 217 67 292 37 43 0 245 20 240 218 142 259 21 157 209 109 182 94 52 250 8 255 112 114 269 341 284 207 72 146 76 17 13 339 209 215 55 266 138 256 357 254 30 336 33 259 76 206 152 66 84 353 177 125 13 322 180 138 313 314 350 11 129 215 48 340 132 330 119 9 98 117 247 117 63 99 175 17 155 31 42 181 347 86 74 279 258 182 55 264 73 238 192 346 317 50 356 187 230 287 247 187 201 254 230 76 6 357 80 231 39 41 64 344 122 336 65 170 24 141 169 126 105 256 71 222 122 262 21 132 108 195 316 316 129 221 223 243 20 154 135 316 72 9 191 191 242 153 149 305 147 300 101 262 262 316 139 42 179 158 98 305 322 323 121 107 
223 29
62 118 344 331 95 235 309 358 342 183 124 112 40 299 197 259 262 324 176 299 184 226 157 325 46 216 64 220 120 171 281 147 64 353 79 254 179 340 283 255 277 70 157 257 320 244 143 67 87 219 100 92 353 309 132 122 311 158 231 61 244 252 118 66 274 309 337 180 122 17 226 249 78 182 249 320 150 262 70 249 78 65 38 119 118 73 171 347 356 15 356 290 224 18 331 310 149 262 42 182 128 217 54 342 48 186 271 61 198 226 153 350 115 121 158 25 125 339 48 232 174 128 72 49 46 214 27 159 283 278 256 128 293 259 12 298 114 79 356 245 129 56 197 75 250 353 129 142 25 91 181 102 324 324 48 359 315 306 298 250 352 255 60 259 312 9 62 124 2 291 340 306 217 284 257 87 63 225 145 171 299 35 241 90 298 96 110 351 54 18 301 159 182 10 328 330 202 73 325 25 40 1 339 304 183 99 314 262 24 107 164 34 143 270 49 7 313 322 279 348 147 187 152 
176 148
325 36 201 15 268 76 78 145 178 272 274 169 158 171 176 336 247 202 325 8 234 22 237 73 328 112 178 162 118 249 238 16 18 312 352 343 260 350 252 15 185 75 263 232 195 16 21 313 12 50 143 33 4 292 263 182 182 110 74 294 128 53 12 208 105 74 254 96 80 185 170 17 175 346 33 31 348 129 99 80 96 32 279 43 32 238 126 336 288 321 71 48 214 225 250 182 79 350 263 39 320 279 252 244 327 24 115 126 290 63 228 282 336 78 57 170 323 78 179 245 294 138 105 235 241 276 187 156 338 72 103 297 2 295 147 218 248 282 30 197 312 74 113 0 114 133 285 138 31 114 95 125 97 0 289 218 317 281 279 345 270 233 172 183 12 78 145 159 157 11 178 192 268 79 216 303 
225 250
303 229 268 237 110 324 332 290 192 284 55 332 328 24 15 218 62 246 284 62 158 291 36 271 124 325 218 121 260 183 205 128 193 91 221 241 278 285 36 263 209 173 64 89 144 94 97 163 263 322 262 217 146 138 144 238 139 175 0 17 242 143 354 39 332 105 346 326 36 283 330 131 47 192 77 237 237 247 111 261 185 355 60 241 69 242 45 282 240 42 233 60 12 329 200 20 324 32 334 199 219 293 28 75 48 319 283 115 31 352 74 271 60 334 56 293 119 355 231 305 248 85 13 60 24 331 245 227 7 196 45 342 115 209 38 305 338 338 261 54 330 60 45 48 18 165 263 181 157 292 333 53 251 339 215 258 279 54 128 287 300 208 162 205 322 206 117 310 122 108 121 166 31 153 191 107 92 119 245 246 138 28 319 170 58 104 57 66 39 72 126 49 305 222 167 139 283 249 152 209 317 226 273 322 132 208 102 58 335 324 198 320 262 13 280 211 150 116 124 127 278 289 233 192 203 
318 139
313 292 5 96 2 29 274 256 18 230 73 214 279 290 107 71 184 179 265 167 89 260 274 305 218 202 232 2 115 318 83 277 75 314 340 303 280 295 228 269 53 151 230 238 250 58 212 150 208 151 218 199 280 102 75 298 22 130 336 324 119 75 111 122 235 184 165 207 219 320 324 108 106 300 347 72 52 231 224 1 219 92 323 140 36 208 36 85 114 347 61 25 262 188 32 243 11 231 194 103 304 261 99 286 110 305 249 94 40 256 137 39 142 84 118 189 251 47 5 68 48 5 114 227 299 347 157 345 277 212 51 343 100 312 58 349 276 83 61 71 311 12 160 236 142 71 175 103 52 283 292 190 294 250 3 281 120 358 57 234 15 350 18 31 150 247 285 83 117 151 331 230 27 117 38 214 29 260 107 267 240 129 343 205 20 92 18 129 259 162 177 200 264 220 28 39 209 334 358 23 52 342 234 326 273 54 356 117 282 8 180 95 104 52 213 41 234 47 229 125 35 237 272 130 25 342 302 37 113 33 354 78 350 158 256 53 123 123 123 252 89 21 205 86 276 64 158 194 243 352 120 229 169 189 193 254 295 232 121 136 255 296 230 140 84 223 355 26 322 194 101 23 123 90 37 216 319 312 319 240 81 140 221 201 6 143 228 102 239 310 32 274 237 330 50 8 85 86 266 276 328 188 226 122 194 240 219 59 1 28 189 346 140 281 39 168 74 328 
286 179
307 298 90 194 174 88 112 134 267 114 82 10 311 258 210 14 287 206 66 353 120 226 334 87 80 194 181 164 23 307 260 99 228 82 123 215 80 47 3 332 195 283 4 351 316 346 25 347 342 241 311 36 238 314 140 87 165 41 110 300 38 308 158 146 33 65 315 213 220 192 191 136 267 302 135 95 258 167 73 149 73 131 97 332 272 113 20 293 238 240 159 359 159 334 36 301 269 93 219 147 193 29 347 227 3 219 280 275 237 255 166 194 45 329 25 127 286 276 201 200 295 195 240 205 296 29 105 204 106 182 218 213 74 338 9 319 325 318 80 82 103 19 42 85 197 287 314 124 283 247 97 71 189 19 303 249 87 159 350 33 130 139 80 329 138 36 319 102 156 47 109 356 94 318 170 180 236 182 105 145 234 308 124 264 162 88 116 275 246 299 192 192 18 181 216 78 324 192 264 251 165 225 235 96 194 345 42 76 121 173 308 222 181 73 206 314 178 168 28 28 259 49 220 3 294 153 348 120 241 30 75 206 26 107 267 211 26 327 198 240 220 352 132 17 90 287 119 317 305 191 138 208 320 49 195 154 38 45 163 355 313 70 320 115 261 52 151 157 291 353 118 335 85 331 114 105 305 340 227 121 312 327 230 160 318 239 
73 194
25 83 7 282 236 117 201 150 202 118 292 242 16 49 249 126 217 3 44 230 34 117 177 172 173 323 110 287 44 240 277 304 195 119 105 166 261 27 88 168 227 267 56 186 253 199 273 175 264 100 350 143 139 157 239 225 137 32 177 353 100 211 75 180 141 10 137 257 252 88 99 183 322 
264 84
354 125 149 33 197 283 329 161 225 38 63 148 333 353 83 310 323 5 239 160 188 313 104 19 312 82 189 22 62 205 111 12 48 92 44 207 0 303 119 223 40 59 267 246 3 119 59 290 214 75 11 109 303 102 201 329 346 183 74 317 135 142 102 79 160 164 10 25 316 68 45 340 331 28 98 300 232 168 53 65 353 285 274 59 343 109 180 20 322 251 57 144 339 144 128 210 196 201 74 266 86 340 232 281 74 6 36 338 265 231 110 323 241 157 27 300 1 299 98 13 146 99 335 286 290 48 135 186 16 327 287 337 104 224 118 283 142 111 299 146 8 277 7 195 75 182 135 213 286 113 169 91 163 120 124 69 152 75 219 72 25 297 166 181 57 157 227 44 341 238 66 190 3 346 166 86 71 32 345 301 305 219 7 118 232 64 209 154 339 14 83 171 262 273 281 341 344 327 258 289 216 109 282 111 332 167 69 206 132 60 10 170 219 179 93 6 95 339 56 115 164 330 25 106 185 142 293 225 287 318 108 16 247 164 322 74 14 128 271 200 260 75 80 168 152 249 127 227 147 199 108 272 60 73 216 82 56 292 65 189 45 155 62 23 
230 253
256 29 98 293 90 140 207 2 175 320 289 182 314 57 102 138 304 4 202 206 101 276 290 348 124 190 212 255 1 19 208 104 9 163 77 263 285 269 209 33 18 82 125 163 88 332 96 264 343 298 331 50 133 148 348 235 74 263 62 12 343 49 46 256 300 254 293 137 82 293 54 211 249 288 104 93 91 314 193 115 213 102 66 42 320 110 330 159 10 249 315 35 21 181 50 9 99 347 141 25 113 31 152 271 293 269 173 161 295 279 300 145 209 125 140 228 190 91 253 195 3 248 43 200 12 319 95 298 86 340 142 206 45 6 249 344 26 142 259 277 243 242 350 76 57 306 233 4 344 326 253 97 260 2 90 95 275 81 163 168 81 186 169 54 318 102 9 182 29 85 352 314 150 274 348 58 303 39 27 181 97 337 6 192 250 104 53 195 308 188 50 89 104 44 125 164 345 225 75 123 139 240 332 10 173 160 8 278 291 281 307 19 94 340 87 18 50 229 207 258 191 25 110 128 48 137 161 120 177 145 
220 284
148 239 264 322 313 158 113 157 34 54 213 236 114 90 348 267 76 352 272 7 312 306 191 308 26 197 17 3 59 161 272 273 175 256 141 98 113 220 150 206 47 277 14 267 149 324 86 113 248 306 223 50 101 58 263 32 144 207 345 239 12 73 61 173 66 67 212 121 14 138 302 109 272 216 294 184 112 350 268 335 289 84 174 215 303 273 65 100 8 235 104 3 157 89 77 217 342 141 237 69 219 174 227 266 359 256 96 343 284 326 138 294 79 121 84 175 282 335 218 139 150 111 340 263 260 31 275 332 227 136 48 339 218 155 157 25 178 284 67 27 55 182 209 46 13 124 216 141 340 203 248 25 67 116 23 7 107 325 279 83 129 91 303 54 60 151 168 245 345 278 230 221 137 13 89 68 326 63 8 110 285 284 298 306 118 207 274 63 26 68 287 14 165 357 79 156 143 20 55 96 358 119 86 188 4 334 313 218 352 179 180 270 120 243 181 300 167 32 305 262 
3 140
192 334 4 
121 256
79 155 345 3 352 74 75 148 234 88 156 120 252 119 223 63 115 325 169 119 241 99 301 202 258 344 240 16 57 357 34 260 297 272 265 233 154 2 26 351 229 76 351 110 324 325 324 202 232 25 58 138 116 131 248 114 65 21 260 114 176 74 22 316 210 355 58 88 204 148 29 15 315 253 97 260 325 21 84 163 6 206 6 257 287 178 319 353 52 79 261 201 307 299 6 27 311 152 33 301 82 4 43 230 176 25 171 13 185 266 15 157 218 14 311 91 328 47 8 276 47 
330 181
325 69 299 339 187 96 269 46 56 284 36 13 80 283 247 337 298 243 294 240 49 298 90 296 202 340 11 120 120 52 268 141 330 302 357 260 240 10 45 173 299 60 190 118 79 264 146 222 21 71 306 296 76 22 260 184 111 221 220 98 62 6 279 325 249 265 337 216 352 306 216 273 305 112 306 111 163 105 285 313 54 174 113 122 76 3 22 101 199 193 236 20 156 7 232 339 244 217 90 342 79 280 237 65 343 358 223 288 189 129 328 223 227 126 155 102 335 119 137 36 246 235 289 129 69 296 255 71 64 269 96 21 202 26 116 248 51 144 215 151 246 199 188 14 233 202 186 122 285 133 29 46 66 299 176 284 154 73 103 42 266 109 171 317 309 314 252 37 158 277 238 80 32 187 13 133 105 352 15 353 309 220 199 180 342 344 39 47 269 131 305 131 114 28 77 298 272 234 202 129 179 217 69 257 276 321 43 34 194 275 99 291 196 55 349 196 310 25 312 107 309 263 222 147 157 199 290 297 276 189 270 338 190 100 298 243 11 96 2 332 333 164 43 97 27 236 359 253 61 211 321 243 115 297 243 235 45 133 345 82 64 31 147 241 71 327 73 147 351 241 100 227 1 80 48 276 123 15 141 313 233 24 298 174 120 320 5 260 240 152 280 195 21 304 17 130 99 265 285 334 60 80 96 19 315 349 87 281 95 11 45 323 32 222 269 102 0 170 192 357 92 345 34 290 350 263 112 225 11 100 
228 183
157 228 243 93 13 315 356 235 310 149 260 272 49 146 217 274 354 233 155 71 239 73 226 181 171 217 238 351 111 8 129 156 279 345 357 60 88 119 0 279 125 218 291 57 25 352 157 85 104 302 337 339 290 231 21 159 316 26 168 67 104 163 48 352 29 20 59 148 87 14 356 82 278 206 147 202 61 195 351 211 156 7 118 111 240 126 274 335 199 341 298 8 150 182 354 258 295 177 319 18 98 119 304 168 99 190 270 206 358 11 348 156 104 292 57 254 283 98 41 215 313 335 251 152 250 30 73 166 193 10 71 51 198 140 176 286 298 55 162 76 195 245 163 165 136 50 261 51 316 83 207 190 89 357 293 284 190 345 294 191 286 139 74 148 137 57 211 162 342 48 30 141 357 150 337 238 79 3 234 252 283 182 297 157 349 26 232 32 109 93 147 339 203 94 140 77 130 313 185 348 52 86 220 17 179 249 128 291 179 134 130 54 226 199 66 145 61 27 348 47 329 138 143 225 115 152 243 283 
268 167
351 321 294 116 53 181 63 289 32 270 100 334 110 281 72 226 181 275 256 191 74 50 177 178 165 59 49 286 35 307 322 21 31 118 305 3 48 316 325 79 262 314 38 198 264 96 227 14 325 330 50 21 53 278 204 126 303 288 183 299 7 337 156 217 206 33 5 81 70 299 171 42 146 88 256 206 3 249 332 66 49 100 98 316 314 104 355 280 25 257 342 316 251 12 266 108 168 303 197 82 249 70 238 192 83 135 318 127 142 329 112 26 186 275 31 33 92 189 266 113 22 262 275 230 277 171 4 47 120 328 71 355 345 67 68 135 33 206 235 24 65 110 331 49 299 291 33 297 120 178 21 318 230 31 311 343 305 156 254 61 107 45 331 100 238 170 126 147 27 9 70 25 358 184 250 99 329 39 288 25 319 309 37 187 229 297 126 44 256 328 95 202 335 312 141 178 255 301 56 356 205 1 352 354 229 282 192 163 329 253 29 216 107 114 271 180 153 252 298 128 75 305 266 322 338 288 14 126 168 355 251 356 229 348 117 276 341 203 114 312 319 129 319 209 199 205 83 277 200 9 121 233 23 140 145 306 144 64 29 90 104 220 81 269 20 260 212 202 
61 293
163 36 305 342 317 180 252 204 275 340 49 45 349 43 340 124 92 303 201 323 248 195 221 45 307 149 209 78 10 292 339 80 134 304 49 243 319 160 198 258 283 292 283 344 87 206 47 103 62 45 323 325 224 257 56 232 250 300 192 353 260 
15 150
24 215 267 50 222 12 180 287 43 244 339 116 186 311 282 
220 338
177 160 208 242 105 4 86 211 134 171 63 86 194 92 154 80 52 13 101 290 38 159 117 236 23 120 184 56 153 131 188 139 58 207 357 67 300 249 231 82 219 295 293 286 340 278 250 113 99 161 142 149 226 77 23 313 112 149 256 200 209 301 177 235 130 315 22 329 66 359 46 319 110 192 151 223 171 72 100 47 322 29 46 51 60 31 127 213 140 51 267 39 199 265 342 169 48 19 165 326 119 94 220 311 3 305 333 66 223 243 319 247 264 269 283 76 299 337 73 92 119 228 36 69 169 162 270 23 281 143 301 61 312 2 315 337 106 72 311 286 208 266 342 179 57 236 95 154 105 299 62 186 329 56 215 352 171 277 28 42 112 178 340 271 315 4 176 321 155 43 173 280 183 43 50 286 262 339 60 170 36 268 58 229 81 234 303 104 322 58 50 202 261 111 314 50 135 220 115 297 211 72 203 336 158 118 5 91 188 298 221 253 195 5 210 281 275 191 85 269 
286 304
120 105 358 327 52 326 180 213 95 300 231 23 337 140 315 113 89 54 97 109 105 291 144 339 286 280 26 10 53 239 285 56 276 73 192 353 19 95 264 204 273 76 160 314 182 297 222 80 212 56 169 329 14 340 63 51 29 26 64 244 26 173 105 129 300 349 234 255 28 61 276 50 7 349 300 19 262 309 9 257 35 85 128 8 324 232 256 342 278 208 175 192 218 54 18 74 269 159 44 262 207 132 297 295 134 187 359 172 3 189 256 237 241 265 240 52 14 65 178 190 91 177 174 200 239 260 319 146 333 150 16 355 191 115 78 308 22 127 337 306 144 271 287 30 52 348 293 100 204 3 228 168 44 272 147 65 315 139 321 19 88 39 143 228 173 8 25 332 188 13 34 190 267 80 161 176 144 122 238 137 346 101 214 297 55 357 89 41 194 223 265 67 298 68 320 19 43 59 228 326 244 162 263 37 284 146 315 296 107 295 188 253 29 228 343 37 19 97 79 127 148 126 61 157 257 304 88 345 129 275 269 350 351 251 155 119 13 156 317 89 5 138 35 322 39 332 148 186 46 201 93 69 306 277 2 250 349 281 356 280 71 156 306 250 28 216 45 268 155 284 200 39 297 284 65 134 161 106 143 301 318 268 79 292 136 278 
157 73
163 333 97 169 0 328 123 75 11 45 13 181 273 237 298 107 180 299 50 257 56 33 268 61 3 315 129 268 16 263 198 292 84 175 157 275 191 276 99 354 77 355 245 51 127 287 356 100 166 197 252 298 17 265 72 357 58 250 323 43 100 202 238 57 256 99 159 11 218 200 223 148 209 68 100 119 282 39 41 311 114 231 309 180 67 357 21 346 260 36 54 323 285 309 101 352 18 316 241 181 150 7 87 160 129 341 326 27 93 70 201 230 281 329 342 93 194 357 148 76 191 131 326 262 248 38 91 280 325 141 164 287 344 87 175 136 193 74 357 347 135 142 268 37 204 71 301 158 92 64 140 207 279 323 172 207 79 
139 161
205 147 44 65 52 356 158 232 186 163 49 57 102 80 12 151 85 43 317 119 207 114 304 199 147 72 250 289 256 238 238 222 121 355 227 115 131 322 149 196 205 261 276 218 294 236 187 126 137 122 162 154 244 230 279 297 80 42 38 169 295 78 174 51 310 3 192 71 3 337 305 291 111 279 236 350 143 253 35 74 42 60 260 26 258 241 75 75 318 296 326 50 157 319 87 311 230 63 314 344 91 1 181 286 250 190 109 45 182 275 95 214 308 51 255 318 128 314 12 324 160 243 224 148 135 230 332 343 243 127 322 281 344 348 139 157 328 2 177 
339 254
91 126 40 188 258 78 259 160 292 60 79 165 29 180 70 134 268 182 103 354 129 99 283 259 147 195 117 157 207 224 196 234 147 316 211 303 215 182 259 264 119 270 107 328 160 29 46 336 116 3 64 169 4 60 349 114 320 271 107 100 69 23 256 285 130 257 125 214 202 60 329 140 239 220 356 135 233 17 322 234 193 178 215 325 272 359 350 315 218 61 263 263 358 163 281 293 3 20 356 65 160 171 145 253 37 100 99 330 117 93 347 314 331 132 0 294 187 170 4 331 177 113 50 288 296 159 147 188 297 113 298 322 177 177 346 262 331 149 96 114 43 145 147 111 211 299 49 317 259 231 29 111 299 237 281 77 290 191 19 24 269 287 283 193 194 57 166 124 330 73 182 317 177 272 171 339 275 81 200 206 158 187 115 244 89 316 58 195 134 337 3 79 285 94 69 155 275 284 83 321 255 226 35 295 358 128 33 92 70 92 272 290 61 357 120 47 71 132 169 168 0 38 122 20 104 332 45 203 275 103 213 172 252 176 313 312 313 289 7 143 99 356 170 145 6 285 48 213 136 342 265 73 263 29 183 100 111 275 50 315 354 250 69 310 268 112 106 347 230 75 66 6 263 129 24 101 25 132 197 261 50 229 291 326 240 260 117 187 320 175 30 148 191 214 214 43 348 190 312 116 211 221 35 297 320 153 93 328 229 101 295 44 271 244 262 274 70 224 174 239 124 359 249 277 202 102 244 225 282 96 139 108 132 231 128 125 13 228 306 
183 10
126 175 36 160 47 276 314 330 274 293 109 288 140 341 298 151 330 156 307 30 154 119 7 5 107 85 24 318 98 277 90 42 195 186 76 113 228 257 328 289 129 273 316 100 23 240 130 159 62 196 123 116 242 202 136 309 44 15 248 74 211 357 340 186 286 266 168 8 351 126 214 316 154 2 107 180 225 129 147 81 77 107 81 45 225 70 136 158 92 219 276 202 13 209 98 291 8 294 88 95 119 344 215 176 28 102 135 75 244 332 151 56 110 194 341 300 226 247 269 137 225 252 281 220 48 321 167 335 10 125 359 274 270 153 320 225 306 175 332 320 286 27 312 205 105 331 38 117 348 187 298 331 135 200 123 157 290 313 108 258 60 312 349 315 4 156 329 283 200 336 144 306 95 323 225 41 324 136 262 63 240 339 64 
150 118
330 1 142 83 68 131 270 338 34 304 134 270 85 314 67 186 0 226 250 90 257 98 83 215 339 58 219 222 67 59 305 123 201 54 108 45 333 272 170 206 167 201 215 250 66 12 128 348 165 298 149 165 340 304 19 290 271 269 93 141 285 350 328 179 322 194 26 203 51 156 162 355 40 246 96 266 141 86 265 277 329 26 277 94 234 64 210 79 33 62 218 146 245 358 103 18 327 192 49 250 164 7 86 303 187 198 174 245 289 71 210 260 206 225 73 132 238 194 229 255 277 28 222 24 205 121 202 324 184 172 78 292 220 140 120 273 351 245 187 216 2 335 4 290 334 123 295 298 143 309 
349 90
107 339 269 105 94 304 299 71 5 281 246 319 148 218 111 95 23 113 335 273 231 334 252 276 287 64 298 125 173 165 216 302 103 260 34 102 208 232 315 197 50 14 254 146 289 291 205 174 353 222 82 199 179 272 200 210 52 250 314 106 249 88 197 120 225 133 248 268 341 239 126 256 110 31 212 285 284 315 16 158 243 315 3 41 70 115 14 225 333 85 195 249 311 49 75 23 99 335 327 166 276 148 224 167 119 278 337 312 14 325 344 39 158 322 25 186 92 246 70 90 230 8 147 216 301 8 339 15 157 173 256 307 96 296 299 263 52 81 68 240 196 315 23 305 331 99 50 141 44 354 3 329 356 109 173 295 348 115 181 200 276 243 240 288 334 261 70 235 338 136 59 14 97 137 359 204 262 16 254 191 56 143 86 230 92 65 85 65 208 234 215 250 186 334 29 176 22 80 194 126 16 216 78 221 130 300 335 338 52 220 176 313 269 331 200 250 51 354 21 173 352 298 299 12 105 143 104 11 175 192 55 107 285 338 140 132 242 247 92 66 114 143 16 113 123 56 242 244 201 237 85 69 11 25 117 324 289 359 149 228 54 332 302 100 322 2 87 145 130 174 163 12 257 198 325 298 49 45 352 332 178 23 285 191 158 159 170 134 302 157 232 332 246 230 87 226 75 17 18 307 180 185 183 56 146 275 251 99 274 3 203 52 185 53 41 208 10 74 90 331 97 23 186 125 94 259 157 246 67 330 59 252 88 249 90 355 312 6 326 326 344 333 251 17 139 247 12 310 118 
170 174
76 166 101 25 328 348 308 311 244 91 218 38 225 123 101 18 8 133 264 126 30 133 213 21 284 54 89 23 60 272 300 86 212 134 193 117 5 275 354 304 26 65 348 286 63 268 206 247 144 127 286 128 30 104 107 346 253 6 0 309 214 52 265 346 253 15 167 282 118 92 341 95 340 48 339 77 158 57 225 257 172 324 76 114 128 126 338 131 218 7 313 63 160 291 262 39 282 144 246 123 10 112 37 181 231 153 138 24 207 32 196 243 31 244 23 91 275 51 195 351 32 130 24 307 245 347 340 111 135 54 136 48 9 5 187 196 269 187 55 244 342 141 76 320 18 24 160 19 10 138 220 194 50 220 9 71 31 319 350 174 99 250 262 156 307 355 151 188 245 146 
189 182
28 7 133 347 191 114 76 124 167 350 139 320 92 143 151 295 179 115 125 179 8 45 264 320 257 320 99 352 112 93 304 295 207 221 150 226 43 56 10 186 112 206 119 172 309 56 22 28 45 254 2 227 134 113 21 274 253 231 155 352 330 174 306 189 24 84 125 242 135 131 265 113 266 214 201 105 289 55 148 337 67 53 266 55 45 45 281 301 215 326 27 329 100 73 310 84 166 103 151 221 182 181 295 239 162 348 193 143 120 177 347 337 8 91 196 3 309 295 112 78 66 173 161 48 255 37 5 2 92 17 333 46 28 43 274 10 247 232 19 13 34 21 29 209 320 119 225 78 27 227 27 81 127 194 182 77 117 42 349 89 118 289 111 293 24 271 227 132 349 115 262 169 349 39 297 322 301 72 96 326 170 97 62 311 69 340 75 226 133 
66 140
11 25 36 157 111 274 114 125 291 114 306 188 159 77 359 284 188 272 220 52 88 190 266 82 54 39 30 239 198 298 337 127 38 300 252 188 275 50 222 307 133 184 218 126 256 88 191 163 32 43 131 203 297 145 230 99 327 13 333 86 36 253 141 135 2 253 
182 105
29 20 338 221 19 193 175 215 55 347 247 46 64 38 26 192 190 35 85 313 210 274 152 154 291 177 102 291 127 290 155 46 140 269 120 310 167 214 72 50 257 120 138 151 88 248 244 308 318 184 154 224 222 111 23 269 272 110 347 91 91 192 354 114 281 93 225 236 227 292 327 245 159 258 215 280 215 239 60 10 316 353 232 167 261 28 28 276 15 13 187 157 194 329 72 349 349 139 100 203 150 6 189 4 295 142 22 138 295 144 326 96 2 335 83 18 28 277 226 241 329 106 332 107 55 130 264 53 304 149 209 168 91 298 306 287 47 100 65 319 320 223 120 285 358 248 103 308 104 14 186 190 203 48 307 108 94 160 281 207 248 176 257 157 249 190 18 38 301 41 345 152 51 296 45 285 295 285 86 158 124 248 
13 261
1 287 168 41 94 335 212 63 318 171 156 283 275 
50 120
113 240 52 301 176 13 182 256 39 110 321 234 123 116 79 221 296 314 206 219 288 114 115 324 281 253 155 252 251 330 337 95 351 250 66 28 359 41 72 73 47 102 255 209 230 229 317 181 116 209 
47 164
160 192 248 57 76 119 220 241 215 232 305 328 56 334 159 318 333 221 201 92 12 154 159 188 259 31 158 142 221 74 268 339 113 285 202 109 40 33 22 97 2 0 116 61 175 210 286 
335 30
189 170 36 113 123 20 335 267 341 10 121 165 104 320 304 181 271 128 255 159 194 143 338 357 353 357 220 259 276 171 301 150 154 2 299 217 8 331 200 334 349 164 273 123 140 305 295 57 197 179 15 106 224 163 215 125 14 325 177 58 264 251 153 19 68 75 288 99 293 152 153 61 62 200 328 130 25 317 151 332 206 265 77 10 208 180 0 282 86 100 339 32 262 217 327 269 250 317 129 128 6 89 138 140 192 334 223 340 243 240 191 280 245 115 17 221 185 347 91 9 245 266 348 97 46 65 23 181 351 358 307 237 358 178 63 181 154 148 180 178 278 329 217 155 320 213 346 231 149 65 177 75 348 240 73 241 78 337 197 217 255 12 264 166 168 243 177 59 32 101 7 313 178 152 146 131 105 95 210 29 82 187 1 75 34 21 179 277 278 342 305 280 121 187 349 198 357 42 216 72 267 172 44 221 326 126 19 352 315 305 65 254 210 208 129 79 24 54 158 243 164 11 185 183 285 140 331 276 117 209 348 147 298 96 144 301 52 108 254 300 28 239 211 177 260 232 103 24 322 61 87 62 62 9 96 219 115 124 199 246 131 66 162 168 249 89 155 204 240 120 52 251 196 231 195 68 257 233 113 262 234 101 311 90 66 318 302 302 359 278 352 12 173 218 3 92 317 135 50 74 353 316 188 356 232 343 28 50 335 159 72 12 297 117 237 265 236 71 148 280 22 212 325 138 237 4 338 172 347 300 115 171 196 62 22 
360 46
300 243 211 119 220 346 198 209 66 130 222 251 127 38 229 173 51 341 155 289 316 19 262 23 194 110 83 237 78 261 170 136 192 131 98 276 302 117 151 279 338 286 233 337 148 190 121 54 339 111 86 153 116 104 69 177 342 296 83 1 327 106 347 172 91 325 155 255 197 46 216 342 92 269 353 303 209 79 36 268 107 271 297 121 359 230 275 302 57 350 92 297 94 128 336 288 252 333 214 115 192 136 212 265 264 59 347 157 339 217 148 311 136 249 66 145 11 316 86 140 341 55 235 184 45 52 10 141 293 77 353 231 299 75 66 26 135 222 45 343 255 257 259 291 25 284 134 66 86 160 108 268 291 301 20 120 179 52 106 205 152 285 155 39 191 232 197 11 223 59 180 234 341 148 13 335 116 179 331 223 350 257 202 204 212 192 318 22 135 294 286 12 285 183 353 313 263 359 356 220 229 212 95 4 200 123 80 57 153 29 183 209 193 249 88 199 265 243 270 51 308 352 165 277 143 54 237 78 75 336 306 128 136 125 356 245 320 9 154 127 345 176 338 221 232 1 80 210 138 87 341 102 169 236 96 127 195 159 308 354 215 119 98 319 96 134 287 292 237 179 343 166 0 260 111 332 354 12 36 88 338 244 337 14 22 347 192 284 200 120 236 111 357 239 287 116 100 166 46 8 146 18 321 309 290 240 294 211 135 54 132 113 317 191 156 94 345 17 59 239 280 32 162 178 327 200 284 278 120 146 96 327 297 323 130 228 247 227 47 68 224 275 169 227 174 105 94 276 142 165 67 332 314 301 350 105 261 258 130 164 
201 343
116 308 313 139 333 218 24 298 23 92 19 263 339 229 40 60 346 299 145 208 284 281 125 194 33 52 136 163 97 343 52 237 250 19 97 12 299 16 96 64 95 348 37 269 241 241 200 211 159 64 256 104 36 167 207 118 346 274 170 254 311 99 31 116 107 314 200 110 335 138 35 54 326 358 168 180 121 209 29 217 245 17 120 271 61 238 359 245 40 140 207 47 23 174 346 278 103 245 304 215 354 280 202 271 7 194 240 18 315 345 166 81 68 59 149 184 191 53 165 278 131 14 161 182 137 212 71 188 52 146 117 169 186 317 242 231 261 197 169 286 188 166 48 328 324 262 341 145 321 57 307 305 35 353 305 186 52 56 46 102 252 206 212 233 46 186 114 2 336 106 121 208 345 44 164 176 23 100 105 347 163 1 145 345 186 87 267 102 115 113 70 157 209 236 69 30 182 245 139 236 36 
46 102
20 246 287 90 202 234 345 246 320 87 148 124 33 86 149 351 298 219 103 146 224 183 284 273 204 346 312 159 41 249 55 341 78 176 253 77 103 315 249 286 79 327 317 85 312 171 
351 177
350 193 105 165 117 354 304 84 165 29 66 216 220 215 266 101 347 217 141 328 97 89 285 137 224 38 74 75 68 14 86 18 137 258 102 335 281 79 47 270 134 14 145 48 149 70 176 165 172 331 189 93 202 175 308 218 13 184 44 220 149 205 61 142 43 336 98 262 229 54 350 21 16 224 50 238 176 334 315 315 180 302 258 53 335 199 263 348 135 138 265 179 258 122 131 288 139 10 236 355 222 230 249 139 258 41 346 247 159 135 192 26 124 4 234 44 140 337 10 359 139 97 265 216 110 170 221 225 184 292 100 85 169 243 117 182 63 275 284 80 196 88 30 11 254 183 190 169 329 7 128 258 313 216 287 297 323 182 102 228 336 169 159 268 129 152 350 85 279 106 159 158 17 103 63 298 171 87 241 119 169 150 4 230 168 233 233 253 87 140 70 138 215 242 184 319 352 100 194 69 142 26 125 305 111 51 124 223 110 47 40 324 25 165 144 145 306 300 229 224 41 351 243 128 233 346 192 309 139 183 106 285 272 47 5 209 251 32 71 144 116 275 92 20 130 318 132 303 342 125 256 352 192 347 306 245 314 248 142 186 342 305 92 94 248 97 43 184 329 275 280 40 292 226 99 253 300 301 227 207 163 32 108 236 179 95 144 157 191 31 174 335 222 81 37 246 206 89 6 258 214 239 209 345 46 322 125 112 310 192 81 21 260 351 287 232 188 332 178 246 172 205 60 101 6 233 190 48 66 112 174 217 134 59 314 3 162 331 330 210 348 197 58 325 155 0 328 235 169 340 158 
