96
317 310
83 274 80 242 19 318 114 219 80 326 65 237 256 318 171 97 54 170 207 51 87 301 156 48 278 173 291 101 87 102 51 320 14 287 175 108 118 346 145 152 167 352 353 304 322 303 115 326 258 293 134 201 65 84 119 20 308 309 280 65 152 288 226 147 200 17 333 22 41 121 21 120 77 221 125 157 351 300 353 267 130 320 315 166 98 108 353 288 83 288 252 170 307 217 330 31 260 93 354 159 214 84 92 262 111 289 315 254 139 6 34 119 81 100 116 324 145 134 260 81 8 284 109 130 190 104 160 212 140 94 300 35 48 180 20 219 323 152 219 342 61 176 353 256 224 78 261 184 101 327 114 13 195 280 122 221 158 314 107 63 215 22 210 9 209 138 43 81 139 36 333 132 170 356 344 278 230 121 151 201 215 41 55 5 270 302 25 54 119 320 247 225 146 17 105 357 47 56 177 194 279 239 70 265 123 40 4 66 23 185 81 143 184 349 356 316 57 258 162 245 75 127 101 154 231 109 8 353 129 250 327 117 118 214 23 150 115 273 144 140 170 320 96 197 237 140 21 226 155 87 84 189 257 24 336 171 63 164 231 17 149 194 95 105 108 193 91 242 177 320 237 264 47 48 10 305 94 281 249 298 340 197 71 356 352 341 84 15 248 148 74 99 354 260 244 309 123 143 145 36 50 194 128 325 237 356 100 137 343 180 359 350 221 334 299 196 159 
310 70
258 131 178 311 2 347 256 5 311 126 141 225 149 19 161 262 193 252 228 15 218 114 76 60 210 134 56 152 184 84 150 208 320 100 162 294 241 95 268 195 221 310 4 66 335 59 240 62 323 101 259 133 67 71 347 210 180 45 312 314 40 93 341 67 334 197 19 271 278 24 187 101 137 222 262 69 272 27 233 266 179 24 97 72 102 149 340 197 263 38 316 11 112 350 320 197 134 123 175 232 26 282 35 175 140 43 123 250 115 92 8 320 185 259 25 216 177 129 116 52 20 279 62 349 2 270 157 78 314 30 148 335 128 220 306 61 158 75 93 145 43 41 188 242 84 0 95 203 231 331 346 111 300 306 114 332 35 272 326 15 140 2 4 233 131 81 22 56 210 110 250 241 139 233 184 104 221 215 298 109 104 193 350 27 71 209 90 0 63 198 317 255 147 263 114 159 324 152 49 2 332 343 28 16 214 141 115 0 163 42 118 318 301 271 209 159 228 196 172 135 214 8 1 165 237 194 288 159 123 51 315 28 233 341 302 74 78 233 183 53 209 115 175 81 156 230 165 256 76 64 143 56 248 262 273 237 31 353 142 226 290 28 295 50 226 31 33 272 330 244 141 133 352 149 75 230 299 188 136 214 217 230 259 55 146 139 146 88 287 341 290 18 334 130 34 132 11 344 56 127 219 338 187 246 123 100 102 155 322 70 
269 329
271 168 261 201 352 335 158 218 175 36 70 283 320 223 288 8 183 134 127 306 209 235 151 1 59 13 277 262 33 194 192 327 326 92 289 75 70 56 308 117 101 51 135 230 203 99 11 128 179 98 335 57 91 92 18 117 205 165 70 281 27 166 48 265 225 140 80 121 153 250 224 327 315 177 257 114 110 7 233 281 53 326 46 293 14 69 9 73 143 161 10 222 199 154 330 46 87 260 224 121 34 281 12 35 199 89 267 198 215 107 76 91 133 279 232 265 110 214 274 138 170 280 284 217 116 354 209 342 285 352 96 213 239 287 203 7 168 77 286 235 67 280 256 54 346 293 283 292 39 330 105 248 30 270 14 14 95 317 284 221 16 38 121 351 219 156 233 138 131 2 145 248 121 214 269 39 356 126 275 305 87 322 182 152 18 323 279 3 285 99 291 338 10 134 326 23 32 12 354 314 149 208 95 48 105 13 245 107 70 77 239 272 255 148 224 32 74 319 83 73 78 19 298 75 34 233 274 190 72 19 125 84 358 157 300 339 225 8 189 112 103 272 172 147 251 137 354 70 45 71 270 335 55 140 193 40 71 151 3 223 104 299 147 200 162 151 225 39 35 
96 111
12 281 125 345 346 343 313 197 164 121 330 285 46 104 43 232 321 352 286 94 339 20 359 288 326 347 58 20 115 8 137 279 44 261 288 282 45 68 116 237 150 105 316 254 188 216 118 357 244 157 51 125 68 339 351 285 199 247 5 327 164 345 203 278 320 248 8 127 194 124 220 306 325 241 177 20 7 72 336 329 328 246 164 236 330 197 307 29 349 52 343 306 197 219 15 114 
77 283
208 111 222 257 34 218 168 12 207 256 208 136 346 29 100 131 52 188 257 0 339 91 58 346 131 274 223 176 59 221 83 230 82 99 291 180 322 314 348 76 73 294 110 344 237 179 146 33 138 329 196 314 356 76 108 214 233 252 166 174 88 113 272 190 91 157 192 148 268 31 39 90 10 130 122 298 303 
221 229
108 241 139 291 353 264 113 83 183 300 145 164 34 137 167 83 223 50 356 142 240 244 281 85 329 223 318 70 100 47 13 153 224 111 355 326 200 120 315 90 296 9 347 96 44 344 11 330 146 159 286 262 182 14 312 356 141 29 32 43 51 281 185 324 302 136 91 183 272 250 312 274 128 322 58 202 149 352 96 108 231 109 332 158 102 244 274 292 148 153 86 34 170 25 267 156 8 3 338 135 264 230 71 266 140 156 296 305 270 27 151 59 347 3 214 139 192 101 8 332 56 299 126 276 11 63 251 150 359 295 298 342 142 29 291 22 304 337 35 289 188 293 277 351 270 338 77 109 54 241 245 270 268 258 274 80 261 252 29 139 8 244 38 294 99 339 81 83 205 182 67 26 218 34 7 10 89 301 191 344 221 346 140 17 6 213 217 139 234 245 266 152 100 63 155 71 129 95 176 228 42 33 57 280 218 186 110 254 220 125 205 204 255 310 65 156 296 46 139 132 14 
97 49
131 1 116 79 213 302 124 85 329 202 236 277 328 151 268 32 196 343 300 125 86 61 110 67 283 201 120 262 136 167 128 285 34 280 339 192 11 235 276 182 215 36 262 179 331 59 250 100 193 200 294 97 221 343 285 262 226 3 150 235 98 68 350 108 115 56 68 120 11 257 0 210 183 327 172 268 47 21 301 208 296 6 198 235 267 29 297 280 175 311 26 63 317 70 326 63 265 
323 287
345 250 196 245 74 99 296 322 22 141 303 45 95 258 198 348 310 303 126 40 68 194 221 56 277 167 236 125 111 348 200 150 180 114 221 175 334 233 274 244 234 42 254 305 208 200 36 116 165 258 151 246 267 329 319 64 37 53 314 321 210 295 288 283 12 179 294 71 219 315 354 38 36 311 68 6 79 150 74 276 349 85 217 65 202 188 238 257 20 303 227 1 94 275 42 95 329 251 167 183 316 187 269 280 353 307 158 99 354 131 133 154 88 154 228 239 341 276 188 222 69 5 302 18 334 315 275 184 42 114 233 224 170 306 169 228 251 223 269 221 191 143 279 5 134 231 164 177 48 270 103 243 1 208 239 334 102 115 341 320 27 299 132 59 356 318 48 250 78 122 260 92 122 336 245 334 6 67 135 169 149 165 147 72 198 208 299 255 182 20 308 77 252 307 132 152 240 149 133 89 32 285 195 343 229 69 92 231 83 240 288 9 33 157 79 270 201 97 160 276 269 94 317 123 100 179 28 72 160 204 320 181 290 120 128 115 161 185 336 130 81 358 283 296 337 238 315 50 260 169 140 274 328 311 141 346 321 308 189 13 47 88 82 150 2 160 264 261 327 243 193 95 232 295 193 53 76 181 332 287 112 246 336 265 48 258 79 206 266 202 190 249 183 47 126 322 24 223 105 74 256 87 115 238 160 40 257 223 139 171 140 279 63 281 343 46 53 353 69 166 234 112 156 
257 119
12 16 126 328 154 348 330 134 310 32 263 99 219 321 343 96 186 79 119 354 336 116 165 199 353 260 43 46 195 331 82 207 311 272 269 184 267 25 28 277 334 157 6 75 307 133 350 263 11 68 205 273 150 183 155 136 329 212 85 219 347 311 261 12 145 139 241 199 290 150 33 94 267 187 167 163 88 107 329 228 103 153 124 27 239 2 166 214 182 24 114 240 131 83 164 227 247 69 240 227 57 181 89 250 279 52 91 150 246 247 344 109 209 211 7 154 131 32 195 226 24 141 159 10 119 342 215 262 336 267 250 295 98 286 59 41 244 146 39 249 144 3 44 37 207 297 172 105 191 287 307 143 10 26 229 155 339 296 122 47 355 203 140 135 238 234 103 105 120 209 242 52 114 0 321 294 325 263 251 106 170 307 178 298 222 89 48 180 237 116 43 57 131 17 109 188 265 346 238 133 254 335 122 63 43 305 57 55 187 10 253 2 126 18 112 139 121 343 190 4 297 7 288 245 347 216 81 20 355 157 306 111 130 128 128 62 269 257 57 208 137 45 284 204 359 253 0 76 338 160 313 235 242 88 140 21 317 
191 120
306 153 181 240 112 42 342 94 136 260 59 81 319 212 54 303 209 278 240 127 227 200 112 36 56 336 237 155 74 18 219 244 186 273 212 124 279 219 54 68 296 242 268 328 22 6 9 264 94 291 68 108 354 313 44 354 46 273 158 212 229 76 283 280 178 190 272 337 43 177 260 294 110 66 305 181 35 275 70 278 159 207 33 1 179 141 358 325 75 19 296 359 219 238 110 31 130 60 294 209 115 218 314 77 90 241 161 127 283 21 193 89 11 201 214 212 314 259 186 237 146 92 209 75 191 146 305 86 26 162 349 190 236 165 2 115 273 296 200 16 262 267 20 114 141 8 278 68 207 118 357 144 131 203 3 277 282 353 276 314 109 241 342 226 332 87 60 111 112 222 258 20 169 162 44 102 260 162 257 284 225 235 0 284 36 254 129 214 75 58 333 
49 244
75 181 68 15 104 356 149 251 319 200 320 198 85 66 355 178 97 251 318 1 4 330 52 358 188 317 148 269 93 259 359 318 49 10 256 196 282 222 48 326 98 282 77 301 309 86 74 263 359 
165 200
350 112 265 100 102 355 17 196 179 67 163 337 225 341 147 6 70 99 178 28 20 346 160 7 269 335 96 279 9 83 133 158 95 109 22 21 355 281 67 184 28 7 42 275 295 90 161 263 188 166 11 325 160 228 140 349 233 17 282 44 284 303 130 15 266 212 243 314 66 59 315 191 240 54 155 110 206 138 304 193 112 323 359 338 102 38 303 135 350 92 127 280 219 6 205 74 335 326 344 155 144 327 349 293 32 132 145 56 118 304 31 330 33 75 112 73 26 156 349 151 315 259 261 183 188 184 206 310 128 3 219 263 294 104 136 98 178 266 305 321 24 134 270 185 96 322 6 214 42 350 310 234 320 16 227 285 125 168 281 269 82 182 272 102 100 
341 140
175 7 53 222 229 62 61 171 92 186 194 249 119 285 169 256 322 327 314 47 244 305 65 279 151 142 319 25 218 336 69 181 177 133 253 216 191 211 66 75 289 157 155 242 90 124 164 111 253 319 260 179 303 263 196 234 275 0 152 22 331 81 309 183 48 89 180 328 318 134 172 355 263 147 200 98 212 203 150 323 193 46 110 253 323 109 7 148 269 167 281 269 217 178 335 158 338 244 196 212 214 318 276 164 196 213 220 276 10 291 98 218 131 355 341 136 144 163 106 82 305 248 224 38 316 55 92 111 14 181 326 115 27 1 133 154 65 84 62 37 126 332 24 168 320 314 124 357 340 201 216 235 1 54 50 314 35 241 45 179 211 337 30 68 238 1 350 344 5 343 156 157 310 3 299 185 147 115 185 54 192 225 111 107 257 134 304 3 60 234 286 65 181 203 205 277 105 353 240 174 24 215 198 289 32 187 311 232 25 318 357 290 272 24 197 321 351 285 320 260 137 47 148 172 223 241 185 292 310 321 134 141 159 298 92 323 89 242 234 50 272 14 340 298 135 131 202 19 208 108 210 223 3 44 318 164 313 271 333 47 345 321 260 126 113 150 72 256 141 26 218 10 341 108 252 295 118 181 175 137 343 358 309 322 288 159 96 233 6 51 316 149 330 238 154 305 39 183 217 302 14 107 286 193 167 349 323 282 33 49 327 0 22 267 315 61 318 186 24 309 38 25 219 310 325 44 184 261 208 172 290 142 148 92 117 314 46 186 122 193 246 
32 253
196 157 105 79 152 143 345 348 310 206 331 287 239 243 24 336 107 152 357 41 119 121 293 242 97 143 161 89 43 243 309 96 
45 300
137 175 193 284 105 307 49 96 13 210 270 145 316 104 223 335 188 272 332 126 5 278 196 252 326 210 92 323 236 156 9 195 66 110 214 106 60 206 73 246 358 319 145 169 2 
276 240
230 214 224 352 315 153 157 112 44 38 311 121 24 166 35 54 73 53 126 73 242 51 226 22 27 327 312 134 266 150 352 139 217 222 49 356 15 32 69 191 292 227 80 234 102 46 253 282 167 219 274 110 285 318 310 210 236 254 205 316 350 120 55 167 164 193 77 267 168 48 299 52 155 173 43 315 250 64 106 267 38 0 78 37 71 332 74 348 110 232 314 312 241 288 227 213 157 156 150 193 107 14 326 331 338 100 195 150 135 188 78 145 248 180 84 138 231 191 135 170 345 186 56 359 84 54 219 276 165 113 257 234 83 229 330 355 15 127 33 15 122 127 302 303 298 38 161 60 344 276 39 83 43 358 77 73 5 69 161 224 109 237 100 285 87 38 116 300 205 350 358 10 157 59 31 264 199 111 259 138 111 96 195 12 18 85 180 70 34 176 183 343 222 120 63 133 270 216 355 222 210 198 182 277 17 359 103 8 354 264 23 204 150 187 43 79 137 89 63 66 296 197 0 314 117 210 201 176 53 91 234 172 2 187 272 273 242 225 240 296 170 22 142 215 277 230 334 217 35 7 355 56 350 7 183 197 122 39 281 97 251 340 152 275 178 300 343 212 56 8 345 200 338 287 302 56 
287 300
186 332 284 108 10 72 202 23 183 43 102 112 93 156 282 132 252 126 299 8 351 312 288 107 194 306 213 16 60 68 258 111 58 115 163 69 153 181 111 289 264 152 71 277 326 164 86 42 199 301 88 49 291 272 282 15 36 141 171 300 140 110 8 302 305 66 272 49 205 72 77 268 136 277 42 68 192 279 67 306 117 233 86 177 352 128 83 162 173 292 64 89 221 37 195 177 6 61 313 317 156 339 116 55 78 280 181 244 275 205 118 1 36 222 226 308 191 65 327 9 165 3 232 261 224 234 232 244 54 326 79 289 232 339 183 47 166 40 308 144 201 48 143 131 116 212 100 49 296 14 247 312 74 268 193 64 174 214 92 4 297 38 156 63 150 180 239 27 39 293 44 203 106 73 100 313 276 302 313 92 305 264 37 21 216 152 70 40 251 53 254 234 149 151 55 287 352 36 211 269 333 11 115 315 24 292 226 253 115 172 17 236 348 199 213 345 220 13 138 95 226 174 343 353 188 240 191 143 118 242 10 299 235 156 100 113 12 297 209 269 269 1 355 191 276 208 130 295 58 200 29 320 165 296 45 195 134 319 307 307 310 1 67 161 203 269 278 288 297 327 0 320 250 311 48 299 333 83 265 333 273 296 206 61 190 336 224 
22 333
136 266 282 96 20 12 295 113 16 48 68 137 237 18 234 136 166 346 342 221 250 252 
346 191
296 159 148 13 178 240 57 13 312 43 86 131 216 19 322 307 276 176 3 245 251 342 97 51 26 45 42 309 353 298 307 206 305 70 293 51 336 221 223 238 13 328 208 291 229 269 253 30 198 122 19 286 91 249 107 68 106 14 249 169 81 262 215 100 8 67 191 12 353 122 235 354 232 222 344 45 209 280 66 268 118 132 141 75 266 323 69 56 291 140 129 50 154 200 306 235 127 170 321 69 240 122 38 191 330 76 69 22 94 69 110 345 64 354 234 15 19 51 233 126 212 90 136 279 138 348 289 10 285 306 261 214 110 163 351 106 26 80 125 208 228 82 2 277 240 12 232 310 288 291 216 325 58 58 273 242 320 153 111 303 253 262 142 61 284 284 245 180 358 100 282 263 303 239 320 189 280 24 89 264 233 292 349 15 212 296 248 153 305 45 92 102 289 240 335 138 41 115 185 214 129 239 356 197 306 35 339 343 192 325 105 118 259 235 289 158 310 111 263 352 123 5 210 118 118 218 57 27 193 189 38 33 132 306 300 131 343 144 224 46 188 183 258 194 114 158 249 354 202 100 145 190 133 74 170 10 68 294 306 259 187 270 342 351 189 291 342 205 138 208 55 45 307 141 272 59 130 108 22 180 275 61 212 195 346 40 51 200 162 213 109 302 258 49 26 354 230 130 3 32 304 95 208 350 305 97 354 235 264 202 201 287 170 332 161 96 7 341 249 40 204 271 186 323 122 205 240 71 307 274 219 89 194 17 161 88 303 11 11 149 80 257 235 266 216 221 
301 14
252 97 140 98 78 107 303 359 94 112 214 144 151 338 245 227 294 292 160 165 349 295 226 50 12 269 130 168 106 331 142 328 5 354 257 39 275 198 50 208 77 285 321 328 101 295 125 5 284 240 178 189 13 141 8 278 66 252 82 19 242 301 57 300 315 63 335 30 89 164 186 322 192 287 87 125 42 63 302 218 16 332 40 296 15 67 102 253 158 322 138 183 166 119 196 149 279 92 267 84 185 116 332 203 192 3 7 77 114 17 235 283 195 182 147 61 340 165 35 20 204 17 206 27 211 179 240 136 28 61 36 74 229 81 245 12 61 139 30 338 115 285 111 86 171 184 287 291 233 22 273 143 25 18 338 37 188 121 67 311 146 25 160 304 290 56 116 166 248 320 348 3 232 123 199 223 215 335 51 119 66 189 269 245 62 18 274 93 194 145 329 202 158 356 169 218 309 171 261 6 324 348 44 5 179 325 340 66 346 58 40 172 62 16 351 128 293 300 194 145 302 166 311 41 149 241 128 67 4 103 95 10 324 189 339 269 275 14 84 294 335 283 167 262 51 292 133 190 97 202 267 25 303 308 300 153 174 56 241 274 198 357 315 264 244 338 262 70 54 249 30 76 342 278 281 330 16 117 166 253 132 167 355 145 93 119 277 179 126 180 353 132 218 99 237 239 183 235 254 126 341 
338 187
60 231 335 96 29 321 319 89 274 77 331 104 123 178 61 66 145 350 153 234 239 15 252 154 213 78 197 116 146 90 322 140 347 271 143 8 302 301 95 57 107 203 180 55 83 75 108 0 335 148 278 208 28 210 224 200 16 241 2 323 37 108 223 241 104 46 213 183 79 347 169 56 292 55 137 187 314 26 198 75 306 324 151 71 23 49 225 246 88 6 62 249 179 264 78 209 338 346 211 246 15 66 149 184 153 224 213 293 183 143 288 222 157 58 6 48 204 89 231 164 151 268 95 97 119 132 184 249 149 149 137 270 3 189 110 22 241 69 224 171 63 261 209 183 211 120 224 95 211 5 202 326 281 336 1 340 88 168 157 116 312 325 120 250 215 323 263 295 232 171 122 47 237 144 314 41 191 298 217 280 282 20 193 108 140 193 347 195 275 129 223 248 114 294 53 127 238 112 248 196 261 236 288 268 351 120 130 331 343 24 24 322 253 161 128 242 94 217 116 290 91 297 267 56 198 214 5 46 60 77 154 76 338 40 306 303 42 223 301 84 180 113 259 218 159 79 63 24 317 182 155 249 324 57 157 113 325 290 78 236 195 5 24 232 240 52 148 169 342 228 218 66 138 93 13 29 8 9 101 129 90 293 49 171 8 245 198 116 211 218 31 140 292 104 185 181 352 0 33 7 270 293 212 145 238 298 324 295 331 104 280 194 90 25 185 253 218 200 349 27 44 339 44 215 23 161 38 15 95 179 167 86 46 182 232 281 344 352 
316 6
229 306 284 316 124 14 355 223 37 20 172 86 327 340 218 74 66 133 192 279 280 234 13 315 63 301 317 137 264 5 279 122 76 351 150 72 284 77 119 198 155 323 274 265 344 245 107 115 40 159 78 29 301 292 103 77 217 318 326 228 252 267 55 162 107 187 137 111 134 144 310 38 77 312 297 173 261 86 21 184 352 176 268 265 24 353 126 345 29 342 26 314 62 134 161 330 308 105 239 146 294 328 225 220 334 130 155 88 176 67 283 204 190 184 8 124 23 54 193 233 175 92 225 237 250 55 36 115 159 51 319 3 354 203 248 334 339 53 15 82 158 28 132 249 109 205 258 180 256 5 161 84 34 151 305 276 244 196 340 234 115 254 341 103 81 20 328 334 344 354 279 165 216 149 333 25 32 115 231 302 141 66 154 143 291 277 330 40 258 119 246 51 172 40 245 334 40 279 7 260 129 359 260 203 142 277 188 88 231 20 96 243 77 42 191 219 231 351 328 127 55 314 9 165 44 215 108 223 61 57 314 16 161 194 52 69 80 1 254 16 312 267 116 69 66 187 63 3 217 294 108 129 81 228 235 253 40 142 241 151 279 88 83 152 337 110 307 37 282 261 124 183 19 57 330 310 172 47 57 277 116 38 62 223 292 68 335 74 102 136 318 73 131 302 206 295 288 146 233 220 191 336 264 35 161 52 269 209 269 228 140 155 76 113 269 192 
133 240
25 99 94 298 138 235 139 188 247 330 174 344 23 86 258 184 10 186 205 159 207 10 111 162 43 175 182 118 188 153 222 142 62 307 59 147 251 74 85 306 85 107 94 209 129 198 260 80 268 68 52 306 116 150 279 354 40 73 170 310 104 127 151 4 261 226 124 169 261 209 229 181 201 3 337 102 279 80 110 43 12 193 285 242 270 310 308 38 177 58 146 113 297 169 32 309 330 32 338 247 324 61 210 264 256 20 338 151 28 252 337 107 61 311 220 264 53 169 144 82 106 160 63 96 269 254 195 356 82 178 127 328 353 
155 356
218 28 156 314 32 66 164 38 58 342 298 269 248 28 212 280 268 145 299 266 147 117 207 287 284 44 201 36 8 324 59 301 15 139 159 12 86 191 88 2 129 336 149 244 210 266 314 133 166 273 226 200 154 261 140 11 180 119 350 34 110 111 200 210 209 219 288 109 205 217 306 48 51 355 115 350 316 42 2 253 176 270 164 9 275 211 136 70 124 351 282 123 253 201 325 242 282 139 125 28 348 174 57 281 47 46 80 148 218 202 174 231 326 159 192 130 140 19 330 330 30 243 22 55 313 102 49 258 278 24 151 29 345 21 130 265 157 355 329 254 240 6 240 49 191 340 68 87 164 129 38 160 107 224 75 
100 50
129 26 320 342 187 131 63 121 145 29 357 148 261 204 109 133 166 169 296 258 83 354 52 314 137 7 37 142 253 180 102 314 93 206 297 138 54 267 192 230 23 294 123 87 18 315 55 40 97 302 183 202 326 160 71 295 110 286 310 153 202 26 214 132 87 141 67 167 45 157 77 110 335 319 160 150 271 51 223 114 235 281 110 337 89 58 233 82 113 169 270 132 326 300 10 275 285 198 74 298 
196 283
60 115 110 71 270 316 92 332 320 297 356 153 48 65 343 318 131 334 47 310 184 140 65 134 132 245 176 330 119 122 78 295 68 178 92 53 131 84 261 335 263 305 83 317 206 356 158 95 233 298 280 317 86 315 5 111 242 326 167 259 128 32 238 227 191 99 217 50 357 43 255 219 92 174 18 45 271 301 38 135 133 209 33 136 227 128 87 130 338 345 40 161 259 51 238 59 93 326 330 126 330 38 83 127 238 344 62 39 115 191 272 38 53 300 87 77 325 193 87 234 277 45 73 62 306 345 270 62 61 34 76 79 75 178 303 47 125 60 227 266 349 226 305 65 276 318 342 144 263 242 240 157 306 260 211 87 44 82 146 210 217 159 182 264 145 205 44 340 356 71 220 150 118 157 214 290 45 65 309 90 178 314 103 94 174 301 152 288 293 229 19 256 1 296 79 9 
137 339
261 94 183 171 24 243 352 320 268 110 162 305 218 183 327 73 301 90 200 229 111 111 120 243 21 317 150 156 256 174 66 342 316 281 145 105 281 222 348 132 5 298 151 12 238 78 217 239 140 4 187 301 248 164 298 144 326 241 52 212 189 335 7 133 10 357 22 245 232 339 200 196 280 0 325 219 315 350 121 281 166 197 157 349 204 313 82 39 263 249 218 336 91 151 300 201 34 268 236 118 313 288 127 128 60 277 348 280 130 24 318 89 126 223 94 280 168 174 140 113 145 78 275 298 301 359 230 310 341 10 144 288 237 81 308 301 316 
244 230
71 54 204 70 172 157 171 85 177 167 60 132 164 153 323 301 102 308 342 39 240 180 191 244 295 162 307 163 123 194 114 27 206 138 149 62 233 152 355 356 277 198 44 144 272 353 310 238 66 135 187 37 81 85 346 340 104 101 54 13 286 203 191 77 152 79 3 12 349 223 158 83 358 85 202 68 212 105 329 171 28 107 355 204 36 118 218 159 217 226 282 242 297 3 133 325 63 80 6 57 42 219 292 322 291 187 166 140 0 153 265 247 182 32 30 4 317 275 207 61 266 201 190 246 112 173 283 240 97 104 105 256 17 123 306 205 18 248 76 336 237 61 347 284 181 195 92 285 348 337 232 277 279 34 90 222 336 279 58 154 266 12 17 12 87 178 151 28 103 78 163 155 100 310 304 307 318 313 109 354 151 94 315 237 270 91 261 341 348 339 317 301 351 216 167 28 210 5 164 212 345 247 329 234 282 190 317 132 270 270 143 258 66 185 118 9 239 235 312 125 192 292 95 194 301 35 49 7 295 175 320 268 330 121 67 229 170 108 268 138 257 81 225 45 
324 326
207 26 314 230 336 41 201 68 104 14 277 191 38 275 351 283 72 2 175 299 153 49 294 93 36 242 231 243 152 128 73 254 34 104 117 271 232 325 2 293 2 198 211 294 230 325 51 22 85 117 49 283 55 68 121 140 33 69 272 14 322 44 62 189 243 51 48 239 89 276 260 280 277 232 59 268 242 122 113 141 91 23 213 287 229 2 352 232 147 202 40 51 21 349 58 229 45 63 31 126 164 98 319 149 18 253 53 52 197 191 246 231 309 49 248 330 125 284 263 52 169 273 48 162 183 125 327 233 168 11 80 256 119 27 155 43 350 171 232 81 93 171 3 188 0 42 321 95 126 199 175 4 333 313 189 119 299 249 163 39 81 143 168 140 137 56 192 128 60 125 355 119 69 310 205 278 183 39 203 138 66 215 272 187 168 255 282 247 119 159 115 75 250 281 210 90 336 185 14 201 57 14 43 32 158 251 235 219 252 333 336 111 53 47 51 332 338 29 98 184 23 210 196 64 184 50 336 76 288 119 187 306 5 62 187 311 9 196 253 295 98 331 208 303 90 230 204 313 47 347 64 183 232 139 260 260 181 183 339 58 113 241 161 316 201 312 326 61 114 343 138 111 329 15 106 268 206 71 225 268 167 352 156 259 344 227 245 108 30 353 332 126 27 298 171 191 158 289 198 221 148 174 345 182 260 213 108 151 83 327 271 12 38 23 297 337 140 138 237 244 43 158 109 322 
213 268
252 53 279 133 187 301 262 115 347 178 274 264 130 12 24 355 355 197 342 135 100 123 168 311 33 276 247 185 184 304 144 333 113 90 119 42 313 244 215 69 310 251 319 277 334 36 158 15 228 202 82 123 2 297 74 262 17 128 270 179 244 313 266 39 72 103 243 56 86 125 153 147 192 357 207 356 299 78 196 142 24 255 335 133 119 357 36 182 291 53 191 333 256 250 186 83 289 87 107 37 24 312 190 303 178 251 93 328 219 51 142 58 340 210 26 172 151 225 230 208 1 190 301 121 328 195 107 301 88 217 83 171 183 260 67 70 25 169 71 21 233 149 191 171 231 85 184 306 344 226 266 300 7 272 190 33 237 208 218 336 308 114 290 337 348 258 173 247 319 320 200 286 82 151 95 251 50 47 184 168 88 72 51 68 11 161 317 79 339 353 168 165 229 342 84 335 182 74 120 309 288 117 229 330 154 326 3 165 190 226 231 80 23 
90 163
65 248 82 100 227 182 139 54 157 189 30 333 329 66 204 236 335 331 29 191 319 342 303 300 96 151 241 283 69 300 275 114 290 350 245 351 264 181 88 162 221 249 2 272 30 316 257 121 291 207 318 293 65 286 172 340 69 353 310 11 218 241 259 258 333 144 351 51 298 13 183 353 116 140 96 243 212 86 245 31 150 202 56 224 40 325 265 310 359 180 
99 178
353 100 52 74 222 293 317 168 57 62 166 100 41 37 291 206 36 216 301 58 303 139 291 186 246 43 47 173 27 71 255 290 29 296 295 278 241 108 242 168 156 291 311 152 295 73 33 184 67 335 351 152 83 10 316 45 118 267 115 180 177 193 250 64 227 101 1 192 234 278 93 190 112 128 204 355 330 355 216 213 124 245 312 53 211 4 201 6 230 205 69 181 227 286 97 119 169 85 22 
341 160
20 201 323 139 149 303 80 129 172 284 3 271 44 244 203 30 74 19 59 299 18 134 230 351 96 72 155 128 180 260 286 257 44 170 242 297 359 211 248 256 233 138 99 103 107 188 0 231 316 25 0 116 5 265 76 15 66 259 100 108 162 138 7 190 133 49 159 50 11 304 38 285 315 34 85 305 303 106 267 114 57 91 263 166 308 127 85 325 285 235 80 19 99 89 76 255 7 299 323 238 183 253 145 84 344 297 324 19 266 92 283 66 283 296 343 10 178 152 224 347 234 41 116 329 255 266 294 319 127 244 323 159 141 98 321 103 339 209 164 202 177 143 287 87 278 101 356 6 206 294 98 328 83 223 56 217 271 248 138 250 46 300 97 357 299 131 283 47 317 330 154 256 339 325 108 325 142 258 169 44 147 0 51 294 328 304 310 344 321 26 200 73 290 280 156 142 175 159 72 232 126 156 40 232 107 33 158 98 343 202 239 99 1 95 164 13 20 228 192 293 150 263 224 219 38 303 247 164 8 16 28 286 312 26 175 340 106 16 73 198 350 57 37 237 87 77 291 86 129 202 232 11 42 108 178 261 144 327 260 194 300 45 221 333 65 257 75 344 46 141 79 338 292 328 119 78 338 256 258 272 124 240 52 148 46 285 316 257 173 21 142 29 326 330 321 315 53 17 342 87 136 350 27 157 133 60 86 64 115 123 203 28 84 45 354 73 71 92 127 117 135 328 98 85 338 69 109 237 113 182 193 130 89 309 251 346 164 165 253 117 263 
314 52
108 213 266 291 90 277 213 285 291 270 256 336 50 312 357 239 356 249 48 156 90 250 205 304 154 96 210 296 209 194 252 34 313 257 285 109 349 85 208 257 6 47 54 144 203 344 81 163 303 217 151 302 285 80 293 43 177 282 297 131 15 309 69 0 165 94 196 24 345 308 116 96 135 190 22 126 30 353 19 68 2 134 107 43 236 256 153 334 221 219 34 234 239 124 6 83 96 298 126 123 206 169 289 113 311 191 125 160 22 221 224 69 67 293 237 118 187 129 89 130 274 246 319 0 303 24 178 58 46 355 358 43 194 159 125 134 193 99 299 263 78 248 326 349 143 9 248 184 218 24 146 227 4 94 195 177 246 272 108 262 250 280 281 288 224 231 33 224 323 16 98 20 34 34 246 260 94 219 6 50 142 128 311 157 34 14 44 336 163 228 223 74 315 103 205 253 278 100 110 205 27 346 181 322 264 236 132 273 160 261 13 267 134 214 209 251 62 89 12 75 121 146 149 126 179 169 204 157 332 329 3 325 203 303 203 322 228 235 186 288 268 294 280 187 333 195 250 239 223 206 277 188 38 196 336 323 237 49 166 98 250 191 312 147 217 325 162 238 292 146 207 234 10 164 300 50 157 247 11 259 292 219 27 298 96 195 76 34 188 177 118 34 89 95 122 233 150 90 120 351 155 60 229 222 19 26 8 100 7 328 115 218 223 240 
197 96
26 167 19 68 232 29 50 28 21 189 264 346 353 349 157 287 30 309 204 299 64 322 141 140 113 106 93 150 343 39 112 59 152 138 172 257 246 355 191 207 289 180 119 262 204 181 148 345 99 339 154 152 80 238 227 343 92 84 357 83 326 171 292 276 243 251 154 193 269 243 289 264 352 65 110 220 352 20 208 40 265 77 61 296 224 133 175 18 63 313 229 333 196 248 140 87 345 142 348 23 205 306 335 119 111 81 224 270 147 349 32 288 154 250 40 271 152 352 150 96 59 55 290 265 319 94 76 290 358 332 115 155 201 24 51 263 61 296 45 267 231 340 100 273 320 4 201 222 228 131 328 303 222 151 244 345 316 247 171 62 57 78 276 65 324 67 150 48 327 147 339 13 22 312 301 206 102 233 254 114 213 325 180 45 130 120 129 35 54 348 230 76 251 140 33 230 338 
159 256
107 275 155 184 355 248 236 120 128 292 42 75 40 191 226 174 273 178 288 304 346 31 211 3 262 222 119 345 311 347 240 58 310 307 108 191 236 172 163 348 262 229 37 112 269 123 263 78 193 333 261 213 272 16 11 327 259 298 202 260 205 48 58 132 144 105 22 338 181 181 236 205 25 255 211 153 109 321 331 351 64 182 337 351 9 324 120 156 202 167 220 256 133 176 355 304 215 277 343 232 119 280 74 303 296 98 304 110 341 131 131 204 219 230 83 102 257 177 11 40 320 193 291 328 258 148 134 205 10 142 220 359 266 300 359 236 213 117 267 15 25 185 276 4 350 345 148 256 17 60 202 145 263 69 327 293 192 119 199 
258 182
133 142 181 84 73 60 157 82 74 306 216 214 116 314 283 244 358 144 55 49 52 252 288 111 45 223 89 270 225 278 188 85 60 214 146 109 43 248 153 234 281 141 79 79 241 259 331 331 295 283 230 159 221 99 259 89 325 278 309 334 122 355 137 237 339 114 200 247 319 76 258 131 268 227 149 205 183 66 288 95 123 335 64 167 306 169 260 223 28 200 288 105 153 81 298 303 336 89 56 250 196 163 335 354 298 29 11 177 335 161 213 155 187 59 242 88 94 199 285 92 249 312 67 325 73 7 146 249 33 276 355 54 255 187 326 346 319 333 198 4 111 184 270 22 197 299 67 160 276 88 182 202 232 172 299 149 129 89 311 236 165 267 78 208 279 270 303 121 356 59 144 309 178 230 83 204 254 42 201 104 304 316 55 131 299 269 95 66 61 182 46 140 150 291 150 276 307 337 204 308 310 304 170 295 122 213 144 58 8 48 134 225 117 193 110 109 267 177 28 131 284 163 72 303 123 296 320 173 264 202 286 135 39 32 306 79 124 178 337 88 253 15 231 301 235 300 227 210 200 271 190 188 325 357 229 12 129 314 
8 89
263 14 189 260 120 258 77 220 
303 113
134 278 215 212 345 358 53 348 91 222 49 104 6 105 136 49 241 2 70 174 78 337 174 102 233 78 143 48 290 184 322 175 102 337 34 146 117 263 213 345 314 145 204 274 31 59 232 40 187 85 157 332 341 210 257 97 252 87 334 329 327 195 359 279 169 327 321 191 242 134 110 299 245 329 314 219 59 194 340 319 94 295 29 251 43 350 274 96 83 294 133 42 2 110 249 34 97 282 2 247 245 59 339 267 23 285 75 283 162 347 214 3 56 1 76 77 28 215 207 102 217 338 26 194 60 80 161 65 357 14 88 174 336 11 64 280 307 121 73 93 279 278 212 149 265 234 345 9 327 21 169 356 83 194 68 321 76 99 30 323 274 65 229 314 81 148 256 257 316 180 142 191 49 190 147 150 150 109 100 179 300 231 204 266 26 268 90 140 0 204 78 74 248 287 283 121 59 239 325 270 140 189 82 241 24 142 200 29 249 75 84 207 29 262 236 219 110 326 100 312 156 255 231 114 75 37 104 292 66 305 293 159 109 31 181 129 150 199 356 187 265 296 234 67 236 178 220 119 270 217 210 209 311 268 21 4 90 358 25 334 122 157 112 24 316 103 77 55 127 292 110 159 249 173 45 129 325 9 75 1 57 239 277 172 259 248 97 43 239 79 1 125 6 118 224 106 246 201 154 72 74 260 223 
37 193
56 2 233 239 229 299 241 93 27 22 58 88 89 170 215 75 149 254 192 241 154 285 35 40 34 288 49 288 34 254 242 196 107 55 108 311 52 
341 282
223 23 269 255 210 1 27 95 136 326 256 206 111 243 203 127 171 242 187 215 72 215 326 359 171 287 139 95 26 162 187 110 182 263 277 57 267 188 260 213 251 36 165 325 348 193 27 338 265 118 233 11 31 184 48 44 220 83 8 248 140 57 209 312 341 106 350 222 291 348 286 66 143 44 280 100 138 123 123 274 82 104 342 23 9 46 45 66 351 77 177 177 316 226 176 76 352 210 123 87 267 330 312 27 325 78 268 204 205 253 337 229 104 151 306 292 177 351 14 32 237 303 320 348 297 297 208 197 197 346 195 173 92 72 163 222 133 67 46 167 237 118 313 217 317 213 163 120 216 155 352 163 182 121 350 212 188 30 350 45 295 147 193 300 12 156 103 199 66 157 217 147 330 241 181 14 259 72 317 103 169 323 85 240 85 123 192 130 233 144 314 14 285 38 182 275 166 247 245 182 183 232 263 161 210 358 10 273 300 348 36 281 58 262 312 293 178 161 253 300 245 171 262 345 89 25 69 13 281 282 119 187 353 173 39 160 285 230 108 119 147 102 285 30 135 205 28 270 56 40 357 229 262 68 37 334 331 55 166 333 145 352 343 127 151 157 91 245 228 54 73 343 304 22 4 130 13 98 81 234 68 136 331 203 33 20 166 3 325 37 138 328 257 268 191 183 301 327 218 187 184 224 21 276 166 45 204 226 293 278 188 7 247 314 36 272 109 82 156 133 82 265 268 265 209 89 182 97 267 100 249 246 269 306 245 173 25 288 207 125 154 
28 68
231 257 24 59 252 326 275 160 25 126 245 104 19 145 294 251 179 25 160 3 192 189 290 167 46 221 186 227 
141 204
40 122 51 194 310 187 3 281 188 149 103 229 176 260 222 315 150 262 41 264 329 318 272 292 142 171 64 265 295 72 272 50 160 123 216 31 238 126 286 250 244 345 354 165 271 12 32 192 165 334 291 313 221 275 2 290 71 0 128 85 299 197 87 32 260 51 253 325 121 149 142 353 180 23 98 294 27 102 318 176 215 222 151 344 290 319 225 236 149 30 278 12 103 336 261 336 223 302 350 355 9 332 171 65 78 81 23 244 313 174 11 334 307 328 158 90 350 50 200 297 35 67 28 252 200 135 7 11 315 309 67 59 333 289 30 6 155 326 138 52 272 
249 272
83 215 255 140 153 7 344 83 318 225 271 24 89 186 150 252 100 333 245 256 246 123 23 156 20 80 207 97 338 165 287 84 213 300 128 46 253 73 226 207 327 349 54 143 353 185 129 86 226 202 133 325 352 232 263 320 212 104 247 178 224 116 29 25 247 340 175 78 324 131 250 14 144 24 341 221 41 292 18 236 214 227 107 336 88 357 103 46 45 62 267 0 120 136 300 124 340 292 116 151 126 98 30 142 261 53 169 19 275 259 187 68 267 162 78 353 62 6 210 347 206 171 214 158 47 32 156 43 294 292 340 117 51 324 191 238 157 310 234 197 141 39 236 174 309 144 28 337 250 329 278 304 140 158 14 280 19 147 311 233 96 101 73 79 195 336 296 119 116 177 310 72 12 88 16 196 113 58 231 57 169 201 162 226 351 261 211 93 257 268 140 174 170 292 133 247 264 329 92 37 91 222 259 1 227 238 329 133 100 240 279 64 311 24 236 32 236 343 288 149 284 119 203 168 314 333 24 50 23 45 56 300 340 134 173 249 355 67 15 130 122 93 153 42 242 339 32 193 59 
241 29
51 96 101 314 220 337 111 83 103 155 144 227 95 112 159 18 149 120 95 185 347 55 50 158 77 261 331 152 199 198 183 181 219 29 352 79 160 103 52 15 198 53 226 241 311 330 102 142 1 183 314 300 329 8 2 133 0 201 56 300 292 1 211 162 202 49 46 56 56 149 86 153 65 164 242 75 129 0 331 284 158 32 39 206 145 295 294 178 92 142 263 201 196 187 252 203 285 242 344 308 114 319 218 157 64 334 258 238 57 102 253 149 3 338 270 73 335 179 80 188 30 297 149 328 41 129 153 267 17 137 191 346 241 330 201 75 147 50 147 247 105 131 306 239 218 192 300 7 47 168 346 312 67 276 359 344 228 107 179 297 339 292 353 200 11 82 32 299 6 26 327 180 261 6 204 338 59 179 205 221 163 121 27 159 149 34 152 300 205 278 167 343 85 7 344 31 177 305 27 16 280 272 27 57 119 140 152 194 234 162 224 175 57 115 192 333 16 49 23 21 32 117 41 196 236 138 315 133 94 332 279 116 69 249 105 141 310 170 233 21 59 
91 221
202 282 260 214 183 99 243 44 341 187 183 28 20 47 359 168 293 118 124 6 122 82 15 220 136 49 61 62 82 211 68 27 238 225 285 115 51 147 125 42 271 258 291 239 125 3 254 180 39 302 106 252 55 55 309 320 135 311 167 228 108 316 117 116 122 272 196 14 196 226 350 345 213 344 223 26 248 216 40 345 136 181 68 318 38 243 234 276 183 276 345 
237 11
157 76 180 72 158 143 129 227 142 197 325 302 179 198 172 10 28 97 43 223 30 187 42 135 358 8 57 187 261 216 155 57 273 213 263 274 30 275 126 212 239 306 209 354 290 167 282 156 248 80 153 294 308 64 315 210 29 88 24 180 153 159 158 352 248 41 26 205 288 271 268 12 176 91 226 346 59 265 165 297 112 289 142 84 243 179 114 185 99 93 281 198 206 12 78 302 74 279 98 59 238 278 287 256 209 241 224 158 353 256 252 69 143 295 154 140 276 348 235 292 96 356 305 247 209 159 80 333 75 215 327 313 217 148 340 230 294 346 271 356 113 248 32 1 135 234 212 70 333 294 58 328 41 340 172 270 298 7 36 125 151 358 307 70 276 75 338 230 134 313 166 68 121 122 209 185 131 296 35 0 60 301 5 76 137 228 234 3 358 294 290 59 152 40 359 87 87 284 279 334 160 132 343 92 32 303 145 16 71 136 304 133 147 55 143 244 106 95 237 342 330 333 101 288 178 112 251 221 181 237 309 264 274 262 188 298 321 
243 117
214 174 51 215 144 210 317 98 307 35 334 165 78 329 31 273 155 112 132 138 168 197 285 346 320 274 167 325 335 196 137 59 275 250 54 5 129 356 157 63 1 255 134 147 277 296 154 30 234 11 168 213 312 193 82 280 52 295 298 29 346 144 91 23 8 3 254 232 125 284 31 282 121 111 356 144 225 125 207 30 332 119 341 167 265 25 137 330 44 264 4 288 239 338 137 47 191 34 204 15 147 276 77 294 99 333 206 19 275 106 282 165 335 63 185 302 29 8 178 107 79 111 329 268 196 266 66 356 18 260 78 315 122 349 86 106 138 52 36 66 43 318 128 67 32 245 161 284 119 73 230 6 127 189 59 344 258 220 30 146 249 342 287 40 127 199 199 209 131 260 111 176 308 51 114 197 313 244 44 34 323 110 275 15 126 152 195 294 97 105 274 219 181 97 71 5 338 228 50 313 233 345 96 341 45 296 169 244 260 281 98 180 349 218 123 20 202 172 128 77 115 124 253 105 128 245 129 107 58 13 108 184 278 7 12 178 142 21 232 330 343 319 134 
25 58
7 336 111 112 173 196 192 64 25 261 1 356 287 240 159 268 96 298 46 264 106 164 159 334 145 
242 200
317 158 156 359 150 353 309 80 331 343 7 197 255 200 124 138 95 334 302 71 8 281 292 62 158 139 291 295 47 107 41 240 221 262 108 141 125 46 155 267 84 242 124 125 288 198 328 325 97 248 20 108 176 271 263 261 9 50 168 24 330 259 314 13 82 250 70 19 314 40 35 143 96 71 160 297 47 18 297 226 299 218 211 112 247 98 51 335 28 41 94 73 285 169 116 338 240 104 63 329 205 14 12 176 332 238 312 350 116 286 332 272 192 182 148 87 192 44 281 140 155 17 176 201 68 110 199 339 357 154 181 212 63 186 227 322 333 286 264 349 36 296 81 140 83 100 269 246 166 266 52 203 348 95 155 237 324 155 112 120 340 104 195 264 158 158 182 243 39 14 210 314 7 328 96 108 16 204 284 37 283 177 284 280 300 225 356 256 49 227 28 48 162 5 263 7 76 40 170 306 253 143 261 126 85 211 69 279 69 315 337 278 267 104 248 294 327 288 24 260 174 93 312 98 41 239 46 123 355 35 105 86 337 273 30 18 123 125 301 234 98 66 
282 194
240 294 181 221 207 82 152 335 197 350 234 207 334 277 257 228 165 103 208 94 107 178 302 223 262 135 268 152 299 106 276 23 141 310 185 49 344 10 111 197 151 69 197 61 142 262 135 85 67 281 343 232 149 281 180 144 115 308 338 187 340 289 250 257 169 349 41 36 214 268 197 66 81 337 91 208 28 292 265 40 262 320 124 346 82 49 259 249 350 163 310 147 58 358 155 230 275 70 69 129 185 339 185 238 345 295 295 189 336 11 198 16 197 63 207 149 201 319 334 267 150 307 188 45 209 352 91 354 25 128 65 149 171 126 141 274 67 188 266 253 306 173 232 215 216 113 95 173 120 222 183 178 13 8 71 260 28 34 333 105 83 102 185 302 0 297 37 343 93 195 235 316 207 215 30 288 180 65 359 133 245 342 256 270 225 42 79 156 53 82 96 320 89 196 302 181 165 337 117 269 18 290 228 44 9 223 50 334 6 288 39 210 146 190 212 325 294 288 94 244 219 26 260 186 337 294 184 183 2 241 142 63 304 48 244 185 139 343 211 28 231 145 293 252 96 290 54 351 85 257 60 170 259 62 329 8 236 214 91 213 116 236 207 234 235 83 300 44 97 59 110 114 236 189 303 296 251 100 207 169 100 264 
259 360
277 300 328 303 158 192 144 128 176 117 303 314 339 73 222 324 150 114 294 315 62 152 103 8 51 345 18 27 173 119 56 233 68 164 73 89 292 359 71 204 306 327 176 51 59 89 37 40 277 273 207 121 90 182 266 266 157 275 123 116 213 15 29 88 125 284 340 172 125 195 17 85 80 80 71 162 254 276 346 44 24 231 77 217 242 167 171 163 151 256 132 154 287 179 296 240 260 78 16 76 86 346 291 272 174 220 13 306 190 98 309 308 340 337 52 146 310 26 127 193 115 209 106 119 136 89 40 102 37 19 77 319 21 5 3 162 39 22 192 289 324 107 24 208 224 7 286 267 269 112 65 310 303 14 170 288 285 269 81 74 76 237 70 24 189 218 110 66 60 298 351 323 62 52 203 107 245 207 68 95 232 160 274 359 198 175 78 179 140 51 263 233 237 197 161 296 28 264 81 308 141 134 87 118 7 250 24 233 123 241 254 258 312 135 334 221 157 174 181 203 148 21 251 279 43 143 126 280 58 128 71 344 21 194 72 260 233 2 247 304 147 141 69 96 308 243 278 171 56 212 108 341 282 31 93 349 221 230 331 
124 146
303 346 10 335 169 78 83 240 287 9 172 228 223 181 287 107 162 197 18 353 26 35 7 256 241 8 308 254 344 351 176 25 230 34 233 138 275 65 157 245 12 262 350 10 253 348 15 241 83 230 156 103 343 49 51 251 287 306 80 280 201 353 114 240 283 214 293 181 5 304 62 229 210 113 317 259 297 252 35 232 84 33 153 303 50 99 275 71 98 190 52 278 52 153 312 256 221 321 136 320 88 41 219 155 225 314 263 330 32 172 59 106 185 142 7 203 240 171 54 15 328 104 58 94 
292 323
218 107 3 174 58 299 182 287 87 254 123 66 338 75 154 155 311 79 357 70 252 326 43 188 74 304 243 159 296 63 328 219 54 54 88 21 6 10 77 60 73 284 159 14 123 207 94 159 196 121 212 87 123 81 36 159 208 167 295 187 159 305 73 147 49 64 228 116 337 232 157 317 3 175 91 92 187 278 87 260 114 330 196 239 77 138 264 191 195 170 94 223 280 201 253 119 97 7 52 150 301 68 113 2 86 42 15 113 179 338 216 280 310 48 309 122 112 56 213 223 217 143 271 340 20 340 109 82 103 233 35 103 224 324 303 260 304 30 140 30 340 3 205 245 218 85 171 104 287 356 332 1 191 332 61 44 63 173 345 9 278 107 223 184 201 198 19 88 257 100 356 329 181 306 249 51 116 248 24 224 324 332 215 320 353 59 84 247 123 142 183 174 37 324 298 219 92 33 112 265 255 187 145 10 325 349 232 288 98 196 88 172 81 300 84 306 86 315 70 312 179 156 171 349 123 152 336 249 331 154 140 331 3 197 20 253 302 56 236 121 158 186 272 205 102 171 45 149 197 82 239 291 84 229 213 24 287 351 167 165 9 4 82 354 343 151 338 269 81 336 41 232 114 189 11 106 141 300 315 237 295 197 12 196 326 98 185 299 294 186 251 101 
103 123
354 271 2 317 5 328 7 89 148 342 191 257 170 249 256 312 302 60 12 323 17 168 289 95 217 273 323 232 114 179 203 146 61 289 40 130 270 181 100 122 0 291 310 199 244 40 64 28 207 238 63 289 136 76 156 163 228 344 114 251 298 74 220 158 139 60 110 102 45 193 57 329 134 62 92 101 43 346 19 150 309 31 146 45 133 198 250 346 309 166 337 287 354 12 287 119 206 178 302 179 315 222 24 
262 326
202 128 236 306 188 142 283 309 203 123 17 162 67 238 264 27 83 158 39 53 38 61 67 146 61 4 183 133 291 298 44 309 229 52 353 155 148 199 33 236 232 257 123 94 241 132 79 43 250 165 355 187 206 219 199 312 196 305 140 49 96 289 256 86 37 333 61 280 356 190 312 305 42 259 29 236 19 316 28 82 17 200 96 85 39 285 66 232 140 297 283 279 277 325 119 111 134 344 56 178 341 124 143 70 120 87 131 212 283 153 256 108 21 44 351 135 101 349 312 129 236 16 331 40 61 221 93 145 133 113 321 58 61 185 193 76 248 112 51 124 337 172 237 215 182 182 29 107 328 305 241 80 97 235 64 234 173 246 195 337 338 345 268 120 240 158 7 317 149 100 340 159 222 184 301 115 266 323 28 0 324 345 250 136 304 275 142 267 14 181 138 206 241 223 13 212 107 270 173 5 260 270 342 143 263 98 357 325 12 114 131 66 155 17 72 136 197 301 215 108 257 15 6 349 77 336 184 117 262 17 186 275 180 293 68 39 333 47 0 27 14 148 27 38 104 6 240 207 342 68 5 13 261 92 154 59 37 183 205 347 327 20 
51 228
148 66 253 260 56 125 131 84 225 297 277 139 352 109 31 55 197 77 54 341 353 55 56 162 147 274 87 46 113 340 161 62 190 75 21 263 65 62 78 42 163 294 71 116 283 160 235 197 189 294 263 
105 43
137 333 168 156 52 283 185 24 238 1 262 215 249 78 177 173 218 351 193 132 81 62 40 218 201 157 325 5 86 100 250 48 20 278 92 135 341 252 212 355 18 192 143 131 90 352 77 162 64 74 31 12 73 273 81 27 245 150 358 61 136 303 280 53 126 314 296 12 285 50 37 42 211 96 238 77 251 315 341 295 354 335 238 344 290 163 131 111 96 83 284 143 359 155 37 319 288 37 73 124 347 337 17 162 121 
314 315
44 184 234 323 348 301 254 330 81 314 73 91 70 244 24 281 312 17 247 242 78 343 159 48 66 12 69 210 161 158 269 32 149 224 87 132 253 103 92 291 240 254 224 202 236 343 147 237 241 182 160 222 2 162 346 249 40 226 33 312 84 212 238 155 311 99 255 28 352 230 221 116 20 81 58 28 259 268 57 205 277 162 90 52 95 93 108 123 15 121 211 340 191 142 316 343 206 92 238 225 48 3 256 337 248 252 78 176 29 118 225 83 49 184 286 348 229 222 225 178 214 117 228 116 257 103 221 205 68 40 272 48 17 155 38 13 319 122 234 241 108 177 48 7 207 91 176 305 0 41 268 16 197 352 0 260 281 250 115 232 188 276 32 136 194 260 218 155 191 16 107 357 183 218 302 23 63 108 226 61 159 217 122 128 346 307 83 266 269 26 269 184 133 210 67 112 202 264 56 247 314 165 134 248 273 86 218 322 124 300 21 260 34 1 66 33 236 99 233 29 241 233 134 133 271 154 295 56 328 24 205 260 283 15 25 292 265 184 111 131 164 123 47 322 76 149 279 97 29 119 196 133 311 291 188 208 208 198 352 263 107 353 316 252 177 126 350 127 98 253 192 46 298 216 118 25 118 212 243 334 125 93 210 181 34 40 284 354 189 79 91 41 299 36 135 354 78 249 70 221 249 143 59 324 237 115 314 35 36 219 32 22 218 114 
172 145
303 162 169 102 245 305 179 99 151 67 76 279 296 7 201 308 225 330 240 312 77 33 60 251 215 215 231 322 321 74 78 38 94 306 169 22 112 217 295 227 55 244 27 283 35 52 353 153 20 302 269 87 307 325 53 133 250 282 309 138 210 327 328 128 148 62 191 117 43 245 356 233 305 173 179 54 178 250 171 289 282 295 242 99 81 261 256 293 290 244 218 218 151 81 194 316 267 29 81 276 54 342 222 12 263 254 20 160 193 202 41 175 141 104 16 295 355 49 237 151 84 298 124 201 291 340 323 322 211 121 339 236 345 305 255 206 310 203 107 31 143 291 140 222 275 125 90 116 233 327 350 79 77 237 153 92 74 19 170 146 27 143 308 213 268 39 213 327 207 285 201 79 
179 324
221 105 184 256 138 67 194 242 173 299 192 59 139 256 106 173 135 328 183 290 315 29 153 75 42 353 2 47 20 340 13 172 213 19 44 196 85 332 228 115 70 332 227 352 61 36 140 102 24 333 158 161 124 242 308 0 346 16 324 52 272 323 269 67 256 86 320 331 340 334 72 11 343 159 151 3 14 162 165 38 199 27 243 173 113 239 103 80 256 10 341 332 101 246 271 161 84 126 340 221 20 315 42 73 324 196 5 21 325 341 256 55 108 310 340 199 13 303 234 319 309 288 311 161 65 156 183 13 344 352 19 304 329 102 355 240 1 322 333 225 106 287 195 32 81 234 73 222 296 143 223 130 188 332 118 88 131 246 327 212 320 135 135 86 115 259 184 267 178 222 24 124 6 22 289 331 305 140 228 
73 163
280 196 205 309 358 257 119 284 249 58 172 230 338 166 181 116 21 85 229 255 349 334 280 172 356 93 268 216 168 9 329 266 184 139 340 79 277 57 82 332 95 202 76 267 359 239 151 78 110 296 82 172 147 194 289 311 340 217 304 95 40 66 317 227 231 331 344 351 343 298 36 2 311 
111 337
192 180 267 271 18 251 174 229 335 124 99 49 182 2 231 151 62 160 285 20 165 121 151 249 248 149 157 322 254 346 217 27 255 181 236 104 348 67 346 252 259 13 299 311 221 224 228 207 97 172 209 163 127 63 205 161 169 198 356 270 323 307 35 247 217 230 2 299 178 52 281 161 318 291 202 301 95 282 338 14 240 344 195 53 263 253 317 217 312 251 14 31 345 65 94 92 278 50 204 137 347 62 54 218 309 323 0 204 331 69 235 
278 58
234 7 13 63 250 277 237 205 230 257 246 307 246 149 273 353 58 114 304 327 132 333 88 187 29 341 157 114 226 338 74 55 77 125 38 318 195 158 118 223 217 224 348 158 347 86 158 149 245 183 293 59 350 23 67 237 111 85 90 241 311 1 152 340 129 10 239 185 21 57 119 203 198 205 128 113 21 287 335 324 198 49 98 246 130 119 317 135 135 328 220 213 300 347 4 93 19 97 248 120 121 40 75 251 23 116 95 167 207 194 84 81 73 300 163 156 345 35 179 156 88 5 339 93 297 45 351 76 319 351 146 99 211 102 197 274 150 278 84 203 323 139 267 162 182 335 5 357 162 63 343 267 255 20 127 205 26 57 9 326 215 345 12 16 326 123 65 182 207 187 291 192 129 308 324 281 322 12 235 129 94 286 62 103 62 47 71 187 38 83 196 158 38 257 89 297 349 183 233 167 291 152 180 227 338 116 77 130 22 290 256 48 330 94 292 266 348 122 210 110 344 139 177 2 322 292 257 308 123 298 101 211 314 86 166 37 225 260 286 138 57 206 46 141 287 131 91 342 165 246 287 229 241 6 329 187 301 116 249 41 252 67 247 151 171 283 164 241 109 31 19 114 56 156 178 316 162 309 
354 33
3 3 275 290 65 110 85 208 84 36 213 68 297 200 356 248 31 322 282 341 299 351 266 339 55 94 151 329 127 165 211 191 173 322 334 244 80 146 5 318 236 110 40 108 183 178 159 123 337 126 339 66 144 288 125 297 115 295 284 201 239 240 111 300 255 249 263 13 228 147 278 339 143 41 62 28 261 88 265 14 108 93 345 9 116 148 70 351 240 182 124 343 37 74 343 2 284 236 339 273 86 260 40 4 79 243 258 228 56 298 84 41 100 37 137 4 161 318 232 276 294 332 254 3 183 301 311 121 48 252 233 324 66 129 5 134 263 255 340 357 190 222 39 50 40 99 89 249 169 218 272 182 13 51 101 59 321 280 235 37 334 276 279 313 65 254 124 176 31 14 289 139 28 226 138 192 311 200 142 270 205 37 11 187 198 335 196 62 55 357 212 157 0 64 312 306 236 344 37 173 182 159 64 146 205 146 19 101 160 214 313 259 188 30 157 128 261 151 228 1 227 97 295 337 113 283 276 236 165 251 216 344 338 175 327 88 11 338 186 323 122 9 41 324 334 314 296 264 304 269 356 278 253 236 28 126 198 317 251 129 293 146 117 15 211 343 59 0 191 263 233 183 221 78 353 47 186 328 203 233 8 207 163 265 189 72 128 18 320 218 116 176 331 232 106 7 244 147 236 79 347 209 320 81 284 173 343 203 44 267 103 338 237 267 61 153 96 163 257 95 294 179 75 273 61 293 99 227 149 7 231 1 49 320 174 157 131 187 249 292 221 65 89 235 71 267 214 103 303 260 277 117 252 247 
207 241
87 112 62 142 89 216 9 47 300 87 136 93 135 220 276 78 48 144 194 352 87 58 233 222 56 266 25 12 0 156 263 211 174 135 15 5 48 212 156 214 291 146 185 16 52 276 115 285 111 149 129 215 230 255 353 169 148 160 43 32 332 101 316 101 219 25 280 339 2 56 345 316 260 223 190 79 344 199 93 51 313 91 290 127 303 298 273 198 76 321 292 273 220 224 55 108 181 299 1 234 322 81 308 176 315 347 31 305 10 15 56 24 81 19 164 254 242 20 341 352 179 189 195 82 82 41 98 234 296 194 97 218 59 149 351 321 234 206 120 132 265 21 331 350 343 108 9 104 142 283 253 41 172 332 220 223 63 32 146 89 305 321 50 170 196 72 203 349 331 230 5 279 169 256 51 240 2 34 255 156 204 95 179 51 312 65 339 184 16 97 53 322 244 28 291 92 10 326 155 129 30 346 247 122 331 54 67 
201 68
53 150 44 217 40 72 350 176 253 78 316 204 322 221 269 238 230 18 341 120 250 187 230 200 113 64 250 334 130 104 274 66 148 136 200 208 120 95 244 294 69 128 51 272 349 120 252 146 138 225 194 243 166 5 136 269 279 107 49 159 188 202 265 315 170 219 286 179 183 74 231 263 85 10 127 128 283 130 323 135 60 1 296 82 147 280 183 141 256 19 188 122 161 245 225 9 146 116 185 271 55 350 20 315 321 119 11 304 155 173 113 67 36 63 60 282 306 209 182 164 349 254 203 162 317 92 148 350 87 284 237 50 295 38 338 134 226 4 107 17 326 275 36 184 319 251 200 44 204 111 272 76 56 325 334 29 207 104 66 45 342 70 174 125 94 136 252 116 45 91 42 271 189 266 160 85 4 350 304 270 180 114 97 307 321 206 61 356 330 119 36 18 12 313 187 274 25 127 296 127 204 
258 106
32 61 189 134 67 296 10 88 188 57 265 348 216 255 306 52 14 95 331 161 220 250 72 115 323 53 354 186 214 153 310 342 60 196 157 247 269 23 25 349 207 173 172 29 250 206 230 318 194 189 306 3 76 178 17 188 335 143 264 132 60 89 90 167 276 140 229 193 117 122 4 148 271 14 359 83 186 289 78 207 222 330 60 317 322 119 28 174 271 333 170 62 242 261 273 310 177 222 12 26 215 318 92 62 258 146 132 147 43 4 204 184 330 293 19 304 54 174 358 347 251 205 123 10 205 274 32 82 244 327 333 260 292 42 188 94 131 205 308 259 266 233 38 324 95 97 200 287 50 278 358 74 281 78 210 167 101 240 239 61 91 99 161 319 154 22 215 113 63 314 153 27 47 221 17 317 251 156 291 329 26 178 342 114 141 315 298 98 75 65 185 182 228 0 57 70 15 114 213 297 207 326 190 12 16 342 358 338 10 336 304 125 152 130 198 194 75 198 213 64 79 204 8 22 204 70 241 159 351 71 84 99 298 39 11 24 327 340 218 30 292 189 8 271 32 253 357 33 71 167 126 237 103 17 332 243 190 95 
251 212
277 231 250 152 108 45 251 12 72 272 205 208 133 100 11 156 99 18 50 75 342 21 100 84 204 40 234 207 95 184 328 350 271 92 262 212 316 18 186 255 21 220 191 109 216 226 353 203 269 287 298 265 218 30 235 103 52 0 337 15 121 126 103 264 67 349 279 221 118 189 329 101 321 85 39 57 145 271 12 62 155 327 346 310 348 329 37 272 292 79 30 339 10 237 105 222 257 189 155 189 277 253 161 106 336 24 68 124 217 131 218 38 271 249 56 140 339 230 28 231 99 20 323 285 179 245 267 136 25 300 49 40 181 61 35 145 298 203 234 112 8 200 43 0 201 30 183 290 13 297 323 321 190 76 42 155 229 333 122 340 223 0 0 221 324 190 78 308 244 4 301 275 351 178 137 351 325 95 12 193 328 131 14 108 114 168 309 192 174 214 59 232 347 106 152 273 16 287 271 7 77 183 217 308 210 336 163 76 58 110 146 108 57 108 60 338 327 304 157 273 190 82 328 358 203 334 357 19 296 180 105 142 44 160 133 58 26 117 158 4 145 219 305 258 248 338 300 291 355 185 191 
116 159
82 170 162 179 319 7 252 359 206 274 71 232 358 330 271 167 252 260 240 253 257 223 173 157 261 353 81 345 359 51 236 355 244 298 194 13 24 341 147 74 322 302 208 185 19 117 77 179 346 131 104 160 122 34 43 121 169 357 197 41 170 303 93 164 27 332 315 25 205 145 112 338 222 68 29 245 334 244 296 171 114 102 6 23 339 138 238 308 128 129 157 258 243 71 342 124 317 31 107 261 95 47 256 304 98 69 232 67 316 47 163 254 153 297 326 318 
18 292
58 263 86 211 293 87 280 183 333 316 206 217 198 309 344 185 329 289 
352 195
209 88 344 297 2 180 182 167 53 73 216 340 260 312 82 215 150 20 337 65 332 170 189 196 106 138 350 77 50 90 34 16 288 114 108 241 260 196 315 187 30 318 180 149 289 186 130 291 164 94 358 297 236 286 182 134 88 147 8 315 345 56 194 307 191 197 101 249 230 229 151 25 36 207 75 171 14 305 225 238 174 134 90 190 146 322 77 11 36 150 285 13 140 201 245 348 258 228 199 113 179 274 179 73 233 88 357 213 77 144 214 98 58 351 320 322 309 173 133 259 67 242 60 195 182 31 336 139 293 128 294 11 320 292 334 158 271 42 198 133 258 113 342 247 252 57 229 181 268 187 247 285 209 28 296 348 122 177 137 262 10 331 81 215 179 64 351 33 261 4 353 243 58 196 191 83 227 259 211 101 292 262 347 130 351 344 292 140 74 215 211 313 142 278 193 244 93 169 222 27 274 260 93 261 206 244 59 74 251 236 274 336 159 300 352 95 92 278 30 124 49 161 74 118 347 122 180 206 218 295 346 202 284 19 63 46 206 282 20 186 252 258 247 85 121 57 130 354 153 17 357 253 294 204 166 242 273 82 17 150 14 354 235 19 125 57 285 295 310 147 284 20 321 160 329 226 44 34 74 9 182 111 168 247 60 348 327 191 96 152 23 142 158 53 304 308 71 333 197 234 172 109 312 24 108 114 4 110 183 13 309 351 294 183 207 197 136 322 238 310 215 255 231 282 101 353 68 280 284 222 49 206 146 85 259 325 250 54 244 214 51 218 48 125 277 60 188 44 51 172 228 298 
6 249
56 18 4 346 87 192 
124 313
153 323 115 24 20 222 244 175 212 172 334 322 189 297 106 89 175 306 50 144 87 270 197 215 250 209 313 193 264 190 303 122 42 141 44 39 315 205 5 300 10 36 198 125 5 107 154 100 114 252 18 289 34 232 252 40 25 327 254 139 306 109 355 334 63 107 218 93 266 217 162 210 247 336 344 246 165 232 214 113 120 124 219 224 83 26 149 138 336 160 318 89 331 68 255 117 291 55 157 118 154 349 181 243 104 32 272 215 90 280 172 272 292 126 247 252 244 170 54 159 177 87 281 318 
91 12
330 303 103 61 336 310 150 186 115 280 148 337 262 255 191 24 87 351 60 188 109 79 300 102 255 22 44 52 218 297 197 289 225 46 188 1 31 311 70 155 196 16 24 113 86 335 149 348 304 2 49 300 56 335 355 284 6 152 171 292 24 169 276 337 290 13 91 212 111 177 77 319 87 198 6 193 55 52 256 350 62 164 44 271 39 293 324 328 120 96 258 
278 136
240 37 334 240 335 25 324 269 163 69 212 323 15 231 62 195 300 162 119 315 130 121 25 64 133 172 153 274 168 237 185 215 311 153 277 136 207 244 5 301 167 223 47 200 304 275 336 284 57 181 349 162 97 291 150 243 88 77 139 313 85 0 167 295 258 170 123 153 209 332 203 175 162 250 292 294 205 277 83 347 132 252 169 27 257 31 311 129 171 350 24 97 57 222 71 212 280 75 18 286 265 43 284 359 311 121 247 356 110 51 26 147 333 357 52 67 186 135 15 283 19 225 326 253 102 57 328 85 222 248 316 43 176 168 330 210 276 15 279 263 93 266 358 156 41 19 197 73 225 255 130 156 140 208 117 286 279 241 161 211 154 54 340 35 342 183 84 228 75 59 313 176 20 225 70 130 105 138 113 276 351 359 306 215 145 13 82 7 331 275 102 257 71 156 50 55 247 112 283 0 283 80 234 305 351 170 120 274 221 132 118 356 114 121 357 269 286 20 22 107 254 120 117 236 320 217 237 87 274 304 111 204 246 253 359 284 292 149 154 194 251 289 289 338 232 353 164 243 14 203 122 216 164 338 96 317 181 207 338 163 106 74 29 250 251 120 232 81 2 70 266 228 227 143 153 1 258 124 
341 10
233 323 201 151 292 235 220 354 192 11 26 325 81 129 146 190 301 313 75 166 264 8 1 108 351 228 278 191 196 285 150 21 7 20 33 231 352 276 238 333 312 202 357 79 216 256 56 4 9 91 133 131 290 52 314 169 217 313 145 279 102 16 350 168 14 151 175 6 148 202 306 238 170 272 304 7 0 341 301 21 224 130 47 105 266 281 62 168 257 19 217 349 185 235 350 297 350 208 113 79 232 278 340 149 121 2 164 60 170 10 265 63 83 153 45 124 236 338 205 203 356 328 27 345 132 30 223 224 314 228 320 178 220 25 295 237 67 208 34 8 216 133 153 324 267 20 17 1 194 268 343 230 350 261 222 298 102 58 181 335 169 192 204 228 13 121 8 9 245 314 277 60 336 193 320 104 184 359 128 200 218 190 130 153 128 130 128 138 164 36 115 272 126 77 75 261 235 120 212 336 73 32 169 171 11 40 37 174 246 109 279 52 123 294 52 201 220 331 239 74 165 61 104 155 296 311 249 227 47 135 277 349 314 278 2 253 303 264 169 144 193 169 285 10 269 124 28 241 244 167 111 0 280 285 28 71 113 299 176 158 211 230 75 225 347 222 317 270 219 124 342 319 105 214 72 250 165 240 310 158 283 320 231 26 188 315 352 222 291 59 5 10 26 64 229 219 228 357 195 51 271 347 165 141 52 82 185 80 126 88 28 237 288 263 53 354 69 288 85 7 227 286 116 147 205 143 21 78 172 345 72 253 252 354 358 52 31 236 218 111 109 
81 93
57 194 161 94 15 28 58 195 340 107 133 325 142 310 125 16 42 336 161 249 106 44 11 84 214 193 142 205 249 261 173 355 176 193 241 21 204 10 291 3 92 236 172 41 279 7 89 290 22 308 223 317 210 234 126 171 293 74 200 244 114 127 336 316 245 204 162 99 50 84 175 324 66 24 173 80 191 245 17 254 25 
196 233
153 333 319 248 73 231 123 344 76 305 81 270 323 3 252 107 244 267 359 62 172 253 312 337 337 148 145 359 61 6 326 314 98 57 86 116 215 343 300 182 174 71 148 4 24 19 298 186 176 177 330 246 320 7 61 277 301 326 295 264 238 259 252 114 229 357 294 98 142 74 329 156 158 88 290 331 78 174 16 169 201 187 188 46 207 223 43 328 200 39 232 319 177 215 227 175 32 269 331 224 134 78 241 197 121 237 318 96 235 32 308 150 145 91 82 239 111 253 228 173 285 203 127 316 315 302 278 124 60 40 128 188 139 243 348 309 319 14 8 36 320 294 56 157 2 221 354 96 337 339 226 346 167 254 238 12 250 108 19 61 139 99 206 330 14 312 255 292 172 39 164 297 106 118 350 167 233 351 355 56 260 217 239 109 55 109 326 255 164 322 2 177 151 222 146 41 
102 232
163 297 169 85 253 309 17 249 309 192 107 95 21 98 103 30 41 187 345 52 201 334 32 186 133 300 86 20 194 41 4 270 258 240 219 19 176 181 64 56 166 325 202 240 159 263 227 58 131 305 97 296 102 81 152 254 274 257 296 22 356 32 108 272 227 87 171 189 203 47 46 153 252 124 52 141 177 131 174 333 239 27 164 5 244 165 145 333 54 28 257 282 55 340 267 120 5 59 37 49 170 22 
189 92
296 346 156 340 236 148 195 269 247 193 1 58 318 329 6 178 216 116 283 46 340 172 216 145 340 203 45 171 355 229 237 107 150 269 149 113 173 315 33 154 128 261 20 282 255 43 331 112 356 296 19 175 268 163 223 91 331 346 357 194 58 185 96 148 322 275 173 23 21 265 6 238 323 212 280 302 309 112 131 199 232 214 16 254 27 163 50 206 184 107 350 1 130 292 126 133 128 333 298 65 33 62 176 334 258 187 291 90 106 81 330 268 36 47 58 291 343 265 156 3 51 73 205 186 36 18 19 48 202 210 184 231 27 187 283 164 55 137 257 88 45 216 101 348 190 186 245 318 13 94 272 282 49 109 246 221 48 91 178 182 102 94 233 280 126 203 60 108 315 354 264 77 177 26 2 8 273 39 37 227 247 254 28 164 331 25 192 295 180 
202 69
357 313 83 138 136 233 243 90 51 317 349 225 122 233 220 17 279 87 105 339 281 248 102 334 322 26 225 24 223 112 176 62 273 202 183 133 178 325 126 119 203 65 62 57 208 115 181 202 40 190 88 135 273 134 65 335 278 195 308 328 204 284 24 356 337 356 350 75 146 298 198 136 147 6 132 306 56 272 273 183 102 236 204 224 115 330 88 59 97 282 25 223 196 335 336 143 354 39 48 40 191 117 111 286 349 175 350 186 262 50 18 221 159 158 9 69 249 122 25 172 304 287 194 301 333 161 315 182 10 225 79 321 329 186 273 295 302 299 222 213 181 313 204 95 42 274 275 268 55 8 52 196 59 3 57 191 228 292 37 336 249 89 98 326 303 11 298 156 101 348 48 267 299 181 150 239 183 97 174 334 177 354 263 19 10 133 171 177 145 62 80 4 169 321 193 250 12 343 171 299 84 79 
242 91
336 98 63 351 92 141 98 135 193 94 81 192 240 321 353 352 265 59 138 145 131 215 352 76 53 59 168 155 136 24 331 114 312 227 36 191 282 307 29 265 253 213 280 214 113 38 178 63 246 46 38 66 272 270 173 42 44 0 296 91 308 250 166 311 37 169 341 180 245 226 257 35 315 198 299 19 26 1 28 147 104 109 185 235 270 327 309 234 134 162 30 315 16 100 195 99 225 89 278 214 79 67 1 118 113 77 98 330 235 197 18 159 261 88 244 272 249 324 320 206 70 302 248 281 57 356 31 349 129 336 354 336 131 306 251 175 239 343 182 88 169 38 242 197 102 190 94 247 307 107 169 8 96 352 18 90 263 220 72 233 79 230 87 162 183 25 252 342 104 54 64 358 26 213 74 176 144 274 155 305 44 31 291 28 56 99 158 252 262 145 242 239 251 172 204 254 149 354 242 81 320 259 329 186 301 313 251 317 356 203 104 123 88 14 233 263 81 72 17 210 90 263 237 26 70 114 308 128 274 92 143 45 127 5 120 80 84 269 28 279 71 164 
55 312
92 174 285 141 139 109 332 262 116 128 213 198 322 270 177 59 350 153 15 125 200 278 328 142 219 114 135 20 117 293 320 303 356 252 144 354 353 140 329 124 327 246 269 51 6 306 33 149 26 71 59 171 55 162 29 
208 348
166 172 198 143 231 110 74 349 52 102 79 107 237 292 270 294 132 230 309 279 119 354 4 213 22 129 236 322 339 157 88 3 273 340 126 336 311 65 15 212 167 140 74 25 204 248 130 40 37 261 226 231 268 269 136 68 153 137 198 106 118 79 336 24 190 300 160 358 111 99 222 180 1 238 33 139 104 159 163 60 344 343 290 129 33 315 109 104 17 193 340 102 62 44 173 237 213 136 104 173 48 5 186 309 290 152 342 343 294 83 42 157 359 23 8 246 311 71 67 71 67 232 48 39 211 210 300 348 159 230 47 308 192 114 276 202 34 169 173 125 287 56 236 117 194 61 331 136 8 39 67 235 53 40 112 355 62 279 82 310 89 238 105 326 6 182 282 24 138 328 227 129 263 344 171 158 70 176 84 116 201 240 232 119 290 216 125 56 215 346 135 308 240 301 154 110 11 86 56 53 108 200 85 78 238 22 86 292 
208 139
41 54 65 159 210 126 13 319 277 345 37 141 120 11 322 267 244 189 340 12 80 326 60 274 241 212 122 328 45 278 6 295 333 83 104 187 56 351 217 12 131 286 203 260 12 306 140 277 13 297 235 64 25 166 39 279 259 41 27 62 348 48 129 326 319 283 79 296 357 176 17 193 319 347 234 144 188 332 135 324 32 229 301 256 257 56 127 83 75 142 268 172 193 193 154 244 200 96 243 312 12 123 90 7 280 58 148 39 327 186 83 56 134 260 52 345 317 162 300 206 75 295 301 113 19 3 249 24 260 150 114 129 248 356 220 111 83 112 308 37 246 60 304 138 224 256 188 323 271 229 294 339 345 142 235 125 127 181 48 140 51 308 312 276 199 155 355 33 168 76 348 275 42 183 31 42 27 0 173 9 57 268 347 296 265 227 243 92 203 344 277 57 43 272 266 250 168 138 99 187 283 115 300 99 351 200 98 133 
331 329
231 184 199 170 257 110 267 140 79 218 39 281 116 152 294 47 242 273 150 229 86 155 90 313 21 74 329 230 204 0 344 344 216 49 297 57 185 250 15 325 291 341 304 354 330 62 27 149 39 69 255 164 126 40 55 156 275 65 163 163 322 99 115 35 15 117 229 113 133 37 141 65 254 8 359 75 161 175 153 266 16 150 286 323 204 277 154 155 73 266 103 315 326 115 242 106 35 7 145 313 180 196 120 357 359 57 189 343 24 343 56 20 65 33 306 187 224 82 228 291 316 283 106 328 30 301 286 56 58 28 356 290 176 342 317 247 245 292 106 243 357 228 54 36 54 29 347 188 64 359 194 355 246 348 198 260 283 164 82 258 301 102 269 321 109 92 232 237 60 80 294 355 154 252 303 230 178 104 148 152 288 315 350 243 192 272 64 169 225 96 175 24 180 282 118 241 146 232 158 115 159 347 0 223 346 85 262 326 210 215 60 321 6 324 199 352 164 16 355 278 177 154 128 207 56 214 320 292 313 85 13 326 45 214 155 120 186 156 4 41 224 56 93 298 57 306 211 298 19 157 300 150 331 268 1 66 92 268 338 171 132 298 319 304 162 136 182 297 79 24 316 125 89 254 61 359 141 9 24 202 61 255 321 131 240 297 358 316 104 17 2 170 239 155 269 171 80 66 277 59 45 138 128 166 19 72 36 118 74 182 304 11 142 185 250 113 159 67 28 84 237 317 153 88 45 281 309 271 89 163 235 
102 13
305 49 328 126 330 106 289 26 350 131 40 150 117 194 188 191 325 118 131 111 327 270 38 345 287 141 130 314 335 137 11 230 30 9 140 262 62 251 315 209 232 10 174 21 42 90 224 73 237 121 125 164 306 230 177 87 196 229 85 220 186 99 5 288 86 251 300 136 131 16 230 66 119 83 99 200 286 94 220 264 45 147 92 102 341 70 316 101 152 3 169 248 113 129 355 307 351 237 182 265 292 260 
291 195
334 237 16 259 229 113 33 19 238 214 225 307 179 96 66 347 171 55 44 48 318 265 23 163 153 44 314 256 124 327 261 74 164 295 83 24 183 330 282 100 171 44 249 214 254 322 214 79 187 303 324 109 86 101 69 25 49 53 219 21 125 324 47 90 21 65 239 304 131 71 296 321 338 95 30 168 276 149 246 329 42 348 45 47 171 350 35 4 71 352 173 135 179 17 108 150 65 70 229 163 68 168 286 305 112 260 190 75 338 10 235 194 346 112 198 233 311 165 272 274 181 195 140 79 316 334 258 329 339 163 195 123 219 308 223 22 294 244 9 338 11 322 172 38 41 118 211 225 324 10 177 161 126 327 32 190 104 79 192 28 121 22 279 20 141 167 167 262 37 343 245 167 11 250 224 84 335 257 37 338 145 133 159 0 5 201 131 250 120 216 209 100 136 16 327 194 214 356 23 193 312 200 210 135 210 68 266 29 357 34 187 344 264 87 115 347 135 185 234 301 269 50 139 189 113 89 38 329 1 286 108 126 144 301 236 124 50 86 287 112 203 215 248 218 272 291 293 0 359 332 291 203 294 359 332 58 305 325 203 254 157 156 22 311 147 42 223 56 326 277 116 202 87 350 289 223 308 215 253 331 152 336 142 349 199 113 333 258 92 348 155 
44 37
340 41 350 211 325 229 161 45 211 3 112 172 12 138 326 287 83 312 218 36 171 311 145 346 346 316 211 68 118 5 101 235 221 269 126 338 73 304 228 285 350 255 26 334 
220 100
311 123 131 141 43 17 41 353 147 315 270 282 168 90 10 34 93 204 143 295 268 143 263 29 112 274 324 209 74 74 154 238 265 249 313 53 343 150 114 94 353 50 305 274 202 291 343 337 57 11 76 33 235 273 115 108 199 68 145 236 199 68 33 217 339 119 161 44 4 67 275 45 2 114 13 1 134 61 53 208 345 108 294 244 183 118 295 140 94 343 322 277 129 129 229 191 330 247 63 21 252 163 241 218 279 164 219 2 109 179 203 17 114 50 140 151 31 64 124 183 199 51 245 359 87 283 305 89 201 182 265 252 154 245 169 46 85 292 149 321 245 85 213 306 282 227 113 171 41 347 40 137 52 131 78 330 67 97 219 266 162 131 13 218 83 83 176 255 234 62 72 106 6 215 50 51 285 71 90 17 302 100 161 60 246 282 282 284 164 78 111 324 33 213 82 241 253 73 37 168 170 5 39 328 83 265 248 226 247 49 21 269 245 281 108 357 267 135 70 196 
332 115
189 26 259 253 104 95 254 193 75 199 156 184 292 30 79 58 156 46 185 337 163 321 217 0 313 109 334 282 45 314 220 5 214 183 260 319 312 69 47 313 310 325 108 273 88 263 142 88 255 204 14 116 2 157 46 158 212 243 51 212 332 17 322 133 271 137 102 285 244 242 337 179 355 251 166 190 16 280 82 198 329 282 332 242 181 136 233 219 95 214 151 3 165 51 221 62 262 10 113 172 359 64 80 11 350 150 85 163 0 252 10 253 120 334 288 308 299 204 23 328 117 78 252 238 129 192 345 233 285 288 42 279 287 278 14 14 41 75 36 327 162 17 324 152 107 126 198 207 75 36 63 207 226 1 329 109 162 155 34 184 64 159 173 165 83 348 83 131 196 358 248 200 324 305 212 138 47 335 321 313 322 38 344 203 251 58 167 184 217 339 32 10 22 260 49 330 56 277 152 55 202 269 254 342 44 186 233 96 300 235 6 200 52 88 342 173 157 157 146 218 140 219 294 329 326 97 211 117 162 255 102 226 330 237 117 142 92 201 290 348 9 35 205 249 92 117 48 34 330 164 231 144 217 91 64 109 164 1 70 330 209 241 19 56 180 253 102 61 19 190 172 73 245 176 318 62 261 127 206 146 70 267 309 49 67 162 110 91 134 115 163 106 257 5 230 307 75 288 83 251 341 139 320 148 354 276 312 258 137 169 299 58 187 149 120 281 290 349 214 71 50 260 307 322 95 320 138 314 186 102 114 18 
149 128
84 323 209 34 228 292 218 66 236 146 126 73 83 183 94 279 322 277 162 279 20 93 113 109 332 153 287 69 8 45 315 82 25 140 92 120 114 83 76 231 118 167 337 179 124 244 341 86 73 163 161 272 281 276 161 130 214 168 269 310 108 185 36 243 17 344 64 154 188 345 109 77 242 347 324 204 213 6 8 86 208 219 326 54 172 190 33 238 92 249 305 353 287 336 91 9 141 279 51 92 74 121 72 281 286 73 278 269 228 37 82 4 26 97 104 98 60 224 36 8 46 67 87 82 268 47 300 279 350 230 283 43 244 312 292 290 0 67 293 259 111 290 84 273 229 343 20 111 101 
259 255
123 206 4 33 50 208 191 329 128 320 168 62 277 112 78 205 147 25 99 57 151 326 335 179 5 80 162 114 228 183 303 319 267 172 222 94 124 213 217 274 175 231 347 41 39 292 109 79 107 143 358 328 339 282 345 128 86 206 300 261 54 181 83 353 74 231 292 132 311 96 103 86 123 73 309 7 10 324 227 121 183 313 129 359 50 28 200 292 31 135 312 184 307 280 64 61 81 219 260 151 305 194 121 202 208 293 69 239 149 12 355 118 89 12 352 69 187 19 198 174 224 295 37 346 200 288 151 302 40 95 8 346 160 269 200 183 249 215 49 280 194 224 125 141 84 44 6 291 99 96 226 205 104 24 96 235 326 196 19 126 130 106 176 131 359 183 212 40 279 162 113 163 301 117 27 328 98 75 281 283 159 74 29 215 344 11 53 346 172 73 101 102 127 222 161 268 201 201 269 11 326 217 245 218 25 299 12 77 51 112 355 347 161 247 18 227 17 251 351 273 140 84 232 122 339 206 347 150 324 110 78 140 203 135 343 165 33 42 272 120 255 236 154 324 204 72 322 351 118 141 207 208 93 242 216 293 230 113 226 
280 110
306 32 132 281 187 148 217 270 47 154 137 248 151 154 67 73 283 61 20 87 56 189 103 214 301 264 209 260 122 30 162 18 35 352 268 101 258 301 227 153 95 211 5 305 80 222 45 159 292 8 20 152 132 56 134 224 325 358 356 359 321 106 149 151 148 53 262 347 149 327 288 92 149 154 203 151 200 231 55 326 161 249 328 259 168 355 336 63 70 14 197 136 228 197 75 351 116 46 73 135 30 41 86 143 305 84 346 282 123 133 284 304 197 19 137 149 145 211 54 241 181 39 269 317 280 170 263 69 171 279 234 350 95 131 171 8 154 181 69 104 42 41 83 330 71 234 15 72 325 224 262 11 289 255 314 61 150 277 27 75 227 240 259 242 248 311 88 135 23 320 110 154 193 220 114 181 352 8 20 104 41 281 46 354 37 84 133 243 319 258 153 350 257 314 191 7 124 136 58 355 319 113 26 166 311 223 352 45 168 200 259 297 68 25 214 279 190 166 25 221 94 154 19 242 33 266 311 41 227 285 246 335 266 295 325 132 80 170 114 197 329 75 86 134 16 13 93 193 274 115 292 247 139 232 243 192 109 134 146 84 300 75 19 198 286 181 353 266 8 41 306 235 18 203 144 243 273 57 142 239 
101 341
208 277 19 331 28 273 84 118 47 196 296 28 140 74 252 147 175 115 79 197 145 169 190 234 90 95 11 157 156 164 205 76 50 282 350 36 357 229 12 107 303 340 336 282 70 279 193 101 155 56 36 287 324 83 186 150 273 358 265 241 130 39 325 203 32 124 68 200 296 321 158 325 128 287 96 64 211 87 264 25 211 217 165 265 14 42 119 207 168 311 104 250 247 355 160 12 68 106 210 188 306 
