53
7 139
125 313 269 35 60 134 224 
216 84
206 205 156 23 84 130 173 33 167 81 57 230 341 160 160 132 343 260 233 145 348 29 250 341 206 136 147 313 152 150 76 270 27 25 82 218 354 178 195 124 338 73 4 125 204 168 57 19 84 2 350 236 199 255 270 200 314 0 262 34 185 180 28 128 272 341 176 0 209 292 289 319 31 214 61 297 269 16 134 170 127 94 46 332 197 35 200 55 46 221 138 169 223 279 96 144 82 238 187 46 326 197 45 309 100 28 207 25 197 64 264 339 177 120 246 164 144 26 317 39 158 359 198 312 98 306 98 302 285 109 135 92 97 29 157 42 303 284 125 294 271 14 27 224 294 81 27 65 75 161 231 58 212 177 233 13 100 320 288 10 319 243 67 112 248 296 131 267 143 50 238 90 331 344 136 170 197 7 16 88 121 342 105 72 237 14 235 331 358 51 337 237 160 101 3 264 119 159 335 290 215 105 20 158 172 170 269 17 54 5 233 237 135 50 206 259 
138 224
93 58 258 184 199 115 163 343 342 125 20 5 93 316 339 127 128 250 172 11 347 84 39 154 40 311 181 27 316 195 244 67 221 166 114 185 302 325 149 194 180 8 135 99 349 65 117 224 89 300 314 164 253 351 100 333 268 47 229 319 28 212 238 161 146 18 216 333 106 248 78 91 284 314 224 188 277 270 291 220 282 183 154 305 311 267 46 41 134 13 55 46 241 73 231 36 28 358 209 118 153 268 132 340 275 156 324 164 38 114 346 93 70 315 332 89 168 68 17 114 201 227 83 4 300 88 233 247 111 163 261 32 183 0 122 92 216 270 
102 334
51 166 332 79 146 152 345 290 171 0 40 251 346 4 320 15 68 266 228 224 77 117 16 50 179 273 281 72 340 92 209 113 278 152 171 316 25 93 74 125 35 340 312 41 60 347 112 173 51 151 355 299 195 157 109 45 189 104 62 354 225 110 132 125 304 262 178 161 268 197 299 161 207 202 67 34 174 139 131 284 224 337 200 127 156 232 159 356 43 19 354 15 305 254 252 57 299 358 52 161 254 356 
216 298
214 61 350 259 0 172 259 236 23 115 266 216 261 139 93 270 36 220 50 321 0 116 167 71 68 331 39 353 44 220 332 74 322 95 1 118 59 39 148 285 17 93 304 285 44 352 347 63 308 334 322 304 46 30 246 290 355 89 239 128 289 84 111 61 323 116 232 122 303 314 74 37 169 24 148 1 33 169 202 340 26 9 6 138 213 218 83 270 165 235 279 335 199 305 304 70 279 85 82 49 245 123 234 157 52 86 328 12 34 184 61 58 299 166 168 232 10 236 78 310 59 207 101 51 287 57 78 89 87 85 50 76 356 216 3 9 204 129 311 141 115 254 76 232 61 191 27 330 1 69 88 263 242 240 265 269 141 256 176 54 145 277 221 115 165 113 229 94 111 299 222 10 161 250 221 195 125 122 42 133 296 93 94 162 46 15 71 291 12 23 347 100 258 222 68 52 354 106 343 82 294 199 242 129 261 85 303 163 76 212 245 307 117 272 180 348 
154 155
36 225 312 76 41 203 195 209 170 78 125 238 187 248 15 140 295 158 341 8 158 64 191 53 184 117 44 349 233 242 209 75 43 28 77 68 305 131 21 243 346 175 55 189 264 208 65 227 20 45 295 301 14 141 204 319 150 37 114 196 344 54 315 176 254 311 352 237 196 67 296 281 257 91 3 40 10 1 330 349 340 359 97 159 358 240 215 356 90 351 88 174 250 322 351 85 50 330 167 258 227 32 7 160 93 339 208 35 60 242 358 181 71 100 268 153 147 110 75 112 284 319 208 297 333 16 269 256 185 146 358 189 280 230 83 357 334 45 213 201 206 227 37 290 207 190 6 349 123 1 232 359 19 202 
355 163
87 247 55 123 293 173 195 58 315 93 308 22 318 139 85 152 309 127 74 119 280 230 310 344 133 54 189 291 266 283 159 204 117 135 266 241 208 246 319 43 169 281 227 215 263 130 232 76 254 161 83 351 319 76 348 23 5 32 310 283 197 160 80 69 344 313 89 287 229 239 138 310 17 39 0 259 96 238 209 214 120 239 324 119 296 244 211 78 110 43 174 301 121 270 310 207 137 136 353 105 290 214 167 221 137 159 257 153 105 184 330 204 208 335 267 167 190 149 220 43 327 157 243 310 274 228 137 306 250 37 87 242 142 263 256 234 149 110 57 309 240 70 199 253 154 155 351 77 6 218 29 282 185 195 183 67 339 112 277 317 117 303 316 19 332 181 328 311 0 344 202 68 178 319 300 81 298 217 34 258 291 74 72 210 221 325 150 226 64 276 29 241 109 120 343 352 115 175 7 237 57 292 174 98 203 116 311 121 232 198 132 36 73 212 128 266 144 99 181 315 202 270 276 201 195 172 304 80 319 220 132 120 107 326 106 149 0 350 148 10 180 74 172 237 325 115 47 307 52 325 359 323 53 325 123 260 136 220 319 255 22 170 101 18 185 2 88 160 344 276 308 190 66 120 298 201 8 358 50 111 207 294 60 210 154 147 211 342 217 321 166 0 37 96 228 50 198 283 182 235 179 93 169 314 327 84 289 283 140 224 307 340 159 291 329 355 74 269 183 90 60 17 134 229 227 76 332 279 230 93 308 139 17 174 90 353 317 277 69 327 333 221 117 335 253 77 312 76 115 85 287 10 179 282 282 
283 142
80 203 202 105 328 211 155 6 180 280 291 73 36 250 240 304 117 29 189 137 269 217 258 113 273 263 65 72 331 62 66 281 223 174 16 260 174 204 107 159 19 24 295 194 183 146 221 249 257 343 187 340 260 151 80 188 69 322 32 158 251 203 347 170 29 327 78 122 75 32 281 283 230 157 345 73 181 194 204 284 58 302 61 296 183 189 73 164 267 105 208 159 334 150 307 265 156 20 110 201 318 161 358 233 189 273 272 302 179 7 75 19 301 347 215 282 261 316 212 137 124 287 188 103 199 310 301 276 231 347 236 109 273 325 10 49 184 321 7 42 260 155 284 134 141 60 339 143 213 140 295 72 192 321 24 67 66 321 250 211 278 222 357 315 164 235 336 207 169 345 76 248 311 11 30 116 75 9 123 324 347 62 17 100 28 63 102 287 297 219 225 166 22 31 85 235 111 73 45 115 214 144 288 341 202 28 287 266 169 346 266 247 7 284 320 241 19 65 37 331 80 150 250 280 336 40 178 292 176 78 322 267 333 82 123 11 254 211 314 331 192 246 296 157 204 323 4 57 286 9 341 352 46 220 224 237 300 101 228 281 147 347 165 309 210 90 11 171 14 16 278 187 170 131 242 296 123 339 264 151 353 12 295 
355 187
336 206 268 6 5 90 46 82 26 16 192 311 301 12 78 195 249 57 209 340 349 26 203 352 9 199 98 117 292 302 79 268 252 273 273 232 38 225 311 189 113 302 308 62 37 321 8 44 34 92 338 134 133 345 345 31 318 20 59 110 188 25 339 227 94 9 75 30 86 322 68 183 333 28 158 44 57 77 48 49 41 260 59 179 94 178 168 40 58 29 80 210 273 142 335 52 263 200 16 129 258 209 150 92 188 293 97 82 176 105 224 33 306 279 279 226 28 15 201 174 226 117 272 210 160 21 146 221 198 349 235 156 97 310 122 315 77 128 73 41 303 304 5 78 335 85 159 293 319 39 290 7 73 233 269 334 114 189 326 19 89 123 353 199 97 305 182 141 148 42 313 116 63 140 242 162 161 336 205 27 265 2 260 120 243 349 210 82 313 319 19 57 190 145 187 340 208 135 118 269 196 171 203 76 115 192 166 236 356 262 259 20 73 312 191 178 122 358 51 30 240 91 19 212 346 20 236 101 259 15 329 325 183 269 207 257 303 175 108 77 10 33 64 141 6 251 219 220 16 276 244 15 88 84 259 96 326 58 286 311 100 68 259 108 336 202 268 213 144 4 268 27 157 188 238 155 77 187 41 61 18 18 319 26 220 234 102 137 259 150 197 77 39 217 217 327 137 93 44 347 131 157 177 70 324 56 247 11 121 74 142 137 296 46 173 116 326 331 271 177 71 30 313 198 279 8 96 215 247 197 163 323 192 139 249 50 214 96 160 65 196 264 246 121 225 303 2 328 194 265 67 134 268 314 186 
164 346
309 175 18 106 344 10 291 327 214 335 307 242 255 342 180 199 83 298 230 137 26 189 294 331 109 50 80 317 335 147 335 127 250 251 183 356 135 47 15 42 352 255 169 313 69 241 201 133 102 193 80 19 70 72 310 321 34 308 65 288 129 303 1 38 192 230 222 235 328 75 347 198 103 322 58 204 20 20 146 67 169 315 156 66 65 328 32 13 316 109 123 57 222 138 23 199 135 228 317 114 88 72 213 32 203 216 120 188 283 352 278 37 291 10 330 291 66 334 127 115 41 177 211 346 252 25 124 274 230 247 53 212 287 88 50 174 89 325 32 328 183 88 29 113 294 29 301 169 169 313 207 164 70 146 316 37 68 47 9 207 224 200 44 256 
46 196
41 159 202 309 353 28 331 281 190 153 37 47 180 310 226 108 341 325 218 329 12 338 109 157 311 23 88 77 314 234 235 18 130 248 69 50 65 339 100 228 332 166 344 110 333 169 
15 234
53 250 296 266 164 156 42 201 16 274 273 60 268 40 108 
192 124
58 264 185 317 336 186 354 36 218 224 90 249 222 22 125 263 28 114 88 90 249 221 296 68 245 93 226 55 81 339 11 45 212 278 326 98 232 243 19 208 147 277 168 146 350 135 350 303 29 165 302 201 223 125 260 249 310 323 31 58 334 174 276 350 165 0 287 61 9 215 297 338 161 71 3 48 239 117 64 300 355 259 45 99 358 144 80 318 78 234 146 220 18 298 52 284 112 106 112 7 331 213 254 31 312 130 286 223 33 330 262 307 74 280 171 352 33 87 168 258 100 337 298 12 123 150 111 91 335 338 25 88 21 201 319 213 244 289 200 163 73 239 85 266 46 74 251 28 5 14 73 167 132 144 8 61 128 309 278 264 63 204 270 96 227 114 327 324 184 251 330 13 63 140 128 46 318 74 193 355 358 248 137 112 201 68 334 347 296 324 82 152 
57 45
307 101 233 175 296 260 35 70 179 210 17 195 58 307 321 100 67 253 260 61 186 303 194 155 248 101 254 170 240 289 36 159 138 52 68 117 198 75 131 260 83 121 0 225 347 65 132 325 214 143 342 29 207 256 259 260 209 
305 161
248 227 129 344 163 259 120 66 124 286 356 168 132 118 35 271 88 293 348 353 285 267 122 123 165 267 32 198 251 222 222 64 179 357 296 238 166 27 282 354 8 179 327 260 105 36 210 214 328 111 74 162 244 65 318 300 243 182 98 170 43 196 159 109 359 198 259 240 9 20 48 31 259 247 277 30 207 305 143 119 240 303 335 332 313 62 210 352 68 36 202 84 35 221 265 31 176 167 117 181 130 255 116 315 169 192 304 116 208 275 240 238 92 338 257 325 39 48 182 345 27 260 298 12 347 210 244 333 133 121 316 52 250 106 54 314 324 152 85 78 104 33 101 77 136 180 156 129 0 101 347 207 49 205 252 268 225 66 350 18 5 13 20 305 233 353 342 340 356 303 358 359 286 159 256 248 114 153 76 218 314 346 84 27 224 129 280 209 10 227 163 100 140 335 67 48 293 258 338 91 304 228 32 314 287 330 220 89 266 147 202 67 164 64 216 323 137 192 329 211 314 39 147 315 17 2 36 59 318 111 141 269 356 232 141 262 45 133 6 295 103 320 322 239 119 219 142 307 345 331 96 123 39 327 254 299 259 318 69 247 234 77 211 357 231 338 160 18 252 273 331 175 300 335 210 299 201 39 62 321 127 70 86 12 217 230 183 43 345 214 351 268 113 40 287 335 188 212 51 32 46 175 119 78 57 
179 185
284 202 62 292 194 93 84 172 1 145 124 183 303 89 7 129 193 287 193 217 281 112 351 287 240 235 216 255 68 223 299 305 187 139 112 0 233 214 355 270 73 123 117 22 230 177 67 78 329 107 40 306 192 20 226 287 105 253 27 82 57 259 226 61 147 147 76 294 38 299 119 15 237 258 183 330 301 289 330 313 230 137 45 278 147 288 183 274 37 42 254 58 176 166 293 97 188 261 99 160 62 92 223 213 197 260 228 45 337 299 91 190 142 185 254 199 296 117 246 340 58 105 129 67 195 62 229 72 193 156 345 255 267 291 82 48 218 307 34 268 126 147 201 253 81 69 138 218 127 178 148 135 227 110 316 352 332 224 19 278 260 54 151 76 259 27 18 163 111 124 160 92 176 228 344 248 40 208 25 
208 281
171 59 158 203 11 138 82 74 82 147 287 102 222 291 94 91 252 334 28 175 246 98 141 7 345 322 46 122 82 205 122 318 6 316 277 249 318 96 88 96 155 242 209 140 302 299 234 283 22 270 147 353 206 80 287 330 202 235 195 248 165 356 97 48 101 322 181 347 331 27 133 242 161 203 28 19 302 318 256 165 324 201 129 154 305 245 118 153 162 15 66 13 140 169 193 296 158 171 164 235 312 73 226 169 26 296 61 337 295 279 354 33 324 329 160 267 169 286 46 318 12 58 266 202 345 231 150 77 213 312 263 216 317 112 153 304 94 328 34 322 189 272 92 143 49 172 58 34 55 36 10 246 90 4 261 296 149 164 170 347 80 174 207 22 212 332 234 170 172 56 45 257 77 21 320 326 46 298 292 141 261 60 186 52 200 125 109 21 258 116 86 289 223 198 142 331 306 338 323 12 136 338 36 299 274 238 125 175 
312 240
49 42 172 257 260 150 185 49 184 338 220 336 95 166 17 19 260 110 132 32 71 33 318 348 205 98 175 139 211 335 345 321 33 79 116 318 189 62 28 314 53 181 221 221 203 250 157 282 189 32 316 77 11 164 348 248 218 230 312 113 135 159 163 200 53 26 28 92 53 60 178 303 50 127 192 179 209 160 129 185 162 319 228 33 76 245 157 244 130 281 138 233 229 39 84 150 341 61 146 329 68 140 43 13 41 126 158 143 178 359 97 247 298 139 89 111 86 241 204 350 228 100 9 13 211 86 94 221 254 44 220 104 5 182 6 78 320 2 314 248 50 105 2 72 129 142 66 187 258 355 54 310 204 273 243 315 46 304 318 118 58 54 168 243 213 141 163 46 15 157 170 312 188 84 327 3 138 329 12 188 297 171 213 11 141 141 117 168 248 203 321 272 264 216 175 317 190 149 75 84 266 227 145 10 106 349 182 171 286 255 67 108 268 223 133 34 33 291 109 108 253 273 228 263 284 130 117 51 338 7 92 241 20 184 31 336 83 156 171 200 260 158 19 248 155 311 235 204 249 94 286 70 109 93 335 166 236 35 268 340 178 140 211 277 230 1 337 304 72 26 355 45 178 15 308 224 273 226 100 340 350 228 9 10 210 262 150 154 169 191 351 350 108 230 350 54 24 283 44 46 139 304 152 328 36 71 184 19 216 84 285 190 
137 215
62 25 173 255 275 51 155 140 198 199 133 286 334 105 149 326 243 9 129 1 94 349 176 247 173 287 41 139 261 217 336 161 245 158 92 82 287 59 147 268 97 205 97 128 65 271 298 148 304 347 194 23 264 104 137 196 158 214 144 179 111 135 273 285 241 194 7 122 297 100 301 196 327 314 51 309 164 350 26 309 175 174 206 22 118 247 337 286 182 284 100 252 321 327 36 232 111 224 169 318 106 252 154 59 127 181 161 27 202 172 232 255 324 74 158 102 84 185 293 114 122 0 101 99 9 67 325 115 111 51 51 46 345 183 216 328 359 
319 21
97 163 150 211 230 232 262 293 329 14 178 32 51 263 298 17 60 225 301 88 178 353 284 248 229 49 301 55 26 222 326 357 133 28 279 141 115 357 169 176 310 141 186 183 202 152 246 102 243 205 81 297 244 174 198 234 236 156 245 108 301 246 31 23 139 180 235 322 316 328 103 195 11 257 200 227 149 301 101 270 321 26 165 282 185 25 6 320 284 66 21 202 143 296 135 182 16 311 199 319 157 351 55 5 120 115 350 3 223 68 345 240 57 79 64 294 267 136 282 247 145 184 107 16 250 315 242 135 196 71 86 210 26 29 100 143 212 241 119 61 122 150 244 88 187 116 189 294 59 34 348 35 120 185 241 329 80 130 54 64 287 306 305 238 114 268 137 82 19 96 180 296 281 51 70 260 289 251 50 307 75 108 81 265 271 104 101 352 251 64 35 150 65 308 323 336 172 291 320 147 67 299 213 205 119 228 349 57 193 226 123 208 129 154 151 145 307 352 179 181 295 335 153 356 25 70 247 345 35 89 343 166 304 117 280 290 38 138 25 131 36 341 326 119 241 239 122 249 42 106 334 210 165 109 82 119 310 138 56 341 326 165 349 328 141 303 264 71 90 170 267 324 300 339 303 241 59 345 14 142 120 176 226 230 211 345 137 354 269 92 160 52 257 225 143 322 97 279 348 213 260 325 298 230 131 34 262 302 22 14 297 145 72 359 126 75 184 61 39 
34 309
174 98 283 109 206 69 179 33 52 269 32 128 268 88 224 296 233 209 106 239 189 101 165 83 96 257 144 299 237 180 246 96 201 358 
26 169
292 264 46 193 44 260 243 140 118 45 251 358 309 293 92 44 182 46 316 145 76 252 232 46 227 221 
295 232
187 342 340 46 15 267 44 93 299 357 17 41 298 157 161 23 152 138 358 220 260 128 113 65 235 121 47 32 162 169 125 243 315 184 201 45 203 158 190 93 149 332 308 262 18 29 315 117 342 176 231 287 62 318 36 33 21 41 286 357 215 125 316 204 116 280 304 18 351 290 79 54 201 88 141 128 120 133 357 8 100 114 226 11 202 123 199 137 229 161 14 243 267 25 317 159 108 220 155 8 322 247 11 292 73 138 20 254 73 238 283 255 189 325 58 163 257 310 220 225 307 263 59 83 316 259 118 178 270 313 100 196 221 111 133 140 357 10 264 284 135 130 153 158 106 274 186 329 25 354 205 195 330 149 218 315 215 349 335 174 329 216 350 130 284 118 327 235 96 265 205 204 194 281 301 210 26 194 220 38 335 92 165 240 26 209 2 8 129 316 76 164 123 315 290 20 232 67 351 148 33 249 323 115 175 267 266 227 219 179 348 46 159 132 144 276 212 287 23 58 179 132 64 229 197 281 45 9 191 72 105 8 330 52 86 59 100 61 34 280 38 107 208 109 289 191 173 170 29 349 72 326 200 241 240 290 74 289 192 256 49 253 171 243 49 340 277 259 336 121 217 233 71 293 351 295 293 265 99 252 355 300 62 4 318 309 36 226 113 272 121 232 202 37 292 
91 231
79 65 255 163 0 313 185 53 133 16 170 193 268 123 290 325 67 165 195 192 295 3 110 238 30 54 115 37 102 72 172 6 193 102 317 279 123 57 334 14 179 263 164 108 217 78 292 339 243 359 225 0 39 125 300 27 3 86 23 191 304 345 13 181 209 223 82 183 269 244 262 33 151 136 175 156 315 100 113 65 139 349 174 286 359 5 229 61 117 278 312 
77 260
166 227 332 110 326 110 160 38 238 309 285 235 310 124 3 99 165 275 126 128 28 337 3 222 216 55 155 213 172 183 0 286 291 310 159 233 51 220 189 213 109 351 304 186 129 77 54 156 344 169 285 200 349 210 315 307 14 80 56 118 168 348 5 287 332 226 27 126 148 186 189 237 174 105 242 123 176 
78 8
78 177 343 344 77 325 55 174 84 205 224 260 24 302 56 216 117 256 175 14 321 240 233 147 6 164 348 342 29 347 186 338 286 101 89 118 51 253 187 152 151 277 351 260 299 327 293 298 42 289 283 306 38 108 181 137 357 332 320 339 60 259 189 127 104 128 202 154 295 105 79 110 336 98 43 69 291 152 
200 115
198 54 107 125 159 161 250 221 300 217 263 19 58 56 66 103 19 192 120 324 193 4 32 241 238 342 82 140 119 109 34 252 111 250 79 24 173 283 88 145 31 144 146 152 189 204 23 204 211 324 256 1 170 254 110 263 211 356 2 342 281 177 274 89 159 357 339 64 106 298 64 99 234 298 258 103 170 40 148 29 116 145 19 54 112 233 122 44 291 153 150 111 114 106 53 87 143 189 133 198 4 345 239 289 112 207 165 36 332 79 278 341 282 245 144 71 107 276 315 176 16 67 38 352 106 183 84 340 225 165 188 47 54 50 45 118 37 0 350 164 108 267 102 193 152 276 136 23 317 91 50 122 198 325 90 25 34 168 87 342 300 8 240 327 126 49 302 25 317 184 33 331 62 142 255 111 85 295 79 151 225 309 105 352 108 274 122 347 143 253 129 98 53 218 24 124 17 141 93 190 
269 323
309 30 319 87 295 40 178 59 99 45 258 274 197 186 60 316 335 336 92 327 61 12 281 215 16 0 208 51 126 38 232 307 285 350 41 218 177 220 270 338 73 184 26 70 206 4 40 277 45 142 297 289 301 286 37 231 165 326 22 265 176 313 80 218 103 284 1 154 26 124 127 290 23 147 293 15 228 86 57 278 326 340 75 23 144 135 112 91 31 300 13 331 190 91 189 333 145 196 155 165 166 103 352 226 134 272 140 294 329 44 137 178 142 84 24 285 287 253 279 211 330 247 315 270 345 243 90 342 330 101 266 216 335 190 171 37 63 104 229 296 325 191 138 353 77 78 35 190 16 348 358 56 69 161 39 161 300 214 307 179 21 358 192 202 4 122 213 4 84 6 44 100 240 186 342 9 75 346 55 318 62 240 332 282 52 297 285 284 171 171 38 87 12 90 109 352 191 303 14 332 168 242 158 160 14 5 233 162 226 194 261 358 227 155 43 234 357 316 65 84 87 274 157 185 213 170 56 311 38 258 67 128 123 91 82 352 335 63 359 160 349 93 324 340 30 144 309 309 321 210 126 246 130 10 165 35 285 11 349 139 146 326 135 84 133 199 171 313 341 
310 7
297 14 328 330 353 121 209 275 111 320 20 28 93 304 149 251 265 276 78 238 172 257 120 104 300 268 88 252 95 270 28 310 28 198 281 12 196 55 110 334 23 328 69 322 155 289 320 18 140 277 339 326 96 169 136 350 126 106 308 329 216 231 212 21 272 13 47 148 42 162 149 73 114 78 231 217 145 298 268 276 274 90 174 22 297 214 239 87 319 26 127 86 135 307 343 199 50 205 314 348 257 93 45 214 293 264 298 92 29 110 279 129 135 11 150 172 121 214 30 64 226 188 292 314 288 231 316 202 336 306 138 178 285 297 297 200 184 44 172 271 311 53 166 335 279 277 284 126 0 200 350 211 328 293 24 32 252 309 111 216 0 73 71 197 256 150 44 182 318 259 43 216 301 256 290 72 316 39 20 253 326 142 320 253 16 221 351 238 95 300 94 140 205 186 140 238 280 157 57 166 183 10 176 313 103 261 63 41 8 337 343 64 30 114 219 228 359 84 237 139 142 76 48 124 71 76 154 262 101 343 281 25 283 192 303 226 9 34 275 58 116 1 90 86 169 60 255 328 291 87 336 327 23 126 81 234 88 74 306 219 302 277 123 355 239 117 78 288 146 138 147 290 349 266 8 305 217 75 297 10 154 348 229 269 103 276 253 25 141 224 227 54 290 169 191 79 149 101 23 24 297 293 76 341 188 165 141 182 279 222 
248 211
176 128 351 43 103 355 199 9 163 76 283 275 38 152 85 331 148 230 354 164 331 15 113 291 17 0 107 252 205 357 180 299 125 209 70 164 145 260 50 272 32 79 325 37 107 55 269 76 140 33 180 63 31 195 153 279 215 127 224 63 91 124 215 21 266 302 217 336 241 245 356 273 40 289 344 315 6 252 27 76 256 126 30 229 118 175 45 95 342 170 221 322 236 225 163 148 221 318 165 179 51 334 48 49 355 332 284 312 121 299 210 261 255 294 196 135 328 253 168 151 23 201 6 105 146 324 144 68 3 175 328 169 39 123 250 101 304 355 17 229 43 350 306 94 251 273 99 350 29 98 112 194 110 149 349 68 175 354 151 310 301 345 75 319 191 42 10 341 353 352 236 293 341 69 207 290 108 146 291 94 15 223 285 296 80 136 169 62 49 97 26 227 283 130 67 236 291 235 342 337 195 129 150 249 226 28 341 168 126 265 279 121 182 5 240 207 75 259 109 170 106 338 320 291 111 305 124 251 70 80 345 298 13 240 5 224 350 34 320 60 338 224 210 82 57 54 253 98 
242 168
300 283 240 90 339 202 176 341 67 278 319 308 70 293 6 308 13 322 352 42 288 348 222 41 312 41 181 148 133 119 92 176 121 183 155 24 254 271 216 89 66 213 104 47 192 104 356 214 192 155 2 206 238 285 270 220 265 168 272 252 278 119 40 101 42 282 24 16 84 177 325 97 254 113 358 179 166 37 343 6 337 105 177 357 90 90 269 132 306 101 42 176 214 139 281 330 57 105 235 81 196 118 224 315 214 307 113 131 98 267 63 195 26 265 357 54 194 9 95 83 54 11 178 14 303 348 164 167 102 16 309 31 179 317 329 196 217 97 132 323 171 193 60 54 30 96 309 18 140 239 179 189 141 306 157 212 107 162 185 156 345 95 96 308 296 331 79 260 318 6 244 266 12 109 237 294 307 118 240 263 328 270 122 85 107 320 230 255 39 249 217 1 339 48 187 113 333 112 161 333 301 149 336 150 329 251 250 203 44 123 237 47 257 207 175 345 142 265 147 75 57 55 161 120 168 194 19 208 19 61 192 11 327 115 86 268 207 77 85 356 269 356 
250 265
13 79 50 241 274 179 244 195 68 244 294 350 166 160 236 125 284 82 76 297 86 270 103 100 55 123 65 270 141 341 260 165 267 152 72 151 186 239 254 85 43 105 191 3 23 201 160 225 190 332 63 289 298 278 156 152 175 132 309 132 328 88 303 228 181 240 263 252 230 149 345 337 316 334 311 326 46 290 302 153 314 103 223 60 226 229 165 66 59 293 330 42 198 1 275 248 162 31 354 1 70 320 214 251 356 349 173 320 93 18 109 159 184 284 33 206 170 14 66 181 117 119 339 346 10 272 334 145 260 123 29 267 282 19 296 316 144 93 215 60 108 135 299 162 292 185 79 352 315 245 276 343 163 47 24 111 190 24 214 357 251 318 268 86 336 87 265 301 200 156 299 283 344 197 321 297 332 43 110 152 38 305 68 0 272 51 34 158 176 166 287 63 162 31 129 132 40 230 126 134 234 79 320 22 165 95 346 110 345 131 96 202 216 113 359 56 255 321 302 256 6 93 154 228 240 22 165 315 235 240 300 196 55 107 153 287 246 290 179 116 311 164 197 245 217 57 270 190 68 287 
323 108
113 293 233 280 328 297 339 274 27 145 13 119 300 6 194 81 56 80 0 205 46 112 263 295 192 72 36 258 43 210 68 75 190 278 174 319 285 354 125 91 286 195 180 19 146 299 233 278 166 326 29 187 19 265 141 346 0 229 32 304 145 279 64 353 199 223 313 325 139 273 339 191 22 308 182 328 108 57 331 320 129 64 44 255 46 332 156 111 100 253 250 309 186 160 275 305 279 258 242 66 148 266 336 106 115 181 329 168 281 340 205 358 118 96 28 269 144 351 344 343 141 177 62 252 305 6 206 102 16 58 177 285 266 262 182 30 60 86 269 190 79 289 69 155 74 206 329 48 315 307 301 44 353 107 52 46 146 95 308 210 113 182 357 310 235 63 68 28 203 229 208 268 42 353 262 260 114 44 125 335 49 28 163 301 92 254 20 263 350 112 187 37 321 334 3 97 274 19 171 234 345 195 201 336 211 108 46 350 206 274 297 168 101 0 30 293 294 136 81 323 56 294 244 295 236 322 352 185 326 33 256 212 207 209 274 12 101 167 58 304 152 36 128 290 225 122 342 57 146 202 309 79 187 278 86 247 319 202 182 32 353 270 148 103 320 261 255 200 142 252 269 122 126 272 335 330 57 66 91 9 84 37 31 53 151 216 52 331 244 242 297 274 144 238 75 38 326 331 262 189 244 84 65 245 44 104 266 141 87 160 98 0 163 290 40 308 222 314 233 289 270 80 265 
254 221
184 38 310 6 244 299 119 118 279 145 292 83 303 90 162 70 210 333 311 91 244 192 147 237 76 230 105 19 148 133 114 124 52 303 266 62 100 66 25 106 73 331 138 47 240 7 182 197 346 10 127 195 53 246 40 353 320 40 324 86 73 60 354 65 102 132 257 183 273 64 104 1 108 18 134 196 15 295 241 11 304 184 325 143 37 193 139 332 317 23 57 78 56 227 97 240 207 261 230 59 240 112 84 40 85 243 59 238 286 325 40 151 229 178 219 346 113 356 30 277 211 228 181 319 263 53 284 35 334 149 320 288 184 277 12 283 285 118 19 297 71 277 94 219 259 4 111 315 62 191 225 33 133 357 97 74 183 59 189 55 268 157 157 199 58 221 295 342 141 306 322 348 224 200 18 155 9 163 83 75 136 249 245 181 350 64 223 154 6 22 335 164 115 246 319 335 101 111 24 218 340 286 117 144 190 7 148 98 209 155 47 291 329 194 247 49 305 10 213 5 191 165 203 39 242 156 199 224 179 305 32 193 75 37 223 274 313 15 166 65 350 151 81 289 182 297 348 215 150 28 337 203 352 256 
125 70
159 95 52 69 239 71 336 264 326 43 142 147 253 131 272 114 335 209 247 8 205 332 17 238 314 7 230 59 129 200 152 193 21 268 205 178 203 48 30 178 181 9 261 339 27 231 37 243 64 57 238 212 349 241 46 62 191 220 339 190 159 61 340 184 91 46 257 128 22 98 92 344 256 50 114 333 70 120 163 78 137 339 5 214 352 275 135 223 117 176 237 118 149 226 315 229 219 338 167 240 293 354 295 266 78 135 176 147 144 115 159 239 96 297 302 263 43 230 126 159 28 252 162 241 67 
166 27
48 104 252 124 78 207 187 327 61 245 224 324 19 57 125 48 226 202 85 202 225 186 233 202 125 47 179 260 26 218 114 305 23 159 94 234 253 283 38 237 281 43 298 5 153 120 142 91 255 186 285 11 102 73 2 353 16 231 278 172 100 103 165 91 23 224 223 92 288 87 319 177 332 96 269 257 218 74 285 140 126 323 171 346 356 1 171 176 312 205 139 245 159 214 144 71 181 295 248 231 254 166 212 91 12 357 123 26 330 58 61 67 321 67 150 155 271 228 62 181 314 135 227 164 78 88 347 101 159 331 18 297 46 88 175 158 39 28 125 271 205 336 212 53 196 30 110 175 59 73 286 286 104 10 136 226 50 59 325 66 248 302 99 178 310 301 
54 95
61 49 103 118 298 116 308 65 88 56 64 311 267 300 6 113 50 316 305 247 295 97 62 155 315 324 303 232 170 137 331 169 346 159 61 254 19 164 212 219 115 169 301 142 150 90 19 49 274 254 195 255 98 287 
278 18
307 3 324 89 323 54 359 343 254 326 301 70 101 146 345 98 250 85 262 224 313 10 216 173 302 115 255 203 165 111 228 45 87 138 311 138 54 312 103 256 295 145 25 281 134 277 254 132 48 322 217 168 241 48 151 140 107 265 224 82 331 119 33 33 143 302 85 78 192 342 302 258 230 164 355 133 110 167 61 44 177 338 140 20 52 297 12 20 105 156 217 224 233 134 341 78 5 167 52 139 323 171 254 238 59 224 116 205 273 8 324 297 45 328 297 122 33 159 322 272 73 196 160 329 338 41 252 273 305 127 238 275 283 144 342 285 35 178 272 63 242 206 226 101 85 226 117 61 35 354 114 299 32 60 288 239 275 286 223 288 291 67 72 174 277 107 147 48 157 59 325 129 50 246 190 331 307 339 102 302 57 326 288 71 217 57 333 207 198 208 217 255 134 299 228 185 82 327 179 31 249 198 83 237 248 270 231 7 255 49 59 69 212 27 41 316 4 60 199 228 203 64 50 342 355 27 260 290 209 297 37 177 36 125 222 134 284 233 285 142 264 126 14 203 62 304 58 86 174 235 225 194 324 2 103 3 37 9 102 215 26 238 167 333 317 150 317 159 121 63 291 235 254 355 77 12 248 295 
66 81
318 221 200 97 316 203 69 14 241 270 232 163 183 9 123 255 1 0 330 126 25 99 57 305 118 156 103 317 187 250 315 140 55 112 91 357 75 59 13 275 291 272 71 163 215 7 289 148 13 79 28 347 126 137 122 316 230 239 227 116 118 53 264 359 150 65 
29 207
78 2 250 101 324 222 156 82 124 236 352 264 152 242 312 201 173 321 224 217 112 253 192 28 265 75 38 28 99 
289 330
89 72 130 348 67 14 49 20 38 160 146 122 353 201 346 236 322 197 136 127 80 187 99 13 142 197 245 102 164 142 84 322 2 15 239 118 59 142 115 323 32 143 340 196 309 268 220 32 191 136 264 107 211 340 259 20 327 122 197 157 280 119 106 343 277 117 321 156 340 168 73 157 130 106 74 319 160 278 255 239 152 222 332 288 276 334 185 72 151 218 202 344 136 292 13 238 131 105 207 62 278 244 275 72 12 210 3 95 93 66 7 258 45 291 33 271 126 69 17 316 262 33 344 244 75 145 221 22 259 164 289 105 47 338 154 11 248 58 266 259 267 224 17 28 123 267 42 184 114 3 30 286 74 350 323 237 29 157 29 281 259 106 92 28 57 126 292 185 76 90 333 175 205 48 90 63 128 206 256 37 112 233 287 44 111 200 130 206 42 81 57 262 126 81 121 59 15 125 70 53 32 118 24 2 34 166 251 140 30 304 323 24 197 307 317 221 45 5 165 255 205 290 8 326 182 0 219 191 174 165 348 77 169 109 318 146 329 295 142 131 211 62 349 348 192 36 231 112 139 343 12 27 7 291 312 240 357 254 288 26 189 231 49 111 117 285 181 227 299 216 22 234 52 234 278 106 229 194 303 71 184 59 254 297 304 43 271 219 251 
181 223
302 214 288 253 210 259 154 100 77 304 332 133 243 187 122 112 167 83 347 198 24 312 174 226 168 239 298 19 164 43 187 100 156 101 317 3 112 233 353 223 320 319 4 253 313 322 236 239 63 208 22 5 165 174 120 228 245 53 119 117 342 135 354 346 108 92 261 284 164 118 139 356 202 66 292 304 109 136 168 172 41 290 335 217 212 113 80 273 340 40 127 228 46 40 202 349 138 83 79 196 351 291 240 117 123 65 271 318 286 335 204 14 22 92 280 231 76 281 132 258 194 37 184 2 84 212 195 151 131 139 33 28 84 297 283 47 248 249 191 250 165 227 12 306 266 59 77 343 122 81 96 197 129 43 263 249 115 34 266 186 291 244 194 172 270 238 325 94 183 78 184 258 16 270 326 8 327 125 339 320 227 
263 21
224 231 115 224 206 214 31 0 46 229 288 357 250 325 208 342 307 123 242 138 165 241 244 217 240 84 180 354 316 348 164 336 134 172 187 276 80 179 9 45 41 230 59 136 291 316 188 237 59 286 245 55 301 250 252 81 310 180 337 145 214 55 258 222 33 348 330 139 72 324 99 72 198 292 37 73 82 142 112 241 168 48 106 349 263 30 312 326 352 302 301 98 180 239 260 193 110 249 349 253 266 302 9 67 146 65 291 130 43 212 173 8 318 38 178 149 111 126 345 70 68 121 142 164 35 132 291 36 3 337 299 333 74 24 261 262 305 55 256 48 314 102 254 236 200 328 341 3 118 225 257 42 55 167 10 156 182 212 238 29 279 281 197 275 111 306 87 337 261 276 336 50 144 20 193 268 147 274 256 30 48 271 274 84 253 349 40 138 259 301 265 26 154 302 126 314 283 293 280 38 130 17 245 101 309 189 345 252 300 254 53 309 224 208 70 224 268 185 339 110 140 64 197 46 78 44 254 72 224 325 22 164 216 74 1 175 280 159 247 253 59 272 209 202 80 115 246 166 115 73 213 326 26 4 235 349 293 277 310 96 99 314 168 
338 3
270 227 264 90 145 255 172 172 114 18 199 316 150 46 209 319 60 352 44 117 66 345 137 223 17 330 225 336 99 94 43 295 132 322 51 351 178 252 34 132 180 83 351 255 8 273 16 46 56 199 190 93 149 340 46 14 281 209 263 315 233 44 60 356 53 165 355 150 134 245 80 292 287 255 64 132 76 188 251 146 16 328 105 127 93 274 205 142 274 208 301 119 226 114 76 231 258 328 70 184 236 333 244 110 23 238 229 107 7 40 213 303 47 299 242 171 134 75 327 304 39 273 290 133 292 219 210 39 39 298 105 201 240 15 243 94 327 65 223 158 47 207 188 53 359 352 262 312 339 134 185 90 193 324 350 21 226 109 137 314 24 114 141 73 341 76 112 255 340 33 92 105 103 347 254 337 98 351 20 339 107 23 295 147 272 275 226 222 125 196 337 278 19 300 59 323 55 68 99 10 261 309 84 49 230 158 274 156 228 22 215 116 69 15 317 166 183 95 188 258 82 14 209 128 250 252 253 226 329 348 266 340 132 182 293 119 160 46 73 57 121 163 293 204 193 298 194 114 285 29 157 288 356 6 341 123 308 335 205 262 109 106 272 44 84 198 29 309 332 121 359 116 335 59 159 182 106 101 13 168 7 150 117 168 328 34 307 32 70 279 337 213 122 303 323 264 140 2 153 301 59 233 351 214 316 123 249 290 11 170 185 196 52 214 318 198 61 340 174 21 321 299 311 165 328 339 182 242 14 338 217 45 212 298 232 359 265 318 
70 192
155 95 350 41 16 350 30 341 101 296 195 321 248 174 170 38 215 342 85 13 346 203 82 252 271 233 280 63 0 295 286 296 141 22 28 146 148 190 203 98 150 126 293 182 145 205 342 119 344 281 115 325 167 153 75 304 350 52 303 328 309 238 184 162 309 159 90 65 265 105 
306 348
223 277 47 290 325 230 218 200 280 63 65 216 224 248 252 50 317 229 348 92 21 318 100 271 347 172 174 278 142 53 243 339 157 47 107 40 146 329 114 203 199 223 56 195 221 203 216 219 137 267 262 77 42 322 265 220 45 356 274 253 4 291 257 233 240 274 120 21 219 71 19 274 86 317 250 274 168 140 245 82 153 337 94 236 193 192 284 267 48 79 13 170 39 98 62 83 187 307 103 104 147 104 76 307 198 347 262 274 87 137 303 73 291 61 79 315 25 15 353 246 76 136 117 209 238 114 133 112 194 210 20 91 161 352 278 214 113 353 322 71 69 123 111 6 20 264 9 322 1 282 199 320 109 85 347 37 114 149 335 24 143 125 217 38 167 117 89 300 317 164 203 113 168 144 46 233 94 84 66 245 152 224 153 353 216 193 327 98 337 313 234 292 322 164 239 81 229 71 275 94 313 38 354 165 259 254 135 320 153 179 189 127 317 160 2 63 186 54 214 225 176 233 304 111 271 160 127 64 112 328 351 68 75 353 86 157 178 226 62 160 337 287 358 344 261 324 25 325 340 104 118 55 4 170 215 238 164 227 92 129 292 66 144 37 206 146 180 326 22 319 284 54 84 274 84 142 213 143 41 325 316 149 109 261 317 210 281 108 128 61 257 166 268 255 86 22 326 105 150 3 279 167 288 169 111 268 
252 40
169 123 72 42 79 319 2 21 275 80 337 20 201 218 48 52 15 179 245 31 149 57 212 214 4 285 198 246 150 111 36 303 209 20 236 264 161 342 130 89 335 150 352 105 100 184 59 176 275 331 359 135 133 37 331 67 205 262 206 331 349 290 270 215 144 13 135 358 54 86 158 148 200 312 292 94 5 222 42 164 288 259 201 195 85 139 40 142 131 290 84 304 63 132 325 53 193 120 217 54 315 20 328 61 225 347 249 115 29 172 149 268 334 223 99 98 182 9 352 88 166 287 301 165 82 119 40 332 174 206 74 195 110 164 94 320 231 94 213 12 184 238 47 190 59 325 227 298 339 295 232 297 307 205 88 323 254 37 2 39 65 276 8 124 315 321 319 197 147 229 305 204 263 1 285 318 119 218 227 43 237 57 216 247 88 30 142 294 194 327 323 45 340 300 130 322 328 351 58 326 247 110 164 166 143 154 161 219 169 103 327 215 82 6 279 28 343 100 199 206 245 229 16 278 296 93 217 225 67 108 46 201 50 224 243 305 32 96 97 290 21 235 102 89 95 142 174 291 181 187 70 144 
287 159
134 58 61 141 304 6 125 260 134 204 250 132 197 229 130 152 143 21 69 198 303 215 11 18 82 21 163 356 92 358 327 80 356 63 43 67 122 42 169 228 335 243 224 335 264 182 200 351 153 141 268 290 159 313 113 178 94 81 158 188 24 239 310 260 143 338 259 222 179 115 222 128 251 318 233 194 260 262 264 58 22 89 271 331 143 118 304 53 314 38 246 95 226 99 22 351 155 228 356 34 60 108 96 21 107 112 4 8 312 197 183 145 69 47 293 290 253 83 104 199 178 45 191 21 334 138 85 98 190 223 97 181 351 113 245 153 204 206 130 28 24 322 157 205 31 60 193 249 267 242 199 235 61 181 205 315 48 99 70 282 81 128 346 111 118 188 86 294 71 239 203 343 339 170 103 288 338 354 214 246 65 137 27 75 354 312 72 152 31 139 348 27 117 64 355 104 226 351 169 292 70 61 310 21 155 323 339 249 290 88 116 111 4 137 93 38 88 45 81 231 52 63 196 23 89 133 102 9 158 329 6 14 340 170 167 318 230 108 11 51 233 290 148 90 81 285 34 137 344 318 256 298 215 45 279 252 76 184 183 149 277 326 11 256 16 139 186 336 223 32 216 254 331 100 13 336 101 201 187 132 253 205 97 169 185 218 177 
46 333
33 332 178 32 314 64 149 352 255 206 289 139 131 211 313 263 69 4 195 126 267 40 179 114 344 313 326 48 155 323 189 256 324 56 158 279 141 294 324 83 315 69 335 268 189 64 
155 306
293 262 318 219 156 233 5 111 252 25 331 184 77 172 63 74 171 330 299 17 203 285 310 173 30 33 265 70 212 40 238 221 192 159 70 41 228 252 43 91 75 107 203 74 117 358 121 61 127 332 95 127 170 346 95 209 254 153 175 307 24 110 318 162 101 263 46 207 294 166 266 100 158 326 1 208 226 326 31 85 234 170 272 347 169 248 162 58 234 344 146 199 50 225 180 56 340 219 139 55 217 30 119 93 106 336 321 163 98 139 308 13 164 172 118 212 313 21 67 296 92 302 47 342 53 184 148 134 270 53 351 78 114 266 99 147 292 105 140 176 18 185 63 243 308 230 40 289 271 151 133 40 142 62 130 
189 52
96 228 287 223 65 23 140 245 351 11 202 122 47 241 241 197 12 122 268 95 117 291 277 115 0 209 196 359 2 74 203 332 72 83 309 308 32 102 190 251 279 222 149 125 230 230 359 330 184 271 49 61 161 64 54 145 131 336 286 27 209 119 14 17 204 66 52 307 148 215 351 352 68 63 224 57 128 66 114 334 355 312 247 241 166 197 185 102 97 233 347 232 134 205 214 56 18 119 52 189 110 147 340 264 273 329 75 198 296 147 225 147 54 293 347 246 24 69 72 310 257 261 149 171 56 108 253 116 140 209 211 195 271 278 249 165 215 48 166 61 327 115 356 149 62 286 261 108 166 236 144 76 96 90 7 308 223 280 354 160 202 230 206 280 214 144 146 330 355 332 288 321 307 346 128 100 235 13 193 341 223 149 288 158 258 41 218 213 142 
194 317
141 105 171 1 47 213 92 324 212 116 97 319 89 48 226 162 55 87 307 198 156 101 289 305 208 208 297 71 136 144 255 132 105 139 201 219 310 281 129 238 137 33 291 307 213 102 96 85 54 157 205 171 168 294 320 132 245 257 351 99 282 219 107 18 240 330 51 239 98 154 262 203 308 336 53 318 232 83 66 306 133 63 103 176 27 323 344 133 185 89 89 122 26 231 127 15 326 199 47 192 77 283 359 103 207 160 204 305 209 78 253 330 283 232 77 168 347 85 12 11 141 126 272 145 328 32 133 230 111 346 193 110 245 359 132 251 147 203 128 198 151 73 174 339 225 178 39 331 181 283 274 323 11 128 70 161 225 104 312 145 272 119 326 101 92 321 317 36 283 40 68 44 177 45 92 281 349 170 45 160 122 224 326 185 28 330 213 104 249 150 37 316 191 128 
49 272
312 292 273 185 214 178 359 78 29 158 232 38 253 245 166 331 235 236 30 295 66 357 332 248 261 317 226 137 315 208 300 176 29 358 299 187 84 279 73 352 338 242 216 298 29 309 14 278 120 
