78
273 82
13 239 4 262 28 353 30 322 59 147 56 252 298 91 43 24 53 350 229 17 30 203 134 323 53 315 231 144 240 320 109 29 238 299 176 341 249 67 331 61 75 212 43 47 191 305 317 16 335 302 214 152 14 86 140 136 85 36 153 115 175 287 22 333 180 105 59 67 227 347 62 278 73 33 86 14 128 235 48 23 136 38 150 168 56 10 174 359 240 330 21 298 17 268 270 44 343 228 349 2 165 211 179 265 133 210 48 331 341 265 84 287 296 271 188 156 247 137 359 168 318 280 271 42 103 321 348 241 0 323 71 163 187 306 55 118 169 146 35 298 43 113 262 291 47 214 178 272 111 124 108 226 323 175 345 305 223 247 264 245 239 7 253 22 182 186 205 245 133 80 354 218 296 278 223 100 255 21 105 224 250 261 285 37 252 72 340 12 70 293 212 347 285 232 189 177 288 67 153 86 66 214 285 189 131 28 359 330 321 83 103 184 219 109 81 174 327 194 146 81 254 44 175 24 97 116 193 33 6 121 266 61 270 251 77 18 20 335 291 57 164 91 243 247 290 82 264 158 137 267 275 294 148 10 299 342 179 15 272 276 82 12 36 301 282 96 246 264 82 206 314 326 230 
14 232
103 220 211 356 158 288 355 332 279 315 118 243 261 39 
189 234
201 337 234 326 39 92 254 351 205 216 57 145 342 248 212 146 226 286 322 223 184 268 88 94 244 251 155 58 22 341 258 195 16 236 76 191 315 80 108 240 65 16 161 240 221 36 75 215 333 93 162 65 200 241 141 56 178 22 284 1 342 293 120 285 293 35 110 143 162 333 39 204 109 1 274 61 138 293 66 93 54 294 211 189 175 350 122 287 8 258 42 273 106 45 288 293 227 108 128 189 327 177 177 286 59 254 215 31 55 310 128 102 132 277 117 202 264 235 318 26 339 325 118 78 118 257 299 233 230 151 187 183 74 101 265 201 195 252 37 21 141 280 262 239 153 43 278 3 60 192 52 211 256 85 198 103 299 103 345 285 139 45 140 229 205 202 107 14 19 343 206 54 286 198 134 336 282 51 299 34 80 305 139 181 127 91 94 99 266 
212 310
7 298 323 329 274 252 15 177 244 72 81 49 357 217 166 20 40 65 342 10 287 300 143 207 39 293 135 300 187 33 153 178 64 8 139 317 137 354 339 206 192 40 274 285 230 292 76 334 111 52 303 336 99 239 297 219 136 145 47 330 324 219 194 282 143 213 155 61 298 87 173 292 55 65 292 263 65 59 89 94 294 353 305 166 332 121 231 242 49 86 151 59 98 148 14 139 314 272 110 127 70 49 288 267 55 333 27 89 338 350 247 106 83 168 114 318 231 295 9 162 181 191 52 11 33 13 156 264 7 256 33 81 154 227 310 347 154 154 180 2 91 342 72 192 34 162 155 308 178 258 235 262 334 264 10 287 188 352 318 63 293 35 5 54 338 121 11 24 143 323 156 22 109 85 308 209 118 263 182 311 84 290 328 158 309 229 337 3 141 301 243 294 83 302 125 166 159 103 69 285 137 292 97 162 184 124 264 84 294 349 343 129 
42 139
75 47 243 127 201 271 227 178 239 265 329 327 286 275 239 298 335 248 37 237 116 272 336 82 357 189 114 147 257 254 283 324 308 158 315 138 214 272 256 33 177 316 
327 341
288 72 174 233 212 12 311 305 221 176 105 84 123 272 11 102 196 339 39 251 241 97 337 35 191 219 39 128 63 251 18 241 132 66 38 279 178 156 131 326 308 102 56 98 274 303 260 233 191 230 277 98 323 114 5 16 162 63 270 159 175 138 28 276 194 345 352 253 129 316 215 301 316 81 226 300 61 156 127 291 353 34 317 107 305 197 73 14 224 2 224 325 40 272 278 121 36 38 249 209 230 191 345 230 132 321 359 214 335 216 159 331 136 283 263 6 230 157 307 231 125 145 288 43 250 124 246 148 81 237 299 186 98 177 177 285 125 85 178 249 298 320 256 259 29 146 282 198 228 166 218 290 98 257 260 114 335 34 317 174 229 112 20 332 297 79 25 179 62 295 317 196 274 224 80 239 124 60 346 98 302 69 194 34 196 204 127 345 145 253 135 174 312 254 14 163 335 196 190 44 46 226 251 231 15 191 158 4 348 56 305 22 55 138 135 173 232 350 178 61 227 235 243 339 208 122 135 21 234 51 182 66 312 290 153 296 325 219 44 74 34 235 140 15 109 170 252 324 74 339 202 102 175 353 50 304 78 158 230 19 100 208 226 282 7 250 150 344 294 178 254 229 335 268 169 34 50 78 211 319 223 222 5 25 338 2 57 83 38 311 0 328 308 69 302 65 232 345 101 255 52 357 343 192 2 319 35 171 7 128 356 107 115 48 19 30 335 281 116 2 226 15 170 49 70 102 303 
317 320
112 224 160 44 295 165 315 327 317 182 302 86 136 346 341 153 230 349 160 49 152 299 140 77 137 176 172 105 3 226 156 300 291 253 336 251 132 174 40 36 93 357 254 44 6 265 285 252 63 340 276 23 282 230 180 298 77 309 333 243 209 321 259 162 73 321 335 173 284 110 147 2 264 358 21 148 32 273 115 112 89 315 50 133 198 130 48 302 109 138 343 182 11 248 340 264 14 118 263 92 82 335 202 34 147 280 76 128 178 266 218 202 37 223 73 32 254 34 2 355 230 67 156 22 298 343 341 31 28 142 262 260 251 101 73 237 352 224 208 48 180 144 258 356 88 16 306 272 74 97 135 351 273 30 165 14 110 56 327 59 217 350 136 90 2 92 114 200 59 213 9 130 111 345 9 147 120 253 266 74 259 91 287 122 206 256 290 65 321 325 317 285 342 178 247 225 347 135 292 155 159 356 118 97 14 203 121 117 43 171 65 320 23 73 274 268 102 307 33 184 250 168 35 46 324 64 339 289 127 196 44 340 85 206 317 216 207 216 289 221 111 332 50 328 309 262 185 314 34 315 141 41 162 53 235 157 171 89 87 212 302 34 84 355 332 219 286 216 153 254 42 160 299 160 91 64 25 143 20 342 35 259 355 234 239 179 250 355 130 188 125 226 154 105 229 291 190 22 143 82 335 344 246 144 82 153 104 276 242 25 11 266 268 0 237 254 122 
310 81
315 78 259 308 201 287 276 349 81 47 280 310 59 96 174 180 56 272 140 121 344 150 351 138 75 96 46 191 265 193 257 188 258 320 112 149 231 12 85 108 306 82 347 156 119 318 92 354 247 55 213 78 302 125 115 320 144 178 74 359 260 15 157 4 268 192 269 14 28 211 177 206 161 298 25 85 150 270 309 269 2 142 290 181 358 61 19 131 174 172 132 166 293 260 176 105 80 353 116 210 52 72 174 323 51 189 231 213 227 350 54 306 88 323 166 179 180 84 123 157 20 288 182 312 119 137 321 248 319 222 144 345 84 204 179 71 325 54 252 304 123 49 351 298 291 156 25 308 0 137 93 125 106 152 81 203 183 115 186 99 42 188 213 153 301 56 304 357 214 234 24 66 309 261 7 235 134 142 63 34 32 260 66 53 352 298 80 168 28 335 175 26 211 276 112 120 96 115 205 350 27 348 59 100 2 174 228 333 281 76 297 1 287 80 157 52 165 21 357 133 198 35 328 121 251 243 120 39 258 262 182 77 196 174 183 283 26 63 245 85 278 168 267 295 169 278 359 343 210 325 28 317 237 45 353 247 53 98 275 21 263 312 130 210 123 75 189 172 61 172 313 9 164 120 243 306 348 30 165 259 6 1 277 323 66 14 267 241 352 81 232 112 230 220 121 200 192 275 298 232 253 260 357 328 104 120 99 34 235 253 
279 292
304 349 266 99 96 241 280 139 301 9 352 310 136 141 64 214 328 287 231 212 248 215 147 205 134 270 105 323 358 23 254 14 345 162 316 286 95 51 184 330 26 19 356 46 97 42 188 242 140 13 202 90 225 77 302 214 149 132 164 169 228 94 78 269 164 278 112 37 292 320 30 19 264 193 230 355 280 72 259 257 290 156 286 117 106 81 119 200 24 150 179 29 262 92 352 20 69 176 242 353 252 262 29 203 60 294 256 315 333 186 4 306 10 63 296 156 132 11 238 27 293 312 116 8 333 198 137 307 234 36 332 229 229 105 330 335 6 311 314 136 266 210 245 217 242 116 206 51 241 182 339 156 125 160 294 25 231 40 280 101 127 261 57 115 325 100 11 157 357 55 84 71 197 132 267 114 123 17 7 87 347 1 267 348 260 150 188 316 248 205 46 44 125 288 253 163 229 273 127 182 197 304 337 109 25 199 142 122 151 302 9 139 266 104 252 3 338 303 319 167 83 261 356 129 9 64 341 216 214 270 281 231 47 123 335 134 230 176 195 101 245 351 208 29 340 59 262 214 215 265 230 120 54 324 55 201 77 88 117 47 225 333 292 21 233 191 112 263 74 199 267 235 113 201 32 272 208 275 86 
152 40
90 359 168 305 66 190 48 119 61 247 332 94 351 276 321 220 136 316 159 25 109 261 192 115 305 103 225 97 205 250 164 291 234 249 291 82 327 7 80 272 212 49 255 127 283 156 236 181 5 171 67 235 152 243 224 7 260 280 90 75 183 101 252 116 68 145 44 167 222 62 8 331 199 216 207 269 83 165 358 122 246 21 235 110 79 314 142 66 95 5 110 200 83 44 265 273 271 291 100 191 340 227 27 53 306 99 164 267 20 122 187 349 138 291 47 320 31 245 42 305 323 352 333 231 188 263 174 352 121 113 140 14 86 303 132 3 126 229 120 291 59 242 295 160 59 260 331 110 73 63 334 153 
70 358
322 95 196 109 274 51 57 20 232 147 347 217 129 36 277 234 125 17 260 341 217 213 50 37 229 290 34 188 351 343 106 129 33 334 104 261 191 75 124 89 63 344 216 273 164 308 187 274 70 176 296 239 262 327 231 290 151 334 68 88 198 304 346 222 67 334 8 133 61 42 
283 183
187 231 311 356 320 37 357 251 84 37 295 248 10 53 113 139 19 126 23 133 284 75 200 297 248 187 253 315 252 264 285 77 77 340 270 236 239 343 274 285 179 147 207 201 20 11 211 157 281 248 333 1 334 201 113 282 38 91 320 296 69 82 16 299 175 257 302 207 321 79 182 287 21 285 265 280 190 70 66 122 57 318 154 356 18 156 255 351 182 64 211 0 14 73 250 32 234 177 275 108 319 246 76 130 283 15 216 131 229 28 321 294 319 66 55 159 359 250 87 244 126 211 110 236 122 40 137 229 180 33 80 149 329 5 284 72 104 20 171 247 337 359 121 285 95 2 161 224 357 191 214 310 265 257 146 242 75 205 155 320 45 284 134 221 196 82 277 124 47 28 323 314 124 86 16 140 17 235 298 51 318 261 64 188 178 16 5 268 342 168 207 139 181 301 6 22 79 330 220 348 39 231 149 134 46 271 46 2 209 125 59 126 17 235 118 165 149 259 14 35 18 57 99 324 69 278 300 20 326 184 337 180 97 167 215 200 38 21 25 204 268 214 219 132 256 341 323 213 205 63 61 52 76 333 277 97 286 79 347 134 90 142 231 215 218 50 294 314 29 204 196 69 323 352 242 311 166 47 345 183 17 274 356 
314 340
101 64 135 149 102 269 79 250 354 62 276 324 71 33 101 181 341 321 91 57 96 333 216 248 149 346 282 295 47 99 311 132 36 285 330 108 229 79 300 219 284 259 58 280 238 222 257 279 247 79 104 59 347 135 232 242 30 307 198 241 207 8 68 62 298 35 34 55 280 307 259 20 142 314 107 170 180 47 101 96 197 309 342 157 201 292 102 77 166 204 5 188 338 138 346 297 227 53 125 327 74 302 64 3 260 94 132 150 195 63 43 304 110 160 341 339 110 203 85 96 47 71 108 345 176 261 346 141 125 287 274 159 357 190 271 116 334 32 238 87 245 65 119 71 284 197 80 301 109 120 295 28 18 302 294 53 120 272 187 21 39 343 120 41 31 130 251 225 50 15 94 75 82 22 128 174 173 315 36 76 24 185 229 13 174 97 325 159 82 226 37 97 79 329 326 169 3 282 213 26 297 222 269 191 128 328 170 71 26 237 0 147 210 84 241 145 356 75 276 313 149 222 295 256 68 260 130 275 96 251 250 53 141 313 263 83 273 67 161 32 289 222 293 206 98 270 13 33 2 81 38 80 312 280 59 304 123 32 43 317 315 278 160 1 105 153 266 346 262 287 303 54 292 173 170 31 330 192 154 220 206 358 210 343 198 108 270 329 28 176 185 48 34 52 270 260 238 191 200 296 12 317 272 132 113 40 218 12 40 88 342 45 353 309 
299 323
153 2 23 122 166 280 85 133 115 324 166 250 86 354 164 305 62 43 307 34 163 324 90 249 50 268 193 85 116 69 141 149 277 134 14 250 127 309 16 196 39 68 112 10 14 281 6 92 332 63 62 89 241 324 312 311 185 287 321 45 95 342 334 140 272 96 241 305 137 325 345 133 6 216 80 72 148 289 78 294 187 272 214 325 62 168 288 193 92 354 282 303 19 214 240 283 130 27 68 6 33 131 234 224 155 71 350 350 142 233 64 28 239 24 3 49 203 225 140 226 15 50 223 152 106 225 237 88 253 289 261 237 102 22 120 272 312 345 327 357 332 358 244 156 128 201 302 82 216 120 109 209 170 127 356 111 105 143 54 140 148 254 25 285 67 305 24 297 242 280 279 282 308 301 178 50 120 254 109 252 270 345 2 137 2 264 55 80 303 246 264 38 54 108 302 315 338 188 213 242 329 177 327 210 19 151 191 93 250 129 32 93 145 229 103 53 124 7 67 311 236 154 36 67 35 166 316 259 38 139 234 319 215 72 87 260 332 250 238 293 266 246 233 187 183 91 320 102 63 138 143 177 85 43 244 184 356 133 83 46 90 50 77 349 94 332 183 348 219 160 245 104 356 320 9 51 95 241 112 248 179 171 313 46 52 185 338 207 16 109 289 296 181 153 9 255 10 270 134 
214 81
125 108 311 116 81 61 45 131 285 255 328 295 262 238 42 291 182 290 101 141 17 232 155 257 200 57 279 50 348 66 177 167 158 141 230 171 238 158 333 60 187 247 37 68 276 118 271 302 164 74 233 203 41 270 98 155 90 352 160 335 321 272 114 50 331 282 106 173 145 141 333 84 256 200 357 114 221 26 116 348 2 267 209 275 68 127 95 302 155 36 115 336 67 342 91 295 94 287 77 277 273 310 146 102 258 90 172 245 338 74 7 263 5 221 284 347 131 255 245 129 101 124 314 328 322 96 12 136 151 61 279 269 229 287 195 289 353 54 294 237 38 251 320 3 221 185 347 217 300 228 186 156 207 313 330 257 57 25 274 306 182 63 356 232 12 261 80 317 30 319 260 322 341 132 189 187 342 125 130 316 147 46 304 354 270 184 56 243 83 300 81 30 355 103 215 224 266 5 75 137 32 35 212 319 78 136 61 247 358 24 163 250 3 74 
345 253
127 241 2 134 46 169 216 327 140 273 241 113 155 227 113 311 170 201 14 116 87 5 277 139 259 311 105 70 187 275 261 79 300 273 223 265 114 264 284 303 225 213 146 26 202 164 82 141 125 81 211 100 289 316 29 331 347 283 84 336 263 38 106 104 275 136 320 149 96 154 65 238 291 89 334 250 143 344 207 322 225 139 117 239 60 14 312 67 195 337 208 280 125 14 343 179 172 72 314 285 153 50 241 246 223 149 327 10 339 307 235 190 125 321 217 103 68 290 63 40 325 162 314 178 143 111 80 329 86 113 148 97 217 58 140 359 204 304 166 306 296 99 161 192 236 49 61 338 241 138 284 57 47 223 176 38 165 159 168 187 143 302 305 187 326 68 197 295 143 173 177 282 248 221 52 16 150 269 0 216 161 109 273 151 197 286 104 358 58 267 212 24 300 270 140 10 135 26 101 210 260 261 147 282 167 326 73 332 59 280 239 182 241 353 213 234 329 68 30 1 131 312 80 214 56 122 203 168 280 231 86 164 152 170 218 128 105 46 273 322 280 176 164 65 189 96 17 152 54 309 170 8 350 208 19 337 102 135 234 226 29 121 185 84 36 141 304 119 226 194 257 65 244 352 163 345 359 24 209 140 43 249 101 4 68 198 24 22 154 107 114 211 191 211 232 314 308 268 134 328 231 206 216 274 293 45 122 310 126 170 263 120 343 259 22 140 286 119 36 252 247 294 190 96 190 238 312 174 35 315 246 109 101 180 100 84 140 71 130 324 29 335 330 286 305 
206 97
7 96 241 321 300 199 68 208 304 167 323 197 78 231 146 137 358 269 32 32 187 109 33 342 21 291 166 78 123 284 18 66 64 142 144 261 220 99 43 10 125 247 77 184 342 200 234 232 30 283 34 266 211 163 85 162 199 264 205 279 347 232 307 153 316 28 94 294 187 52 253 181 208 335 132 115 80 55 258 343 165 204 343 178 342 94 272 273 263 341 60 121 156 219 18 152 189 53 331 310 0 77 307 81 238 126 3 26 152 302 144 15 257 151 179 354 223 159 355 193 247 217 23 303 216 351 49 58 103 152 279 50 183 136 261 72 356 122 23 270 18 216 2 82 342 51 325 29 346 306 175 165 1 26 330 327 265 293 146 55 1 162 342 19 288 31 13 246 111 89 129 257 356 84 324 307 127 160 250 58 145 18 176 202 325 201 291 246 309 41 218 317 326 98 270 228 252 54 327 165 260 200 222 47 93 153 
15 3
351 111 21 354 293 84 223 359 169 190 192 297 65 174 2 
22 324
42 169 121 50 300 220 278 196 140 295 230 173 303 318 230 204 55 7 275 73 18 178 
192 283
222 86 147 329 162 341 208 212 60 302 18 105 281 33 194 345 311 188 327 341 83 31 142 155 92 141 92 84 54 354 213 218 128 104 238 268 243 294 212 254 146 269 268 227 127 81 213 259 42 25 102 170 141 274 261 79 249 4 173 69 96 356 63 148 149 203 217 240 324 207 33 85 39 49 75 215 127 140 226 172 181 41 18 322 234 158 276 343 102 211 215 27 326 127 108 112 150 182 144 131 45 106 0 57 275 109 298 218 100 0 315 211 114 278 217 356 30 260 72 141 225 27 199 339 105 107 270 285 79 56 161 357 319 234 268 118 202 251 328 127 238 214 154 245 56 103 83 293 264 123 303 283 200 359 316 317 52 231 4 195 342 91 346 343 309 143 105 253 231 133 190 36 99 280 178 289 255 120 9 245 108 43 278 309 70 340 127 34 174 8 99 121 
141 75
327 340 44 177 94 162 292 325 103 219 338 139 102 176 333 176 41 2 83 259 241 220 10 294 350 190 306 120 191 227 57 157 233 340 175 215 322 283 356 195 320 163 317 327 186 352 61 100 15 122 154 11 255 247 205 53 198 8 34 260 343 56 43 277 262 348 244 215 50 323 166 242 171 338 295 299 202 99 24 124 193 40 14 57 106 65 163 303 314 238 36 108 346 167 52 45 200 162 242 237 41 187 131 213 8 165 97 91 326 258 104 60 42 235 278 237 131 93 129 42 342 181 231 205 172 53 280 78 33 8 260 168 172 303 239 300 163 116 142 341 142 
264 278
131 284 254 5 75 347 316 20 209 69 223 158 104 173 319 345 78 132 168 76 107 71 259 237 281 26 64 150 135 216 164 38 65 268 150 55 133 287 359 269 158 317 107 324 312 224 235 312 283 89 253 99 62 353 76 325 181 240 192 46 76 154 224 249 291 316 93 20 312 257 258 116 41 240 18 164 0 335 297 110 346 260 251 3 73 345 61 21 203 7 348 284 77 282 86 124 83 143 150 231 222 300 133 127 75 203 355 331 9 264 93 271 240 276 124 227 136 305 105 149 158 10 186 353 103 78 57 146 279 49 290 185 95 149 268 277 164 128 335 263 85 7 212 227 216 93 273 238 277 59 238 179 207 239 257 52 204 25 128 87 38 141 145 210 251 292 6 219 256 240 25 290 187 87 245 347 167 218 281 323 138 9 174 222 130 135 68 316 261 22 344 230 81 335 21 269 155 282 244 245 275 81 75 50 19 95 312 350 86 147 6 89 128 324 354 110 168 245 326 85 304 255 209 87 203 149 63 60 52 180 45 349 106 82 21 48 77 211 49 7 16 36 107 306 216 340 245 285 169 253 75 157 46 349 239 12 47 76 306 264 312 119 124 200 
84 59
96 150 158 54 101 151 168 304 78 203 54 333 213 58 277 115 72 198 19 135 42 122 104 330 228 26 14 94 223 139 91 221 67 217 86 1 207 226 75 193 113 215 313 56 235 264 316 334 106 247 291 279 286 303 96 58 33 316 218 69 89 243 166 353 359 282 189 227 68 333 127 173 156 210 333 14 238 207 130 264 306 248 90 70 
292 296
92 333 293 148 161 119 176 11 279 290 208 158 109 314 76 34 168 80 301 226 120 277 223 207 84 206 3 294 154 15 325 238 238 102 139 139 63 129 19 152 5 196 243 113 89 97 202 91 6 326 315 193 156 155 65 69 194 107 46 340 271 321 187 17 161 28 192 189 167 87 258 0 88 298 117 205 79 143 99 157 192 279 271 25 41 70 252 83 269 224 169 345 353 221 91 341 291 58 81 229 141 289 96 200 156 163 206 277 23 33 274 173 70 164 205 63 177 254 20 4 215 7 164 238 134 29 3 101 263 116 338 98 93 288 297 99 250 308 44 222 26 335 110 351 107 212 296 224 134 217 67 303 276 242 101 263 227 31 325 352 48 143 185 290 132 2 154 132 23 72 268 91 156 227 217 50 315 187 98 351 256 338 254 277 10 315 84 48 143 133 162 276 352 275 226 202 209 202 224 202 268 32 73 281 270 198 244 7 245 269 77 10 201 258 162 331 249 73 109 179 48 5 308 269 289 306 164 219 54 27 190 176 344 16 35 12 31 145 275 118 90 228 120 282 22 163 8 255 188 128 170 199 302 215 151 177 309 261 178 203 15 237 72 344 19 186 229 78 26 346 38 198 352 13 103 322 342 279 72 40 189 47 348 341 32 30 294 254 122 201 352 286 
294 34
43 52 67 200 177 350 284 53 33 252 236 260 163 120 248 70 74 167 204 237 95 144 85 245 317 203 49 359 109 3 175 210 243 333 125 231 115 121 125 352 209 287 173 236 328 288 340 220 168 356 183 30 330 151 228 50 29 34 246 136 19 290 192 102 162 152 236 37 161 240 349 314 36 99 240 358 231 68 150 19 350 40 313 205 335 134 140 359 252 83 2 246 83 346 92 199 104 259 304 318 34 263 182 50 308 169 147 242 125 72 174 145 104 241 116 213 81 357 265 134 328 204 18 206 77 240 182 355 126 167 38 79 207 70 122 355 3 306 95 234 228 180 251 200 22 18 55 328 42 325 79 70 208 339 20 325 274 138 20 179 328 277 299 86 353 10 222 182 73 155 259 273 341 145 335 327 40 45 192 37 230 121 58 76 20 27 165 118 136 290 101 29 198 313 322 36 101 232 359 90 220 43 339 261 102 40 351 333 350 218 21 304 52 280 168 333 65 234 231 214 338 288 48 145 148 29 82 249 187 84 0 219 174 65 112 293 293 269 203 218 130 24 119 3 138 83 90 166 309 121 293 62 84 334 321 354 291 35 109 54 197 97 114 147 322 309 244 236 111 329 31 27 262 171 221 74 151 337 14 80 341 88 87 162 279 154 16 90 179 44 58 170 182 162 
224 210
70 58 192 153 155 168 357 22 95 3 343 79 287 314 334 264 290 280 356 233 54 6 141 314 87 200 257 145 85 52 327 73 136 158 314 299 326 3 280 61 16 317 40 1 54 186 313 19 241 250 191 346 264 254 319 97 167 253 35 97 178 19 357 154 135 337 103 25 343 84 12 127 273 241 105 339 40 143 39 230 43 263 189 102 159 188 212 115 160 312 76 261 1 309 0 260 311 141 122 305 53 221 180 36 0 206 203 161 243 145 40 204 324 96 14 36 45 159 138 158 267 346 106 50 181 320 12 131 87 66 256 129 240 331 245 172 45 171 72 109 321 98 197 317 253 265 349 235 287 34 5 25 73 101 48 32 326 173 38 137 247 221 120 181 322 2 93 46 22 247 290 273 224 283 10 356 341 264 344 230 44 256 1 309 309 222 238 302 262 212 20 240 237 194 301 358 133 20 36 243 233 160 141 257 118 81 220 87 359 232 109 192 45 339 3 113 269 304 14 20 11 81 140 115 
68 53
93 259 74 84 55 292 228 270 309 195 13 201 130 82 276 63 106 195 253 154 192 322 284 163 211 280 154 208 222 38 167 183 269 263 287 15 333 15 143 43 58 196 270 148 212 173 78 218 110 78 349 19 102 188 132 59 32 166 357 174 106 45 208 250 108 188 326 86 
31 54
277 97 231 110 306 258 319 357 284 248 318 93 132 316 192 240 199 151 137 263 279 176 255 195 213 296 180 333 165 223 140 
49 12
334 56 168 76 22 176 291 54 234 186 262 86 22 267 51 134 59 227 121 129 226 82 69 208 355 352 246 185 242 7 88 58 143 0 244 219 125 187 125 135 345 84 108 225 310 30 145 285 338 
8 244
346 4 2 179 261 220 297 23 
142 19
174 135 241 257 223 40 96 355 268 233 235 15 65 0 97 146 187 90 343 72 274 140 294 116 329 105 231 273 293 54 126 262 91 127 132 12 294 141 179 87 34 221 95 301 303 185 45 353 181 235 309 101 106 221 191 277 55 325 322 99 202 276 96 192 299 12 153 358 220 44 204 127 70 352 114 173 55 256 56 259 236 44 222 291 228 19 67 277 9 247 344 227 271 288 79 336 59 229 321 30 51 211 296 341 265 315 4 52 113 109 270 221 61 145 60 207 96 145 240 14 169 269 129 176 151 273 63 298 281 57 17 55 50 197 3 18 332 189 30 112 309 161 
152 318
93 284 191 31 283 271 143 73 253 226 147 277 169 228 73 117 312 20 230 38 235 227 306 279 53 18 17 5 347 269 246 118 185 79 282 258 82 286 108 316 111 84 260 202 188 253 213 125 75 233 38 201 339 116 242 11 253 356 109 103 58 19 123 245 174 83 160 219 319 160 182 58 250 203 131 294 65 306 134 193 213 233 32 76 342 34 109 95 203 98 208 184 357 118 228 111 331 358 341 262 116 167 132 172 249 81 335 22 240 66 73 275 166 319 310 10 326 7 329 125 290 100 134 30 104 264 143 95 3 47 54 338 131 229 132 82 298 172 215 335 4 151 61 120 355 95 315 270 128 199 14 112 
323 57
164 166 149 326 289 137 139 295 16 207 64 101 41 131 190 353 337 152 225 301 151 110 152 178 96 174 38 299 14 211 353 251 174 210 71 205 92 180 343 22 77 80 245 268 88 266 187 16 105 17 252 232 231 306 168 174 82 25 15 180 181 109 143 125 98 266 259 320 49 150 130 204 196 157 40 279 137 335 276 105 232 82 203 141 39 7 218 311 161 257 311 314 92 213 18 197 178 209 103 310 120 0 327 52 271 342 282 184 135 167 58 333 85 328 85 141 5 236 324 289 304 1 201 75 151 292 138 128 237 325 258 276 107 22 46 105 179 207 118 313 57 333 12 327 116 41 277 104 18 128 282 82 19 315 319 203 56 315 40 195 60 168 320 59 51 165 328 32 51 301 325 196 79 3 49 338 330 13 72 142 326 246 277 311 74 192 313 28 291 309 112 7 152 117 28 293 205 135 51 154 247 1 335 98 147 179 323 176 357 300 24 90 99 200 111 163 354 166 92 2 115 31 111 205 216 195 167 37 102 135 211 217 295 180 345 198 124 67 127 138 113 83 213 42 153 9 61 346 164 40 120 263 224 42 334 282 351 326 42 76 150 112 106 169 94 128 2 124 11 245 40 281 178 107 80 73 31 155 44 5 163 294 348 193 130 129 56 169 207 232 51 267 317 30 250 138 300 325 328 214 343 241 114 340 298 123 143 40 105 247 175 147 157 190 142 188 354 123 13 12 305 355 292 
344 101
332 83 37 153 14 122 51 258 274 257 64 172 333 308 220 78 6 1 211 5 150 282 263 315 53 185 264 348 121 25 133 321 328 30 42 207 177 221 293 47 189 283 318 41 303 322 101 247 159 315 183 78 74 326 9 59 4 251 224 288 223 226 231 93 259 180 54 87 23 0 237 168 45 186 92 225 233 140 87 291 103 87 202 22 8 143 16 189 151 346 190 5 3 27 79 327 112 96 278 213 315 301 83 256 196 162 247 27 211 342 338 73 10 24 52 243 169 102 326 155 202 20 305 174 326 292 76 260 196 122 0 168 290 95 316 227 62 76 202 58 100 167 204 278 322 215 244 316 261 349 357 249 21 86 358 93 307 123 243 136 59 265 200 202 83 285 39 164 139 191 92 294 234 240 259 173 100 320 261 337 211 312 207 293 46 41 310 93 292 28 317 63 111 168 212 136 282 334 114 194 23 239 359 214 358 78 309 49 41 85 12 47 137 239 9 296 350 60 125 192 257 227 37 188 356 281 77 102 132 92 91 92 246 357 276 161 209 253 320 63 164 235 284 222 94 285 165 234 356 13 95 70 29 334 188 187 69 279 94 260 203 155 359 258 262 187 223 197 130 253 255 217 98 353 54 135 218 353 200 6 253 130 3 79 166 247 224 333 76 113 189 250 61 269 250 240 56 143 253 145 77 124 46 64 5 118 356 22 22 199 189 297 113 115 335 339 300 182 29 122 330 275 162 64 29 270 230 258 24 352 55 266 20 167 162 284 263 260 111 226 155 147 301 99 
26 108
48 31 324 86 275 353 20 126 65 194 116 116 214 324 347 114 73 145 40 277 204 159 342 306 134 109 
344 357
225 219 311 223 265 130 179 97 191 58 156 29 353 287 59 23 70 202 219 258 56 170 18 311 4 17 310 53 6 283 55 133 176 52 298 244 204 256 228 212 102 41 77 338 33 190 22 57 193 88 112 170 44 105 112 230 345 324 85 198 206 346 303 260 225 265 349 56 337 246 229 83 115 26 341 13 183 50 292 197 147 139 149 178 77 234 8 96 243 233 8 9 249 180 202 180 66 191 252 37 13 55 1 47 13 29 20 315 353 266 13 38 267 235 53 257 248 151 113 61 184 324 254 87 359 88 325 52 137 44 257 73 236 358 5 226 112 154 243 66 69 218 90 276 22 18 350 249 190 187 262 48 130 1 52 286 70 197 126 64 85 302 169 313 17 272 18 325 121 337 97 232 132 53 21 358 97 251 92 260 38 4 225 238 341 37 5 164 199 334 68 178 27 325 211 202 144 48 181 247 145 43 242 357 25 136 332 278 54 51 359 83 74 181 189 249 214 126 253 200 215 282 0 13 298 173 303 73 174 221 149 111 101 237 95 202 44 0 129 75 265 50 132 338 219 27 125 255 85 285 221 55 146 98 307 203 350 86 286 119 232 181 258 65 347 332 338 26 10 258 17 10 319 37 69 52 270 263 345 91 184 235 248 124 303 96 41 82 300 61 192 248 172 112 171 42 14 337 272 144 237 23 127 350 218 314 38 126 71 298 216 33 29 75 176 202 354 108 47 277 338 275 88 345 306 11 108 107 75 189 208 294 180 222 232 245 334 170 211 205 232 63 204 36 
190 70
0 203 276 37 184 310 165 332 342 97 73 90 88 222 310 253 32 116 132 261 286 175 236 67 62 143 342 138 207 107 285 204 105 222 74 129 290 213 301 8 291 193 197 329 180 42 79 103 275 64 349 14 114 197 149 192 80 217 235 87 201 162 158 130 277 53 265 271 98 255 181 103 165 295 281 86 301 331 10 176 200 271 252 145 99 303 143 295 251 27 194 100 72 114 251 114 333 287 235 108 178 35 12 182 60 347 257 6 242 195 83 253 321 266 269 2 146 189 84 326 111 11 111 49 350 95 170 200 318 92 267 355 154 284 178 237 7 272 73 25 343 190 228 30 330 189 92 322 67 130 315 124 190 311 281 53 323 123 322 204 36 141 233 185 139 320 273 351 150 5 225 79 50 232 349 66 194 340 202 102 341 189 29 0 200 341 275 40 150 130 
273 304
95 228 290 353 164 324 37 207 221 264 197 278 274 128 260 312 102 354 330 242 240 112 38 178 338 96 134 121 301 343 173 346 229 217 183 219 245 96 305 297 167 147 317 282 154 346 97 299 177 343 105 29 236 227 217 323 133 217 155 124 290 171 330 307 271 44 182 35 349 157 290 121 130 18 310 101 266 134 109 66 337 198 111 219 338 110 314 85 83 50 105 310 35 291 123 61 257 100 352 68 93 241 152 120 161 230 18 79 137 162 287 195 116 202 92 267 136 39 359 271 184 80 11 51 85 290 85 317 49 48 270 270 285 248 352 112 126 229 218 338 320 10 242 61 334 112 241 78 348 197 328 328 306 156 180 290 292 310 214 356 300 124 226 166 257 208 13 136 236 291 27 73 31 156 354 326 358 73 6 66 18 136 136 334 236 40 257 357 183 161 10 143 355 305 53 109 183 244 185 210 180 272 114 72 45 273 156 105 312 178 25 115 263 103 340 267 184 109 351 147 124 344 352 126 18 350 21 272 24 298 122 156 318 161 152 289 49 273 28 129 168 6 180 44 235 139 66 247 107 243 15 94 203 357 350 119 340 243 186 238 224 99 311 302 262 324 57 199 219 81 128 10 335 
30 352
191 130 292 61 330 102 269 260 240 42 327 90 76 211 285 271 287 347 115 61 17 313 284 144 6 349 165 327 11 237 
292 129
207 210 349 57 343 140 328 25 27 357 136 223 121 229 121 354 175 249 262 76 275 64 70 298 188 252 215 232 116 255 133 234 269 232 345 355 136 347 69 352 86 84 214 254 282 79 135 287 148 16 205 222 219 316 76 75 132 308 141 187 212 352 294 168 160 170 151 8 325 168 229 283 32 109 278 74 65 348 266 337 309 270 9 103 302 177 301 170 355 174 158 124 332 305 198 89 62 270 287 199 183 134 207 70 10 268 73 162 359 13 143 74 147 279 151 182 79 55 82 55 138 103 320 321 242 252 137 255 162 141 345 106 64 211 310 8 146 45 250 41 303 64 348 147 233 104 255 88 43 125 115 200 289 278 345 104 104 215 170 320 177 70 71 359 31 235 16 175 38 207 157 116 296 112 212 88 61 29 237 354 134 70 188 104 223 292 163 199 38 238 62 322 34 327 192 339 230 161 65 320 336 264 100 74 234 288 112 131 38 266 171 244 287 210 177 71 151 315 205 173 274 170 221 236 2 91 233 182 252 36 95 348 36 17 133 352 22 196 275 247 327 107 218 215 3 254 33 59 175 39 333 92 221 63 52 288 136 307 48 106 314 225 84 307 245 105 224 104 356 34 190 22 169 76 233 171 157 99 346 12 194 240 346 191 358 186 177 33 75 254 299 287 
6 107
212 272 115 136 220 342 
16 115
101 243 346 106 261 354 232 335 132 82 152 100 79 314 330 309 
327 98
92 279 42 28 29 192 327 43 154 144 296 295 56 137 296 275 40 345 176 323 336 63 354 317 340 16 28 194 268 26 309 194 262 216 267 97 334 213 67 304 358 277 310 124 144 262 198 147 276 137 6 188 126 213 224 199 226 118 252 249 19 346 249 59 256 117 116 181 65 259 14 181 72 95 136 115 341 116 122 220 334 173 70 276 176 40 87 243 57 234 310 165 53 278 273 135 111 97 190 65 177 203 106 35 190 98 241 47 323 5 22 87 256 38 282 229 304 350 36 297 326 103 128 34 284 238 218 229 100 302 108 62 253 137 218 63 301 190 256 157 207 71 323 55 146 133 280 349 13 307 81 289 147 278 276 215 69 186 42 320 352 237 155 266 241 201 148 197 104 48 118 172 12 230 252 277 47 193 155 141 245 353 128 313 290 40 40 188 205 48 82 40 100 215 357 56 176 163 224 66 209 247 122 239 1 142 345 184 358 177 49 128 299 216 297 272 354 129 278 162 234 314 352 265 289 200 64 207 189 322 221 86 217 241 239 166 273 184 346 3 85 172 116 342 111 113 193 122 235 123 330 216 178 310 175 297 80 170 300 304 158 340 87 243 289 222 21 206 254 256 330 110 236 164 274 268 300 143 152 124 258 103 233 167 87 337 78 256 331 245 89 95 166 9 248 16 303 232 130 244 182 19 125 260 211 56 48 127 192 215 345 35 75 141 280 222 271 25 256 338 328 305 31 193 284 177 54 
111 289
213 320 67 270 92 188 178 152 162 324 41 115 123 252 221 313 147 120 234 104 113 159 180 65 82 222 326 125 268 320 88 116 143 337 68 102 169 15 336 259 358 192 304 75 194 106 252 111 220 356 41 83 275 334 198 44 337 121 12 344 87 145 136 182 245 44 134 190 182 96 83 154 166 308 357 252 141 219 152 254 325 321 333 61 30 284 266 290 339 153 135 325 173 146 69 163 117 267 38 14 107 133 175 211 359 87 316 172 334 101 47 
36 292
3 324 180 96 235 34 341 136 321 9 176 306 115 228 356 205 103 136 118 246 0 326 282 248 300 4 51 272 25 74 303 132 41 1 326 118 
121 110
117 197 293 212 1 335 163 327 323 183 149 200 113 222 262 172 134 72 79 87 270 140 164 196 319 342 49 27 216 62 266 328 155 82 103 309 352 92 40 47 335 121 311 100 30 260 324 44 144 54 285 213 340 57 29 333 110 186 125 154 331 34 279 30 241 75 235 268 354 143 324 313 202 297 118 179 323 229 32 356 95 12 9 208 63 22 170 244 155 118 68 22 17 215 315 279 111 263 13 11 336 263 110 350 250 170 294 50 177 202 196 220 324 331 31 152 77 326 215 287 131 
205 221
144 64 280 262 302 142 248 278 192 75 109 241 320 156 170 86 351 55 17 94 266 275 291 226 326 65 299 280 224 152 184 24 68 63 345 285 81 24 168 192 115 165 6 48 96 10 201 209 13 81 322 323 73 289 323 117 286 147 75 236 324 180 298 119 34 148 107 62 16 281 331 217 238 189 337 20 125 321 126 246 122 179 44 171 350 8 188 187 281 28 319 352 235 124 154 247 281 204 28 28 153 128 52 29 292 219 321 227 173 217 337 271 48 49 76 339 303 132 211 27 322 33 171 116 41 316 353 91 302 320 240 151 109 273 69 299 61 201 290 273 131 220 143 315 60 1 15 122 47 162 159 183 348 188 234 350 140 295 123 82 267 254 148 306 158 209 121 12 170 37 266 328 219 148 11 1 81 101 176 9 313 214 124 328 15 71 258 45 225 10 208 174 268 104 300 295 231 81 130 301 0 253 268 234 145 
64 231
210 298 49 185 53 130 334 240 340 64 8 156 167 299 82 173 335 343 270 164 336 75 20 264 190 346 188 212 136 12 160 312 217 338 20 124 226 185 225 163 251 347 195 79 234 353 327 353 197 196 134 143 131 141 168 105 70 38 262 265 306 239 347 3 
255 158
211 167 55 207 160 229 82 36 126 262 297 79 120 20 319 176 125 231 236 130 327 62 75 216 258 109 212 190 253 312 24 149 220 86 51 203 60 352 216 37 267 277 276 53 135 51 234 96 174 176 279 83 90 270 223 335 161 137 256 266 104 62 65 5 45 285 238 166 115 114 302 310 308 342 186 275 70 112 178 220 280 315 222 271 111 169 251 293 55 16 135 157 324 67 126 265 284 178 316 275 110 58 126 277 204 286 342 49 88 121 291 30 32 42 56 164 70 313 135 109 249 207 312 126 251 171 101 2 239 149 3 267 69 288 219 288 300 286 160 8 151 14 44 10 198 237 325 191 241 331 205 331 92 207 192 87 133 329 172 239 345 151 353 142 315 261 78 279 141 191 268 211 345 51 183 268 37 123 185 45 90 250 108 270 134 29 190 62 254 141 214 232 70 68 306 146 104 179 144 359 285 337 23 253 122 54 208 264 344 20 128 313 297 133 107 184 95 220 85 88 242 136 331 152 260 329 33 350 298 236 80 243 206 54 268 323 197 106 156 140 70 339 51 187 164 352 137 311 69 91 317 113 95 43 227 
248 182
311 296 122 56 348 185 47 40 283 153 182 175 100 48 266 336 133 218 232 36 92 180 67 102 32 13 28 47 208 74 47 279 174 225 33 4 45 316 142 342 228 4 139 174 232 172 4 102 143 304 201 19 357 313 207 291 87 33 327 117 52 286 204 241 282 217 24 102 154 96 143 189 127 197 277 61 292 320 243 62 85 258 174 220 249 323 88 255 31 249 130 189 316 176 226 21 153 92 158 97 37 47 1 190 207 64 266 304 288 140 255 34 244 117 296 344 248 63 259 115 309 13 50 185 123 90 343 353 213 178 150 211 92 318 67 101 39 80 189 354 52 206 110 142 359 183 70 90 148 15 7 355 246 213 179 46 156 195 211 355 323 227 123 93 218 96 36 212 318 163 287 248 220 26 222 179 336 77 310 358 112 147 249 330 4 110 81 252 124 165 40 99 37 88 285 132 171 307 343 9 282 174 161 339 327 315 211 42 90 235 45 336 49 291 195 200 264 297 175 243 120 83 43 100 72 307 311 19 119 282 21 324 70 218 92 52 147 219 110 339 90 283 224 176 219 310 131 299 
299 323
280 57 338 273 22 244 229 207 358 93 83 120 125 21 302 86 82 270 221 234 210 33 87 237 318 334 248 232 293 117 59 29 305 355 303 201 158 348 65 160 77 152 170 179 65 22 31 88 83 222 326 278 160 150 172 102 179 333 110 169 65 359 358 194 251 314 247 233 166 145 16 112 348 177 246 275 6 137 165 328 329 337 109 259 201 150 257 42 213 188 305 87 151 40 57 267 101 227 182 304 13 331 138 342 158 198 293 177 41 164 173 329 128 170 293 152 200 197 135 193 96 40 92 338 134 26 169 238 321 117 301 98 54 11 99 225 345 308 168 56 242 292 268 199 237 33 309 12 337 299 81 298 292 196 14 299 125 194 269 204 69 146 315 177 39 353 92 43 54 157 325 113 308 309 22 173 41 265 242 224 1 11 99 121 110 180 353 270 343 187 140 336 150 246 153 272 78 68 195 117 197 225 51 322 123 191 190 206 18 153 329 216 138 338 239 345 326 251 111 346 232 24 39 165 285 287 109 17 118 110 184 326 139 279 83 214 205 200 296 131 15 175 277 173 330 279 243 71 111 276 311 220 353 12 257 135 51 123 152 315 309 69 262 45 349 314 241 25 258 260 48 12 131 155 318 228 252 271 201 95 89 278 251 100 210 52 203 310 231 277 122 148 345 197 22 16 347 306 186 
115 144
249 78 261 149 210 158 295 24 232 320 165 221 140 68 269 59 117 187 280 113 297 242 318 351 106 90 247 247 279 172 205 294 9 182 317 28 118 47 313 281 200 137 118 4 153 47 235 209 324 7 222 159 334 22 359 179 124 179 164 79 191 96 226 139 340 323 6 228 271 282 176 309 327 304 131 139 181 15 198 89 273 143 348 87 82 70 171 34 322 37 307 66 195 147 112 52 253 87 65 265 330 228 352 266 125 344 319 151 232 121 125 72 70 358 90 
297 242
295 315 159 211 314 220 133 21 30 46 153 154 139 304 123 57 7 142 140 305 125 53 58 286 349 258 62 0 240 40 67 309 83 353 299 174 352 43 239 294 196 284 171 199 217 160 282 202 97 84 71 83 277 291 200 60 125 290 158 75 242 326 328 274 107 319 62 100 124 316 270 38 231 318 357 62 86 142 135 154 14 102 85 255 313 227 265 1 3 147 45 313 243 169 16 340 274 67 128 349 86 276 55 95 72 346 301 242 226 280 227 102 340 279 111 282 85 190 278 83 130 195 88 209 104 313 61 193 114 40 288 275 340 337 41 275 343 18 209 316 309 21 43 274 227 134 175 91 357 130 117 37 27 300 338 226 148 300 317 46 53 181 182 90 154 22 112 178 44 293 4 228 244 244 277 319 227 59 150 94 144 296 155 330 138 300 43 315 234 176 187 230 257 301 78 330 46 12 157 243 146 135 193 348 249 164 23 318 224 304 81 266 319 337 130 245 245 190 316 138 354 132 79 62 264 126 179 232 129 139 254 20 358 70 25 303 65 90 325 78 273 203 177 164 172 271 75 295 229 173 308 175 253 37 174 72 126 11 52 54 258 52 174 183 324 265 313 117 198 164 79 217 145 18 339 205 100 243 43 8 260 199 271 81 149 35 279 220 278 175 7 116 230 74 198 229 144 
272 345
150 268 310 255 160 335 322 187 317 319 175 269 120 102 39 135 358 333 58 337 132 228 12 125 145 88 128 206 334 87 220 48 99 28 31 128 82 355 301 266 120 78 339 259 243 344 88 97 274 224 190 272 29 335 316 340 282 166 335 45 191 121 56 180 197 137 135 277 148 350 32 192 313 148 6 195 154 206 144 32 56 111 193 280 143 2 223 256 227 18 295 235 130 272 247 293 297 11 271 322 201 345 152 275 97 103 162 293 249 2 41 69 276 321 335 136 12 295 240 265 234 138 17 25 211 161 195 252 177 70 271 65 204 127 345 143 217 38 195 205 163 276 81 250 13 151 200 255 294 299 354 81 82 281 15 345 240 46 112 338 208 319 122 75 227 268 248 119 150 10 99 248 318 179 39 303 288 191 287 246 59 350 286 304 143 80 174 345 327 95 98 250 205 30 5 345 294 224 116 20 357 289 174 25 72 175 270 148 132 5 141 93 52 90 335 227 82 127 345 334 78 329 321 13 98 213 334 308 40 259 229 215 182 178 29 281 146 117 213 229 289 4 219 81 69 153 205 177 131 132 255 265 220 44 337 43 235 353 53 10 6 258 213 256 3 342 21 157 343 65 48 263 
41 305
3 116 141 169 104 303 4 58 342 87 346 247 221 214 118 94 157 219 115 166 325 316 179 33 354 72 104 91 7 214 120 3 318 240 321 168 359 71 21 274 251 
133 55
265 37 335 204 158 262 78 140 152 194 113 109 43 184 174 5 201 169 20 215 92 132 144 331 288 155 37 77 72 227 249 195 221 282 197 222 278 206 209 216 297 265 57 277 143 148 321 44 36 79 129 232 47 305 300 0 49 290 316 89 226 204 262 271 74 205 53 12 221 113 69 329 344 292 11 81 339 318 337 344 246 119 73 31 343 102 250 76 101 185 252 126 177 28 10 325 205 70 125 10 222 160 154 226 17 25 309 202 298 135 264 50 244 108 155 321 314 201 162 198 270 113 92 307 253 171 225 277 72 110 60 129 16 
203 109
240 39 4 100 269 260 222 272 86 13 302 218 101 278 299 54 131 216 43 34 271 98 349 84 257 63 142 261 154 65 99 77 266 114 116 310 16 322 87 73 72 122 75 328 96 26 10 217 68 94 261 212 86 59 71 3 19 2 107 119 4 223 296 202 85 20 171 98 79 171 261 110 146 297 308 224 140 230 117 160 269 19 26 158 252 303 179 205 283 212 6 72 308 314 276 186 70 54 351 300 200 12 24 307 83 341 190 38 255 23 86 259 129 288 275 357 33 41 56 283 246 109 103 358 188 233 163 217 313 250 312 88 273 231 45 341 284 257 321 143 203 224 143 272 221 328 253 53 136 14 37 228 219 186 4 224 226 147 281 40 108 129 295 12 15 129 239 243 170 329 110 49 13 178 55 330 8 110 29 333 92 357 78 5 190 142 291 220 283 339 244 59 281 280 226 24 64 241 26 200 8 138 279 
4 156
264 248 149 75 
141 74
29 47 14 271 321 6 2 330 116 128 98 321 196 306 86 193 71 227 245 23 205 234 317 204 3 255 67 0 63 61 89 183 236 74 6 138 109 356 194 350 84 22 168 212 277 236 145 355 215 203 224 118 147 192 344 97 337 259 181 75 21 304 161 246 292 226 351 46 134 257 121 105 77 149 49 289 349 183 174 174 104 179 26 213 106 135 39 82 143 304 56 93 252 85 336 29 270 36 259 332 330 10 98 196 235 251 160 352 86 306 88 137 139 131 220 113 288 307 173 165 102 89 218 7 73 218 260 96 241 247 191 195 293 83 180 357 95 293 171 308 356 
59 319
173 260 5 126 58 177 127 140 260 83 146 174 81 65 324 305 7 214 89 40 103 313 324 327 343 154 8 152 265 301 206 3 167 324 149 344 172 87 64 252 247 109 139 317 308 7 122 167 308 171 355 258 119 196 228 138 104 226 57 
21 205
315 355 64 68 3 175 128 274 141 262 220 96 63 312 49 180 177 66 184 99 151 
348 68
312 19 311 16 190 100 79 137 292 265 83 127 350 302 236 333 89 162 119 92 356 51 259 20 228 20 55 253 164 185 323 17 98 264 172 50 219 311 101 284 192 147 71 332 45 83 157 42 301 73 102 91 173 349 204 71 333 9 269 35 325 52 159 181 244 202 318 274 59 121 76 336 204 232 306 53 27 235 188 54 107 129 106 350 264 20 85 113 291 216 337 84 152 259 101 261 200 97 25 292 194 349 260 115 153 117 243 336 345 189 324 146 358 37 15 342 312 334 144 93 152 334 301 331 202 71 335 334 307 215 216 315 137 110 196 335 195 134 221 90 204 161 129 193 82 80 282 358 299 36 231 223 159 18 196 19 189 238 9 259 211 244 190 22 115 156 236 81 201 265 96 245 102 287 28 344 149 53 183 343 100 57 276 37 5 90 211 29 38 240 245 144 277 132 29 344 123 5 73 87 38 345 84 107 118 169 256 28 7 15 22 32 208 99 7 235 15 49 25 205 262 13 212 16 150 321 175 341 292 188 68 58 243 247 0 81 346 330 201 134 55 315 49 205 322 39 272 344 77 349 242 13 33 241 82 144 263 247 289 73 20 76 278 231 67 266 104 264 140 149 156 115 37 42 7 59 2 102 97 157 300 144 118 273 300 75 179 30 306 233 226 71 323 279 311 29 46 109 298 2 91 198 40 295 298 4 349 152 268 81 229 32 5 323 343 20 7 272 299 344 286 22 214 142 25 271 303 274 264 59 139 320 247 315 134 154 39 0 89 44 120 285 326 165 146 100 247 103 
258 184
26 322 119 326 250 260 200 8 348 3 295 277 21 119 246 270 322 5 316 231 46 253 204 15 315 216 344 154 110 252 54 150 186 52 212 173 178 37 183 277 117 113 282 10 247 155 77 269 270 219 61 107 29 57 119 348 206 154 134 270 27 238 109 172 40 136 46 181 260 166 165 134 169 93 268 233 220 123 53 317 17 16 338 357 318 63 190 264 81 180 207 94 137 270 310 140 136 200 254 68 43 340 191 56 90 116 336 275 122 191 173 85 137 77 83 206 294 88 289 19 194 275 348 93 336 19 35 2 241 286 166 33 297 155 143 282 115 224 85 308 118 76 93 343 96 94 301 333 190 292 4 154 309 341 102 56 195 21 266 177 157 109 106 70 85 31 170 200 314 211 212 325 313 164 55 189 304 9 359 236 35 262 347 265 199 166 118 225 170 207 290 6 92 82 232 168 196 45 62 65 155 112 110 102 233 286 125 55 309 212 112 278 47 117 162 280 304 9 137 118 87 92 305 83 123 297 216 156 87 130 37 324 117 282 65 277 10 7 224 155 195 116 20 159 293 138 170 220 268 270 136 248 113 187 62 205 279 315 
101 88
291 73 325 337 225 210 221 249 214 262 12 170 178 110 329 331 44 156 241 269 246 276 84 197 15 191 306 120 193 273 26 338 166 135 295 34 141 73 23 259 34 309 18 103 46 57 235 284 36 36 204 185 247 268 255 84 114 104 339 12 358 6 212 109 87 158 328 154 198 242 101 281 7 358 23 165 39 86 275 96 32 207 60 41 207 0 141 167 19 205 193 263 174 324 31 3 310 77 143 148 312 
228 349
7 242 84 143 143 10 290 152 114 264 252 355 191 8 112 147 264 310 190 292 311 29 324 91 325 159 11 202 55 129 284 166 108 174 92 230 212 113 339 266 128 59 137 124 298 225 265 333 253 146 10 5 300 24 132 3 312 141 236 300 166 320 318 152 40 92 242 323 75 7 343 255 312 114 0 251 223 113 307 54 233 318 87 234 294 189 47 209 342 232 145 223 322 330 218 338 242 344 110 336 63 76 103 34 353 212 323 325 218 117 254 165 303 118 129 212 181 59 51 50 283 297 358 130 43 205 267 291 271 300 6 314 270 169 205 316 84 317 197 157 191 27 303 70 122 99 292 317 68 260 131 95 243 129 356 117 343 48 5 160 242 338 179 93 236 28 52 313 288 273 121 255 20 206 141 23 128 210 335 140 228 178 165 149 96 44 101 345 85 31 65 242 45 232 47 100 154 309 212 161 332 36 33 191 125 148 75 102 271 343 108 88 272 174 89 279 137 50 123 193 222 143 286 157 312 176 169 39 
336 315
129 260 233 148 46 212 312 174 115 242 272 34 78 174 137 288 46 260 186 129 41 175 304 103 217 71 108 32 332 304 341 130 241 328 53 82 80 266 357 311 23 46 166 270 43 44 212 354 288 235 178 183 151 265 310 96 239 287 42 173 14 170 316 349 208 195 70 244 54 152 333 323 352 177 5 282 115 302 135 241 49 246 87 335 237 274 169 280 86 240 172 27 263 187 12 179 205 308 29 310 55 348 3 239 323 75 52 104 116 15 342 254 229 66 323 299 272 238 106 153 289 258 80 33 301 84 165 62 111 340 243 284 335 157 141 309 77 20 16 128 57 138 85 212 298 188 265 262 190 88 231 149 78 82 230 284 245 244 343 331 11 309 273 69 217 12 342 234 287 99 254 58 67 125 253 225 224 190 178 33 302 110 46 325 161 304 330 310 101 19 156 272 286 227 185 183 42 183 126 144 200 141 157 143 94 288 238 12 192 189 350 114 236 37 70 187 197 249 180 11 311 95 31 357 300 32 262 114 107 291 353 38 92 196 86 52 40 215 306 260 154 259 66 295 271 202 176 253 139 207 247 272 149 220 193 292 327 16 198 193 49 164 213 181 139 187 341 32 90 23 255 264 312 281 229 280 224 256 122 97 157 91 192 238 177 198 224 189 321 266 310 231 200 103 308 254 240 279 157 286 284 342 134 277 279 28 131 66 213 176 55 314 275 249 325 135 48 231 217 339 203 167 325 295 260 230 232 112 301 251 120 322 187 332 310 186 
316 358
300 192 45 217 233 10 97 158 283 199 18 80 292 91 125 205 134 219 70 0 68 349 141 35 338 193 308 336 15 356 23 182 346 258 176 125 272 333 151 313 325 216 295 174 131 61 110 23 292 319 332 345 158 214 56 11 277 262 217 148 245 279 228 279 216 153 7 252 260 38 259 286 181 337 42 142 154 274 231 314 170 330 309 281 338 185 182 147 242 224 9 140 293 10 258 118 159 113 17 212 131 11 273 119 199 161 235 259 126 348 341 43 284 136 96 302 128 72 213 233 26 338 256 331 138 228 16 153 269 108 351 265 169 300 7 346 310 209 102 181 55 105 255 234 280 63 321 105 10 245 252 162 13 136 185 219 358 110 74 144 173 269 283 34 178 52 272 32 299 297 5 323 214 45 345 142 271 349 54 129 1 3 177 179 112 96 304 262 106 346 282 273 207 70 171 197 69 62 305 278 25 318 260 131 280 236 162 231 159 299 10 276 46 177 323 355 293 228 12 218 142 47 33 202 166 39 67 112 304 263 14 2 175 117 123 228 218 127 22 315 225 86 114 25 184 232 347 305 299 98 222 60 330 76 263 84 40 337 247 297 251 312 261 119 163 282 349 45 157 357 262 305 257 229 186 81 223 349 245 234 118 300 16 357 305 146 116 90 173 301 111 197 243 105 67 100 91 314 60 240 82 70 24 105 260 56 325 35 35 255 300 93 116 56 308 133 
221 70
89 13 355 123 195 69 156 80 82 259 140 0 341 248 278 253 43 31 22 109 132 320 319 44 175 32 151 327 293 233 75 291 31 218 9 52 65 248 80 182 158 56 0 38 343 214 235 340 169 37 207 103 210 6 34 222 293 224 125 155 303 130 286 186 279 267 151 175 175 323 342 117 5 358 176 312 147 258 56 127 287 223 73 169 203 248 210 99 341 129 288 102 3 105 199 51 235 158 107 4 266 43 346 140 174 186 209 335 3 313 9 339 188 131 4 189 125 165 47 72 157 280 293 44 352 122 197 48 75 321 321 66 135 244 41 207 205 171 347 312 310 169 274 41 136 268 332 238 351 141 75 247 234 260 273 19 254 300 229 67 305 287 357 49 310 69 264 263 214 279 92 297 159 4 245 145 171 183 103 41 237 64 232 124 92 304 107 145 166 238 90 154 27 333 165 304 207 285 39 305 303 112 283 341 217 126 132 303 227 18 243 358 345 225 89 296 309 97 176 93 89 
165 244
70 263 2 183 347 233 304 35 177 160 196 248 305 311 218 233 90 155 260 312 262 259 304 56 326 221 265 31 299 290 17 265 263 267 339 100 176 39 291 151 334 33 330 29 333 288 207 297 359 89 64 57 208 195 313 169 135 311 133 344 79 83 310 180 203 31 142 354 255 343 85 74 155 160 51 213 188 52 356 292 19 262 158 220 115 292 238 256 68 56 152 38 84 177 90 53 57 180 233 3 337 175 141 274 318 65 114 40 109 345 154 354 104 296 259 286 251 247 191 333 287 147 71 1 119 3 196 345 164 337 301 17 354 4 58 341 188 34 353 254 115 336 160 290 292 120 244 191 19 5 109 248 315 6 183 83 327 201 94 242 227 165 349 126 349 
110 207
250 204 13 77 20 303 124 5 33 319 351 105 38 101 103 57 118 306 352 149 82 168 169 266 57 13 224 207 248 94 331 312 148 252 237 134 356 350 120 294 325 75 70 151 46 120 34 185 175 232 213 158 90 140 299 172 317 49 137 238 268 175 124 67 58 257 326 290 146 163 124 195 171 358 18 193 187 129 287 144 251 100 108 35 72 299 160 330 71 70 210 311 315 250 12 179 131 334 38 322 308 116 39 75 222 22 285 20 341 70 
301 65
156 294 30 317 69 165 49 153 34 326 167 325 52 68 281 50 72 346 221 10 356 228 151 183 232 286 11 149 309 207 324 123 268 134 284 113 350 265 34 95 98 344 344 57 202 40 5 358 358 184 0 261 125 58 263 251 273 116 350 152 21 71 70 58 289 85 273 44 294 80 241 217 3 335 65 59 108 220 93 144 331 188 158 141 114 160 45 34 281 96 311 213 272 295 285 114 220 58 222 87 205 272 109 325 187 283 293 327 99 70 218 18 316 40 133 328 234 273 12 0 315 313 146 264 12 95 230 35 102 86 159 346 263 278 252 31 108 196 359 340 242 300 265 151 242 92 23 50 349 65 72 108 106 144 22 71 149 188 201 40 247 27 235 354 313 92 312 206 34 229 312 347 314 118 144 36 355 155 274 70 266 225 341 340 230 78 99 97 23 37 201 133 74 350 216 198 131 5 266 173 330 210 18 208 216 347 326 268 326 117 209 17 278 168 3 131 219 249 30 351 51 186 8 232 161 109 38 299 12 242 47 116 3 284 268 24 177 276 32 304 336 84 170 346 176 155 172 348 126 81 325 136 254 311 128 196 191 344 188 219 188 230 110 37 164 294 122 55 30 140 58 126 253 246 219 11 237 49 283 344 307 155 54 268 140 70 156 143 166 307 27 190 39 237 218 309 343 351 75 203 269 
257 199
356 167 56 65 188 223 222 234 107 22 51 55 292 76 351 83 260 123 322 320 100 285 27 109 223 36 257 190 189 242 67 148 170 258 200 97 209 294 160 20 68 358 79 292 2 151 325 9 275 13 348 285 170 266 15 246 163 323 205 1 258 139 19 125 114 254 0 178 2 264 142 276 184 60 310 145 282 340 264 357 331 47 220 100 44 101 51 53 334 8 69 209 283 296 38 165 356 76 168 7 200 236 289 167 303 17 127 325 298 22 55 37 242 147 116 46 254 302 235 197 56 40 308 327 219 113 188 249 296 217 358 21 176 357 218 228 143 113 182 85 321 320 8 140 7 30 264 153 354 306 201 262 83 132 104 290 359 341 162 322 150 21 257 113 55 331 55 143 332 344 57 46 90 115 333 72 204 23 205 319 186 298 46 180 150 212 298 336 299 353 295 324 224 172 14 207 95 89 322 23 81 54 48 257 99 255 302 268 343 242 331 101 52 291 153 62 230 134 172 57 54 60 138 308 312 70 251 356 263 325 292 265 304 245 191 305 32 328 236 229 155 279 133 302 30 319 301 8 86 33 130 50 232 271 342 167 29 
2 189
153 215 
329 34
327 324 67 19 266 3 258 33 90 335 188 152 126 245 259 130 278 303 324 338 192 242 202 354 255 123 249 290 61 207 187 146 252 131 105 250 12 119 15 78 106 226 67 272 104 43 143 58 304 112 59 162 172 52 51 83 275 292 5 345 232 114 129 18 217 305 293 284 227 62 139 190 349 9 212 104 235 115 202 87 183 297 274 39 61 64 104 329 285 157 78 298 285 319 160 195 307 149 144 253 231 20 252 341 30 66 279 306 64 83 332 86 304 105 218 89 122 306 140 220 115 267 312 216 89 153 11 276 293 219 328 118 8 17 113 150 221 59 283 88 109 33 59 329 151 269 331 17 346 271 49 63 320 23 314 253 272 63 139 37 159 302 7 43 25 356 45 31 97 332 345 304 314 276 250 298 234 23 50 53 123 330 225 320 251 35 29 216 298 219 80 123 52 250 306 202 74 265 359 236 336 131 96 324 16 351 259 224 222 34 214 233 118 205 101 152 185 259 221 109 195 315 156 210 349 337 235 0 263 166 272 48 338 129 225 56 124 350 293 47 240 195 64 271 185 149 242 271 267 224 67 279 320 153 138 194 275 197 41 205 24 231 205 86 111 296 101 187 211 51 74 321 122 139 298 159 257 350 76 266 223 191 285 118 116 271 213 317 312 259 82 146 104 27 283 203 261 316 299 166 144 309 98 211 335 7 121 211 350 117 318 51 176 50 103 13 224 79 154 198 187 58 291 8 258 73 345 219 8 
227 294
321 263 276 107 50 283 277 313 155 299 150 60 149 119 184 324 230 308 32 14 307 41 166 184 359 66 337 334 289 116 91 308 250 21 242 346 347 32 224 126 121 12 332 291 338 226 61 182 309 180 143 88 48 324 255 81 124 331 216 325 277 243 225 351 243 43 273 248 291 62 66 236 229 226 49 16 351 85 61 262 174 147 355 271 321 182 95 75 19 186 203 240 313 114 244 230 22 290 31 182 45 321 21 356 211 203 197 89 59 298 157 333 2 291 326 245 211 165 203 306 341 219 190 253 41 120 303 58 141 242 349 347 54 133 85 80 57 43 92 47 263 196 18 206 28 263 284 17 9 230 347 186 176 304 349 24 190 284 157 209 286 323 273 219 317 67 25 60 72 195 94 267 333 145 95 206 33 328 147 122 257 175 262 49 225 175 268 32 352 270 102 105 340 19 77 106 12 2 102 268 208 282 189 351 2 171 29 256 11 175 162 110 31 55 120 124 309 163 152 76 326 193 248 14 261 234 239 
71 298
326 279 60 92 22 277 62 161 15 18 70 283 224 220 153 280 230 92 213 123 202 76 81 136 277 185 200 116 191 179 350 42 261 158 77 137 91 268 40 172 16 277 129 335 77 122 46 37 228 2 330 91 189 26 105 337 192 252 268 41 93 135 134 341 333 64 23 257 229 115 278 
264 322
27 69 261 67 146 48 17 8 165 143 84 243 215 14 340 348 62 352 205 240 342 137 171 121 91 228 316 151 23 327 76 65 310 80 50 160 252 335 258 224 105 244 104 249 157 188 145 68 225 74 218 115 235 298 194 239 131 90 269 215 20 272 106 151 44 329 228 92 162 72 200 16 344 41 336 51 201 281 179 153 98 213 91 148 59 203 81 141 149 335 11 7 232 270 283 121 79 297 140 214 132 112 207 39 251 333 12 157 197 19 228 194 2 169 288 358 332 316 235 154 191 283 36 207 172 296 103 177 329 102 133 326 198 304 45 343 127 144 329 66 226 196 9 326 113 101 253 352 35 41 194 284 39 216 340 309 346 86 278 106 77 234 303 23 62 10 283 47 324 306 197 123 255 2 172 275 323 258 261 33 108 149 117 40 191 337 13 60 256 89 50 281 69 1 49 261 243 335 111 338 258 189 2 316 114 34 35 60 210 246 159 154 104 92 283 203 2 148 88 76 241 199 163 102 230 180 283 96 241 232 287 182 245 330 256 217 87 223 253 170 268 310 348 135 215 12 124 74 172 91 242 266 330 291 248 297 110 64 41 176 60 37 26 358 
316 260
266 49 124 56 350 144 173 193 341 300 300 239 219 82 155 257 203 355 160 241 183 242 145 337 296 336 69 297 15 286 146 148 174 259 328 176 305 176 26 303 318 54 199 36 125 35 257 110 201 197 180 115 184 98 260 284 8 88 283 222 255 213 355 315 96 279 340 314 282 191 349 134 201 34 105 183 198 353 341 104 18 45 356 29 269 273 217 287 315 96 164 11 304 85 331 159 159 41 138 137 89 128 303 347 273 156 344 90 39 286 300 229 34 54 331 305 180 97 329 6 341 297 62 257 115 294 182 82 313 110 104 147 343 303 115 164 296 216 99 191 127 329 342 135 23 302 288 80 59 157 243 171 345 323 16 306 89 325 304 338 247 335 31 70 32 251 11 263 21 196 133 89 33 234 103 274 107 221 311 33 55 233 59 36 162 223 335 80 111 143 204 236 345 217 176 331 208 172 160 110 54 196 39 316 273 14 275 135 107 263 69 238 198 314 228 166 233 192 244 131 20 126 50 71 319 254 148 218 223 253 356 316 292 185 50 272 147 259 225 55 175 21 186 305 31 90 51 24 8 279 292 16 289 180 17 226 35 336 255 2 201 8 263 143 261 4 141 3 168 327 246 126 87 274 76 296 266 134 278 284 267 112 32 236 50 262 340 13 270 224 111 224 325 278 241 47 356 74 49 99 124 225 223 45 158 20 134 64 310 205 272 90 87 320 297 209 
