67
341 298
224 31 351 119 64 6 311 190 330 41 247 8 328 123 162 30 0 69 320 37 338 185 268 123 38 9 236 108 221 336 282 30 67 187 218 223 212 238 273 184 70 267 149 141 67 302 180 318 269 221 202 12 295 112 290 125 59 307 298 25 227 236 38 103 323 96 142 167 267 121 107 215 251 353 284 151 349 246 235 283 112 160 126 137 285 0 96 279 304 246 119 274 185 175 348 9 202 20 236 5 188 36 140 327 335 266 310 47 59 68 76 37 30 11 243 253 1 343 9 334 207 184 14 20 248 284 302 262 272 236 14 253 287 47 111 112 296 166 4 6 13 180 334 285 4 96 140 167 80 89 1 42 276 224 4 48 277 304 30 40 94 353 5 315 148 117 15 331 29 182 192 195 313 163 271 139 199 110 275 108 32 247 270 349 4 39 64 37 80 96 183 53 164 289 44 305 134 74 191 38 47 332 180 318 228 23 99 58 254 14 173 29 198 209 99 15 140 176 64 269 71 162 350 38 80 289 82 229 86 167 83 227 223 218 57 337 293 17 42 155 261 264 66 62 312 170 199 157 124 297 211 208 321 161 230 73 221 314 294 149 315 253 18 23 340 33 125 194 81 347 9 254 127 229 240 107 331 168 311 236 292 331 274 171 147 304 181 320 198 137 288 254 267 277 347 14 246 113 86 307 241 84 103 289 47 52 219 160 252 102 222 270 304 75 213 66 66 125 45 291 41 171 205 12 142 121 111 271 186 265 126 23 90 300 273 242 287 86 303 197 243 
71 296
324 66 149 172 150 303 96 250 216 344 78 95 248 118 59 226 245 199 335 116 188 16 153 218 283 77 86 213 144 132 183 90 3 228 47 316 141 297 162 265 151 266 161 259 85 233 153 283 130 320 134 10 127 344 70 353 318 326 263 79 325 32 101 217 356 127 290 151 125 316 21 
19 8
128 300 147 299 44 298 19 101 42 289 214 209 74 341 92 31 161 131 196 
201 8
359 179 273 211 161 345 257 68 331 302 321 228 180 293 90 137 86 190 201 100 179 166 265 207 242 118 307 214 196 302 88 82 305 70 348 31 219 93 140 186 169 141 160 124 319 129 63 202 142 85 224 141 20 1 269 97 64 63 333 168 242 48 229 316 160 235 307 178 115 135 284 19 105 2 99 350 163 139 256 126 327 97 54 248 226 21 237 182 340 8 136 344 252 85 102 340 161 240 39 143 315 80 316 15 17 215 40 40 187 56 320 117 50 79 317 171 230 296 328 306 9 241 212 234 241 34 134 45 216 219 86 107 357 245 353 39 164 88 245 98 68 161 303 60 6 253 103 348 245 13 29 310 246 38 212 195 157 214 214 25 280 253 330 233 259 345 313 78 135 117 170 123 105 201 357 232 289 52 241 26 136 282 244 275 256 28 291 336 113 31 183 243 290 252 284 328 2 349 139 96 45 
233 22
32 230 327 24 319 25 25 108 222 46 337 118 133 204 15 215 217 281 106 174 319 97 202 105 19 348 77 256 299 30 11 254 183 52 74 84 32 352 351 302 116 236 83 343 5 190 24 140 247 213 123 357 123 180 190 7 98 337 343 123 10 125 150 86 47 119 300 158 78 225 39 264 198 187 59 212 329 253 62 295 30 304 143 111 2 83 221 194 348 162 138 358 141 43 170 254 341 165 358 142 199 169 329 321 261 55 156 288 210 221 8 332 325 351 296 348 320 213 105 281 62 83 307 178 248 359 213 45 248 132 353 22 351 294 262 209 2 257 247 58 259 213 71 295 95 199 65 50 4 191 9 137 72 322 190 254 343 314 199 236 105 309 168 110 208 255 112 109 170 174 99 231 204 89 5 242 252 67 31 132 140 304 272 29 311 110 312 110 43 33 226 226 245 95 234 217 120 335 189 199 42 20 161 87 189 83 256 221 224 359 220 92 210 166 224 196 28 336 303 284 206 354 235 109 315 64 134 112 300 117 222 143 6 
23 71
194 149 27 47 325 87 297 183 267 85 295 57 133 184 261 307 297 12 297 319 257 294 222 
256 329
267 281 242 154 213 35 302 95 286 64 262 145 343 212 67 246 312 313 334 87 193 210 238 141 264 134 17 125 123 256 301 33 254 106 128 38 265 334 46 292 288 10 208 10 117 221 60 193 70 289 155 204 93 0 96 140 77 164 275 224 230 128 234 41 81 294 357 202 62 257 265 229 119 60 344 229 254 35 316 119 196 132 103 309 113 337 352 209 157 55 356 35 340 234 255 52 101 293 168 136 205 55 245 336 113 327 353 290 216 347 196 169 303 257 206 63 85 199 305 203 348 184 214 332 140 95 109 128 249 345 293 331 146 60 74 4 237 339 85 141 357 0 51 337 127 227 238 32 349 359 208 26 74 332 326 192 125 242 255 27 201 97 102 0 243 91 170 259 37 243 125 193 278 134 257 193 191 305 49 239 254 68 166 269 14 324 354 342 204 97 143 65 326 209 31 193 68 149 18 349 295 353 142 350 311 79 313 156 215 50 23 203 22 11 201 262 154 172 273 160 25 311 235 290 31 301 247 40 157 270 304 186 294 143 104 109 353 45 276 157 85 241 110 54 255 72 193 118 70 238 61 109 306 27 26 115 
270 98
70 49 302 229 7 270 248 29 85 208 244 206 348 259 9 111 154 156 6 273 198 357 77 331 28 100 313 15 171 192 218 64 22 196 182 338 31 16 46 137 239 240 14 80 338 163 324 99 295 123 129 112 191 111 139 355 49 250 131 262 72 87 83 281 10 174 88 71 357 4 341 131 11 141 215 233 47 217 260 137 340 241 90 293 342 170 7 31 174 97 39 243 187 325 288 51 68 217 50 134 275 232 263 35 269 86 226 332 308 208 31 127 207 202 14 25 62 302 115 347 56 281 313 222 121 143 201 321 145 282 144 338 273 307 146 218 193 324 116 60 22 296 298 172 154 69 6 2 49 309 337 148 150 325 353 176 326 356 37 339 244 124 60 164 123 33 269 35 286 29 80 29 158 80 249 167 108 23 80 310 116 145 141 280 123 150 78 5 237 35 145 39 185 299 38 311 34 280 36 244 147 201 315 280 220 226 251 254 28 209 304 71 45 98 189 34 43 301 125 255 262 339 271 322 136 37 39 290 163 343 71 179 154 32 222 344 146 179 359 204 75 49 153 50 22 152 48 61 187 19 204 331 341 86 185 279 87 62 158 233 195 52 128 210 113 169 92 339 177 309 
180 304
139 307 185 266 320 258 101 308 202 30 314 34 89 100 26 90 164 173 245 185 61 167 265 127 296 169 49 275 69 99 221 340 15 263 227 171 235 273 65 59 183 116 291 87 313 281 201 316 65 163 214 323 284 89 262 327 163 121 255 242 83 355 321 349 142 111 30 327 340 39 114 15 173 339 357 349 323 20 203 27 303 306 247 255 349 140 230 255 188 110 34 66 156 17 80 84 205 272 221 265 113 239 270 22 204 273 198 258 3 321 338 204 193 262 301 234 258 298 352 315 91 137 296 41 59 254 94 318 47 232 44 138 107 108 210 267 121 57 351 81 34 271 322 20 157 260 171 178 82 55 164 221 140 202 113 319 232 303 313 86 174 189 189 281 211 68 142 288 61 329 344 10 116 0 140 349 260 355 358 126 
121 268
314 184 336 140 201 7 274 177 149 6 49 271 84 32 249 204 223 72 167 10 348 284 245 227 89 25 293 319 34 16 42 323 72 58 106 78 207 96 35 245 9 63 28 349 287 308 200 289 146 74 67 339 82 110 323 334 238 278 303 221 0 229 53 175 184 251 316 160 354 60 190 16 317 90 40 39 155 56 152 33 219 45 140 293 68 182 280 140 142 298 199 199 267 80 61 11 231 137 194 75 273 328 49 358 174 357 137 81 186 242 238 280 153 219 123 27 184 260 136 239 89 
141 299
104 337 24 2 226 258 150 40 95 225 41 203 133 54 15 123 17 55 131 289 243 323 343 56 0 179 168 131 15 288 126 58 307 202 31 342 298 182 329 123 71 123 307 342 257 117 204 15 331 120 230 239 76 81 74 208 84 139 89 251 258 166 208 28 282 118 339 286 313 252 255 117 237 39 140 51 304 91 354 46 242 214 271 246 286 60 149 142 73 175 129 277 60 346 273 133 189 257 245 281 226 80 174 244 288 100 217 87 255 315 103 169 246 239 303 91 47 311 174 61 20 36 318 340 233 293 321 206 276 41 276 289 203 87 53 192 334 295 47 131 298 
352 183
171 321 254 98 23 327 137 31 40 133 265 331 168 83 336 301 102 151 230 290 190 69 304 46 7 230 8 355 351 54 58 356 301 63 14 314 239 138 125 20 147 17 330 26 27 171 357 244 240 77 225 169 35 169 13 51 303 24 182 120 107 187 212 187 51 163 27 165 306 303 113 45 132 253 50 260 107 342 343 110 119 160 298 238 166 335 80 13 129 290 32 79 264 200 232 211 102 313 136 173 340 193 298 135 344 140 180 35 327 282 270 111 113 205 14 100 12 335 19 136 215 214 108 351 292 139 352 247 344 318 155 262 283 327 226 23 253 221 130 212 194 9 338 124 213 200 283 209 126 147 335 200 75 8 142 121 58 180 55 251 14 82 68 146 0 55 128 150 86 353 262 166 299 310 291 354 56 291 125 189 43 140 200 209 113 11 27 341 146 308 54 256 354 330 85 44 88 172 262 130 146 191 348 34 116 1 203 306 38 147 124 247 116 22 186 270 15 51 195 264 2 239 302 262 116 290 176 118 146 90 139 220 82 42 92 340 104 90 79 357 6 156 124 154 69 229 275 114 293 101 328 29 296 211 341 87 288 235 54 21 309 202 178 357 194 46 257 136 199 351 158 90 146 309 88 60 314 231 103 5 186 203 349 162 77 11 317 123 244 306 51 92 271 352 267 11 305 323 138 161 280 73 358 217 26 324 42 305 149 143 259 78 130 353 334 37 75 90 347 355 181 270 263 204 170 13 145 104 309 2 264 138 359 214 265 140 55 33 259 358 123 256 356 179 344 245 0 275 164 16 200 229 
243 144
303 204 242 273 153 107 333 177 321 69 284 91 5 322 282 85 172 191 119 193 242 288 252 313 248 212 198 10 279 172 132 142 222 197 25 244 110 199 175 304 25 125 208 215 305 128 182 319 293 34 178 240 328 274 335 120 314 174 14 219 347 9 298 172 118 33 272 45 292 18 152 165 46 279 316 316 147 140 231 154 298 35 274 332 200 175 87 330 343 358 166 132 110 244 281 303 173 174 70 225 141 258 257 111 328 32 284 321 258 161 346 19 268 231 305 13 169 92 283 89 180 305 94 325 240 79 302 307 92 188 191 113 332 137 306 314 242 248 274 32 127 185 284 35 305 329 108 228 172 82 43 299 29 290 60 297 48 3 224 139 341 315 103 121 146 13 7 106 309 240 234 232 336 18 5 296 70 199 289 93 301 79 154 56 174 221 210 255 4 251 108 82 161 358 56 182 261 22 91 141 39 175 257 197 312 165 139 169 291 135 61 313 3 325 159 329 255 150 358 174 278 94 293 118 357 154 279 72 335 216 13 285 242 24 63 336 102 45 26 51 160 357 151 
125 131
46 296 353 329 259 95 218 186 64 317 202 311 105 153 246 341 133 139 253 175 86 44 301 49 230 71 144 317 151 338 228 251 289 248 342 13 233 214 87 229 249 346 314 103 329 209 53 4 1 139 179 358 183 345 193 155 358 278 17 7 140 73 322 307 36 5 85 339 264 142 178 297 93 68 319 252 11 190 139 202 38 180 345 143 29 316 83 236 99 95 310 124 24 293 210 213 127 276 150 181 133 17 252 156 13 54 260 284 336 8 162 151 6 23 160 272 60 191 47 283 171 169 263 226 339 
220 323
171 155 252 66 29 42 187 218 358 279 116 157 191 318 333 177 324 151 289 212 210 182 166 100 202 23 105 190 287 107 225 267 196 238 282 147 125 121 68 155 109 313 353 330 39 197 155 191 213 149 33 253 6 224 55 21 261 123 296 338 190 63 167 83 212 143 310 10 0 135 253 16 78 262 55 178 272 116 248 160 22 28 239 107 225 354 81 230 192 294 2 38 35 139 281 328 290 221 84 350 44 192 52 172 182 140 145 276 98 236 67 174 130 237 108 67 211 288 212 313 56 201 114 154 221 317 57 101 34 272 19 337 348 207 353 190 24 329 137 24 13 309 138 14 101 1 162 328 160 51 176 215 304 36 144 124 294 312 5 347 154 45 81 286 62 93 235 320 44 167 51 339 2 85 237 259 21 255 21 101 304 172 254 253 152 302 259 131 38 293 215 357 85 15 119 154 223 123 31 288 102 84 309 123 218 44 5 281 21 37 140 221 179 247 88 100 342 301 291 332 
77 258
287 322 253 328 138 63 350 345 250 98 332 61 217 119 118 344 274 42 166 194 89 37 49 141 356 278 104 297 219 248 261 312 97 359 3 248 275 263 49 99 104 304 86 38 73 352 271 284 198 127 295 318 323 13 259 187 202 60 159 177 295 210 93 47 292 137 4 221 126 268 351 116 51 107 116 89 213 
356 358
20 227 11 39 343 258 349 91 78 262 87 145 31 160 282 122 357 309 66 102 68 30 330 253 71 175 282 193 266 33 250 350 316 332 147 241 95 131 53 324 191 210 102 211 128 286 285 287 3 224 203 252 282 117 203 254 99 154 301 298 334 357 79 316 53 317 268 356 63 247 141 147 122 278 69 125 36 37 303 129 29 149 12 293 155 268 197 257 286 78 144 301 349 207 272 273 50 269 9 33 241 86 119 251 7 44 310 231 229 59 110 67 164 29 280 294 314 100 71 128 181 103 66 227 264 132 203 18 30 200 80 194 8 37 10 26 113 0 323 286 321 124 299 227 117 98 192 238 216 311 60 178 94 174 355 40 231 79 196 303 168 346 229 276 278 114 109 283 293 247 353 95 312 107 193 71 336 316 24 176 155 24 231 214 279 36 325 173 270 235 117 152 302 37 247 277 115 24 286 105 256 56 125 164 293 87 53 30 282 233 262 261 168 15 211 335 281 324 164 77 358 254 158 41 140 318 152 337 160 310 133 75 311 102 357 45 72 217 163 57 187 239 101 166 90 29 270 240 192 292 296 222 174 180 241 201 314 50 200 171 273 312 4 25 109 143 285 146 164 350 310 70 74 294 138 69 208 333 168 161 325 194 2 101 358 118 303 248 250 269 18 132 132 21 114 281 10 249 359 222 160 328 6 288 172 178 144 275 19 311 110 181 134 310 153 217 237 267 103 88 202 235 125 242 141 184 305 30 283 100 127 298 275 152 338 324 193 124 223 140 49 346 154 82 208 133 272 117 284 139 140 299 0 49 11 22 
185 114
123 318 338 105 223 358 330 58 190 265 84 145 101 93 187 8 79 55 316 197 182 98 168 140 154 176 194 63 84 216 74 179 133 175 13 278 116 146 62 38 175 237 23 156 160 204 180 193 44 46 319 45 208 62 18 161 289 31 309 267 273 323 52 49 132 59 330 214 213 119 241 168 176 130 155 177 248 301 259 358 81 76 69 188 198 258 78 158 309 65 96 267 269 258 163 255 193 101 139 304 14 179 312 174 76 221 300 106 59 181 127 5 128 32 273 130 79 48 126 217 89 305 288 356 315 49 333 354 246 114 224 27 344 18 168 123 238 339 177 122 125 269 250 204 40 331 116 115 338 95 90 78 167 291 8 274 222 174 275 346 138 40 271 215 3 29 348 266 208 242 230 354 279 194 59 179 225 176 116 8 235 303 125 147 167 
234 304
2 248 351 355 292 143 29 209 130 65 168 203 180 17 107 6 15 205 284 222 80 245 248 266 251 342 18 127 214 168 302 312 198 256 232 204 166 258 332 44 15 132 30 208 76 297 104 200 47 351 358 149 234 12 171 153 181 349 357 156 259 22 353 300 163 196 98 10 276 201 223 56 306 91 294 60 187 275 136 205 37 172 59 11 357 170 353 68 40 183 248 314 6 248 182 154 1 330 347 297 216 146 99 146 120 223 153 25 236 331 310 101 292 261 326 177 242 149 133 50 219 197 77 222 140 103 162 297 86 37 206 212 242 209 283 51 347 298 68 84 240 206 132 338 95 337 75 269 16 88 93 10 166 294 22 148 248 151 316 25 338 226 175 195 64 245 68 344 73 255 4 290 208 156 50 183 115 334 138 8 67 217 322 61 309 149 103 193 158 1 297 30 10 111 18 139 201 357 148 29 253 290 8 274 190 233 5 159 12 280 160 303 181 38 90 233 8 202 253 36 321 341 345 340 347 199 34 39 13 131 305 222 84 162 
201 49
217 203 323 23 16 238 44 123 114 347 150 259 157 180 147 54 309 142 76 100 161 234 141 196 317 309 242 124 125 111 241 175 272 48 303 230 51 61 54 178 96 112 263 205 309 116 41 208 305 43 96 45 326 27 159 320 255 128 280 51 179 140 315 233 182 28 189 352 250 173 350 35 96 204 37 330 241 28 166 227 328 282 87 287 118 174 230 37 31 317 249 44 163 249 355 142 104 13 98 330 41 112 60 296 215 80 140 67 36 45 352 265 354 218 57 214 290 183 148 94 231 184 25 137 288 105 45 264 332 212 87 16 230 127 233 319 236 137 25 315 256 29 342 276 343 154 178 33 186 305 162 274 103 263 246 266 111 33 20 116 300 31 80 109 299 306 153 23 252 175 91 281 36 330 12 168 342 291 243 58 211 328 272 276 32 71 276 168 4 24 172 133 224 139 29 77 79 47 18 32 267 
22 192
276 124 234 24 11 317 246 293 224 181 82 176 183 179 201 165 350 13 135 101 70 163 
324 297
11 265 250 208 82 194 5 259 79 146 157 147 50 123 107 33 14 187 88 88 296 258 196 106 262 331 232 5 340 92 25 31 293 218 92 73 249 151 211 244 248 18 110 208 203 319 119 308 205 296 264 141 256 36 307 197 324 236 187 42 284 94 163 54 218 83 245 65 160 33 323 180 333 56 268 226 352 139 276 158 142 222 295 252 153 88 208 18 6 170 302 257 254 265 238 34 194 328 329 90 234 201 57 98 288 233 179 137 229 320 268 305 263 253 310 198 167 10 191 206 62 73 336 12 331 96 295 72 147 14 242 67 282 52 324 66 298 246 312 334 93 114 84 63 266 155 50 293 320 4 118 100 217 29 117 97 109 161 118 71 203 350 339 201 112 59 356 204 35 255 186 49 80 277 239 337 193 311 211 179 206 189 30 195 11 97 90 301 83 108 329 232 355 356 28 349 51 101 61 282 309 73 27 179 12 152 122 350 73 149 130 158 241 116 16 13 181 81 186 166 258 115 197 236 119 130 297 218 322 92 33 22 95 222 268 0 271 98 291 291 155 215 57 221 115 318 289 110 99 31 164 281 217 186 354 67 34 190 327 54 293 160 242 206 151 221 22 5 352 52 333 217 233 60 334 282 315 90 345 356 78 357 169 285 20 293 25 269 274 106 142 275 227 340 24 295 193 142 118 314 206 325 96 51 177 49 108 350 30 137 180 358 32 185 48 341 292 165 254 161 316 47 210 307 
10 244
65 77 202 68 22 116 283 270 134 206 
208 342
62 40 45 1 123 194 333 307 340 26 183 170 294 23 222 202 222 65 168 195 120 97 188 286 262 253 319 146 189 94 104 187 103 342 339 5 335 272 146 354 101 255 118 320 5 211 254 181 299 106 37 271 244 42 111 108 69 95 338 9 25 228 93 124 304 340 30 23 296 106 287 54 122 55 282 80 230 118 235 208 218 216 121 207 155 63 268 20 237 20 76 116 198 103 299 130 261 350 215 147 97 166 137 13 163 225 294 14 222 82 121 204 157 273 232 315 334 23 155 235 354 108 168 87 162 281 197 162 21 329 259 355 233 216 81 154 260 57 3 101 36 293 211 63 236 184 238 222 224 348 146 63 129 144 5 139 184 73 69 168 123 241 94 96 296 349 277 54 333 45 189 318 175 95 53 221 274 262 215 24 187 70 172 113 218 103 311 81 151 143 306 278 280 87 163 188 289 294 284 200 357 164 43 263 11 341 335 259 
153 275
38 26 79 154 236 275 210 16 210 36 311 161 206 17 31 315 130 161 347 235 353 136 208 91 206 349 68 29 301 107 294 222 211 166 18 306 141 78 291 286 104 259 38 96 98 76 333 120 176 344 146 334 254 174 280 131 352 331 328 296 77 208 28 71 35 3 279 39 174 180 138 173 107 108 149 278 269 91 258 68 158 49 328 138 267 350 176 284 298 314 332 207 152 228 115 159 163 350 233 100 352 297 189 53 354 285 22 186 162 183 161 83 337 136 5 59 274 209 79 41 290 162 112 168 78 155 176 271 333 179 330 184 195 40 72 35 357 290 328 47 263 194 198 141 352 153 167 134 60 306 256 77 205 
31 90
136 30 271 15 43 36 344 8 342 113 296 271 61 330 74 73 227 87 126 254 140 98 30 34 25 275 282 262 222 326 64 
300 77
341 42 353 53 353 145 191 267 320 35 101 356 107 306 97 156 347 329 75 83 286 344 203 200 47 71 354 246 155 160 132 15 241 335 223 27 339 83 167 66 9 40 95 326 161 333 54 291 183 268 169 161 49 271 281 104 266 39 346 81 309 46 272 329 45 141 342 230 133 276 300 23 240 3 109 44 62 77 119 278 129 187 150 6 35 129 88 312 190 0 111 12 218 203 9 91 38 104 329 218 26 52 15 359 194 18 30 236 299 40 186 139 85 63 188 68 72 216 84 12 249 274 188 179 147 151 153 22 139 236 30 58 175 187 262 99 293 311 172 85 342 203 146 56 12 46 193 325 13 73 79 129 7 236 44 298 244 156 158 30 195 313 270 46 183 20 81 74 288 72 153 307 347 42 216 8 145 194 158 342 72 243 182 184 278 102 134 146 196 87 77 317 202 117 91 25 266 250 332 186 14 254 29 248 165 159 48 28 208 261 311 327 80 200 6 92 143 176 107 67 54 72 337 226 355 150 141 187 336 241 328 261 182 298 29 137 108 124 119 85 325 65 105 339 3 218 341 21 253 295 350 148 337 245 343 41 293 237 170 119 255 301 296 142 299 122 158 149 13 253 288 90 120 29 151 267 171 302 224 152 323 5 264 127 208 172 139 166 145 110 194 223 277 183 205 39 166 199 269 354 
246 213
78 77 288 93 262 76 139 184 106 230 244 347 47 90 154 51 322 325 216 216 217 287 35 342 44 98 207 355 299 95 210 129 152 140 67 170 195 122 332 10 94 177 222 9 174 206 26 253 36 32 267 134 172 6 318 15 161 320 52 183 97 319 333 282 57 358 297 247 215 277 299 184 125 254 157 172 85 268 106 322 274 265 285 279 114 241 289 210 332 51 67 268 24 221 200 307 71 355 167 226 255 291 90 196 7 355 80 188 169 110 258 282 91 277 52 132 16 296 175 35 142 252 251 140 58 72 269 73 306 197 257 52 131 129 144 48 129 38 186 240 187 132 37 104 22 80 100 142 196 346 189 70 15 318 232 166 206 234 135 339 236 214 92 228 27 66 148 56 321 285 290 154 185 177 320 186 291 96 173 247 166 304 347 275 86 112 105 141 155 4 284 259 111 201 59 92 318 151 255 140 95 348 312 173 70 351 327 294 322 32 301 282 56 266 313 295 217 142 340 100 158 147 62 316 225 316 259 229 165 166 126 105 273 264 68 253 50 121 137 106 278 29 38 244 19 123 
235 5
59 274 26 174 229 196 104 347 144 64 108 121 130 189 126 177 235 220 144 259 303 12 3 268 133 104 296 193 178 228 167 28 326 163 232 203 299 285 26 18 5 210 183 107 98 135 36 257 340 288 227 70 95 201 204 294 18 266 345 25 314 279 154 319 242 219 259 218 288 144 110 197 209 183 312 258 184 300 165 147 100 125 124 126 43 327 131 27 44 267 73 62 119 241 40 110 257 86 308 32 0 113 310 309 162 149 190 22 154 272 296 270 349 222 342 348 279 16 6 136 0 166 94 313 78 304 311 29 177 35 71 50 12 294 352 111 43 194 268 47 134 76 261 329 209 21 162 328 170 38 198 278 142 332 78 8 348 92 162 36 102 5 210 250 121 49 261 195 31 158 0 200 174 9 292 349 201 299 74 260 297 47 198 273 296 359 5 115 259 112 312 66 323 151 297 121 69 288 103 246 270 265 244 72 159 33 39 272 246 174 350 204 214 186 270 223 343 339 59 327 165 210 266 327 13 116 201 309 123 42 232 96 238 178 212 
252 137
125 282 270 72 8 69 285 2 29 68 305 135 99 3 193 175 58 132 13 54 174 302 193 249 104 51 107 242 42 228 199 291 71 215 301 215 334 164 136 157 160 90 315 347 168 199 264 154 25 80 208 159 37 33 29 263 34 67 94 210 205 304 166 150 129 304 230 159 198 119 186 245 227 171 219 187 173 302 233 217 336 223 22 355 14 137 1 130 61 23 25 267 295 333 259 73 126 70 145 233 8 123 73 279 287 264 189 33 76 272 12 25 205 252 257 106 338 338 111 44 131 231 297 14 241 52 300 234 224 124 83 261 328 32 112 75 43 205 204 71 162 77 169 215 107 152 168 177 250 91 72 101 218 36 18 195 208 289 87 282 265 219 28 341 343 320 19 116 212 134 328 192 10 262 141 22 217 144 283 92 131 164 90 116 337 272 88 143 297 138 118 53 207 95 189 279 45 240 188 42 154 50 57 31 20 195 176 100 37 206 318 194 183 326 31 262 92 297 318 198 304 294 311 320 85 208 128 246 240 12 99 136 245 288 68 250 278 69 230 75 281 324 220 103 278 137 249 6 259 238 281 212 
260 4
239 11 41 170 56 35 304 181 276 199 268 83 176 175 227 204 106 40 176 28 297 181 114 26 190 259 18 17 186 157 165 180 213 316 341 88 208 242 31 62 35 43 274 289 287 75 105 13 73 226 125 170 261 5 283 42 107 264 60 176 203 87 258 113 185 67 71 230 290 55 59 253 323 312 213 85 311 147 274 184 63 269 21 71 18 121 315 288 6 331 288 264 71 158 10 197 22 192 306 275 333 90 274 31 179 234 345 230 145 343 165 245 58 354 31 297 237 109 40 126 11 187 61 256 92 327 212 221 266 196 62 43 240 141 83 85 183 29 336 104 301 219 76 206 4 16 177 300 256 8 78 261 130 17 233 123 102 316 111 207 353 227 223 207 167 108 214 166 3 267 163 148 214 354 174 132 347 289 84 173 296 24 263 181 90 70 358 282 342 293 294 140 143 126 104 301 24 350 300 313 28 268 17 333 117 206 138 201 78 108 59 125 99 217 290 84 232 304 288 66 200 176 97 99 149 88 14 195 68 17 239 64 306 53 69 307 71 142 313 12 152 26 152 109 321 267 220 88 129 240 77 124 19 161 253 137 210 8 18 26 
186 302
121 355 26 48 324 175 175 62 357 317 160 189 232 286 277 358 88 117 273 22 149 280 291 334 173 267 127 20 219 220 327 250 111 33 357 236 358 325 104 84 164 86 102 164 82 89 8 244 61 163 34 202 66 332 207 354 15 89 16 273 220 295 113 222 215 232 122 93 287 239 184 52 91 72 335 114 121 88 86 297 34 313 64 325 110 267 85 263 144 352 170 241 21 71 182 260 171 25 120 351 342 236 150 141 327 220 115 171 44 129 180 216 267 156 33 255 28 357 45 179 45 186 9 187 87 51 82 125 268 9 175 252 214 345 72 300 274 69 286 340 79 139 71 298 273 90 55 188 88 51 313 57 12 115 140 320 284 46 21 141 5 275 192 23 131 2 331 235 294 184 230 151 127 180 346 7 310 345 115 17 287 168 221 246 63 345 
14 315
103 117 43 154 54 58 186 329 230 310 189 268 35 249 
196 87
217 50 62 332 188 356 260 329 61 244 281 171 308 328 205 334 47 10 280 355 269 223 27 253 102 88 347 212 74 53 359 93 250 112 342 305 60 173 127 326 202 26 236 182 227 191 226 200 92 11 262 292 210 107 232 274 263 16 222 284 149 210 232 134 338 223 132 301 351 217 104 104 301 105 341 127 110 293 80 334 174 81 322 110 297 3 23 98 0 278 291 152 210 149 280 280 203 340 92 147 319 293 77 194 39 115 43 176 323 138 40 24 227 174 171 176 321 314 344 41 28 121 310 280 214 230 202 125 184 238 119 90 213 351 259 254 111 163 149 23 353 290 245 248 36 320 152 43 142 351 319 53 65 38 344 299 212 280 36 76 263 133 4 221 299 71 37 115 200 235 16 354 75 295 208 92 194 17 25 331 251 113 284 256 200 202 246 210 0 109 180 279 68 136 297 72 
323 32
193 150 120 95 105 267 212 110 331 165 249 11 297 10 192 15 209 243 330 130 164 21 265 205 357 163 317 30 150 78 241 65 81 144 123 263 53 168 17 298 53 2 246 269 319 126 341 358 84 79 150 132 268 55 0 134 240 278 213 133 214 320 312 329 138 266 3 134 134 187 152 196 355 316 320 166 136 201 293 227 242 107 195 229 67 85 338 69 285 94 130 211 143 190 76 147 63 212 230 271 144 239 312 352 215 323 158 246 210 184 2 100 106 321 249 213 18 7 126 38 3 57 20 338 136 96 107 181 149 269 239 118 218 239 295 193 359 225 157 82 311 159 220 152 333 44 171 49 349 330 239 119 271 238 286 124 290 204 210 338 322 146 131 309 215 298 220 97 122 22 122 275 228 328 74 131 342 337 221 51 106 63 258 242 183 29 97 32 28 290 336 304 203 135 261 4 301 126 217 252 62 351 341 330 32 27 298 167 185 108 272 14 243 246 241 73 7 162 191 16 154 319 259 101 132 95 44 25 26 310 334 213 261 320 223 276 355 20 121 356 2 296 52 353 133 328 326 140 209 218 349 280 173 137 268 324 77 289 79 260 258 44 234 342 54 110 218 212 214 13 82 253 281 13 55 167 210 50 68 231 172 182 197 20 118 177 23 154 60 74 102 287 189 101 310 340 46 329 172 223 6 283 109 200 166 116 307 213 152 93 225 190 39 111 251 341 311 52 245 289 358 139 235 
263 145
86 106 166 174 345 317 199 3 320 178 233 122 258 151 252 159 244 232 246 281 132 162 235 139 67 102 269 18 214 255 353 57 147 212 80 132 321 38 191 40 117 62 211 359 28 128 225 116 319 133 276 203 314 135 336 348 222 221 40 212 203 7 174 268 0 229 292 231 343 218 91 265 212 242 152 3 359 338 17 56 122 346 356 135 343 167 95 268 279 10 229 155 192 107 2 106 305 129 89 176 298 108 117 257 219 227 302 248 291 168 237 66 154 301 38 302 5 344 170 231 98 93 353 19 262 325 90 152 335 228 81 143 344 77 43 12 121 117 147 171 324 244 122 67 18 186 298 57 255 350 274 187 163 129 349 135 241 333 194 240 5 182 49 318 353 337 244 154 11 227 232 143 3 38 330 174 52 154 37 187 127 265 291 166 236 117 16 147 5 90 165 26 18 93 338 264 218 269 96 335 306 310 93 233 101 253 320 82 17 170 228 71 270 150 256 27 64 109 139 212 130 43 21 240 43 208 236 21 229 134 308 308 114 54 165 356 227 228 313 249 1 117 176 43 299 144 65 182 314 0 157 85 260 167 257 121 23 12 296 312 333 228 265 
225 252
49 349 271 276 37 234 0 115 97 84 359 17 216 133 224 40 77 322 261 39 263 254 161 197 156 304 55 219 40 192 340 125 44 131 220 239 259 206 155 1 106 308 343 54 247 309 234 65 202 317 312 97 243 235 204 197 114 115 300 300 120 87 25 147 344 263 39 44 252 105 36 256 78 292 69 35 126 280 83 319 28 63 62 277 139 8 286 232 119 24 34 58 87 347 114 313 238 185 214 195 58 91 52 91 290 349 56 165 177 161 223 102 105 210 330 276 114 147 309 118 192 183 218 84 319 14 202 160 278 46 85 267 238 21 96 66 326 11 312 211 254 357 107 12 316 94 314 316 38 338 193 287 196 78 100 189 315 264 235 64 140 102 310 170 142 168 105 150 281 120 6 6 168 182 137 102 299 314 124 204 204 85 75 321 49 110 93 205 348 77 7 130 342 330 90 63 149 27 125 332 283 300 135 348 45 220 187 210 30 342 150 331 111 115 122 118 290 119 78 340 283 37 222 77 72 
95 91
75 74 286 355 113 32 117 150 127 214 187 58 202 144 235 253 7 269 305 169 190 151 59 336 57 176 23 40 131 123 39 26 164 133 329 305 297 141 226 293 149 61 107 358 20 85 79 148 119 312 38 175 30 343 84 227 77 25 145 330 343 38 19 161 60 108 341 110 336 257 295 348 141 277 229 14 122 290 191 158 329 193 147 256 46 296 133 93 83 97 143 121 138 282 173 
244 154
229 88 77 80 359 316 157 127 206 136 324 236 303 159 24 346 49 329 114 122 74 340 227 60 89 29 171 52 30 213 15 92 44 227 62 136 56 214 304 251 292 164 183 307 107 3 296 190 44 64 327 212 341 175 92 32 336 95 171 75 238 2 196 180 140 10 349 125 18 268 341 272 195 301 80 158 204 229 305 241 254 185 278 286 194 332 344 6 163 231 210 165 290 306 358 56 272 247 221 83 274 71 43 307 336 149 211 268 167 168 355 10 355 132 98 149 289 90 346 265 142 48 259 51 83 68 15 314 179 178 3 88 92 8 156 66 343 94 262 279 266 141 103 273 73 331 5 215 201 235 270 193 41 36 263 344 346 59 115 243 60 256 113 102 194 173 346 243 135 44 211 75 313 175 281 357 7 154 247 273 11 141 70 313 357 7 168 90 13 335 323 82 50 106 214 157 217 194 269 148 341 335 200 173 324 171 35 145 324 164 288 236 171 293 142 67 291 103 231 17 238 302 162 91 133 150 103 326 357 294 251 31 248 11 153 143 286 340 295 58 26 325 100 29 
38 150
32 222 30 136 284 167 234 123 189 152 146 147 44 248 97 351 285 337 187 50 131 273 222 326 104 196 137 150 218 41 33 142 23 242 295 323 313 340 
268 5
63 213 304 21 176 154 252 305 322 110 12 107 291 18 28 95 104 35 163 178 114 38 323 73 193 30 307 80 318 123 336 76 345 115 74 50 212 354 257 199 321 47 153 5 71 25 133 43 278 241 268 204 269 5 26 290 166 38 242 199 38 2 83 331 20 206 226 296 195 191 184 105 154 271 28 308 296 304 317 188 153 310 70 114 136 204 83 224 142 72 80 293 47 267 2 23 22 78 140 136 151 348 312 359 346 129 164 2 321 196 117 126 310 11 248 100 326 50 300 285 79 329 293 38 67 257 252 194 118 207 53 139 102 13 17 49 308 354 270 33 323 345 337 66 61 297 338 208 19 32 201 241 64 25 91 89 12 268 314 71 257 157 234 56 266 99 60 178 278 78 297 236 359 35 327 173 6 200 106 341 110 307 351 335 104 331 76 178 133 167 16 357 291 330 10 83 108 267 330 74 116 188 253 175 177 317 102 141 156 18 148 328 64 188 87 24 32 159 180 251 342 69 11 178 76 355 319 20 2 122 152 315 272 256 335 203 204 167 79 16 197 325 150 141 244 218 345 72 56 186 2 84 52 139 122 55 92 242 117 342 132 159 42 155 264 149 332 17 
65 219
355 343 131 167 96 18 245 102 127 183 95 268 174 205 154 358 64 303 80 77 123 16 343 104 99 16 220 90 220 53 90 305 296 251 247 266 163 70 256 286 19 305 242 279 305 155 185 340 279 330 199 65 271 98 305 11 238 74 94 95 283 354 70 182 159 
48 148
83 25 226 233 65 180 32 280 266 337 165 315 132 326 296 163 165 349 110 26 141 302 100 169 316 300 124 29 162 342 150 231 106 124 31 107 341 202 290 28 252 271 157 36 108 75 46 202 
307 115
224 290 158 130 42 351 175 113 7 159 274 320 291 261 281 211 106 238 350 340 271 228 129 311 18 171 317 343 63 300 333 331 158 327 345 138 93 238 60 129 1 282 121 226 339 94 60 146 169 261 23 132 112 218 216 353 223 325 1 246 110 307 78 340 324 248 300 250 274 319 175 217 146 128 286 312 199 315 252 202 8 114 266 210 173 157 272 148 159 77 130 58 161 289 81 319 66 256 258 293 96 27 75 186 305 53 316 73 334 267 276 314 125 52 327 151 0 188 267 101 133 183 51 343 85 80 305 322 36 90 319 188 345 126 352 94 146 47 318 273 95 254 36 303 348 54 241 294 129 206 153 240 238 213 60 227 14 338 17 119 138 20 69 69 39 219 342 101 61 72 255 212 258 192 286 262 187 284 174 165 170 157 47 171 31 215 197 82 343 7 151 115 195 0 115 187 48 333 188 93 107 94 130 142 44 26 16 260 283 13 157 256 164 178 287 252 89 280 78 293 303 347 22 239 328 196 69 221 76 325 103 41 68 300 76 214 320 300 194 69 174 317 151 99 204 340 50 254 89 101 256 134 136 8 152 256 235 161 31 13 163 138 7 153 106 297 240 237 279 210 210 272 195 274 19 256 275 267 41 359 151 148 194 138 120 359 249 104 327 11 170 121 271 70 181 73 112 26 219 277 348 340 202 232 325 232 60 
358 4
215 312 333 171 182 143 347 154 141 287 75 302 312 285 97 308 84 167 76 353 307 185 107 115 294 266 213 261 227 73 356 279 12 110 258 46 349 332 277 111 198 249 126 240 257 162 305 319 40 101 73 24 167 55 302 223 249 98 154 220 314 244 98 54 310 204 183 95 132 57 121 359 274 234 43 233 266 87 67 89 185 41 23 310 189 251 298 282 245 329 190 132 120 275 283 67 91 334 26 247 158 224 179 134 132 280 2 55 296 277 250 244 200 30 100 94 337 113 45 65 356 67 283 247 127 339 330 295 189 55 353 276 98 299 235 343 207 144 220 55 315 12 77 0 118 179 179 148 176 349 324 204 43 226 321 173 281 151 107 250 87 76 301 284 182 77 30 178 330 289 115 320 81 60 348 108 240 127 40 319 65 97 311 150 266 161 71 329 63 187 192 296 288 358 214 242 147 39 70 220 146 110 192 60 133 96 289 305 65 281 146 71 103 68 347 7 11 264 4 197 48 218 57 66 13 199 58 124 200 8 358 71 236 207 84 149 149 232 61 81 352 305 174 5 216 42 327 202 315 86 307 73 17 61 162 337 335 304 18 133 77 57 180 352 304 153 226 306 355 269 308 110 69 200 203 262 75 39 96 340 342 325 231 78 247 266 82 103 121 128 228 300 134 157 123 55 342 8 3 30 159 331 53 89 348 265 285 193 357 98 240 309 86 348 201 11 217 177 205 285 129 1 281 35 228 144 144 298 95 241 26 306 115 159 53 249 157 106 326 152 195 327 164 135 248 112 322 67 113 245 200 10 230 301 45 42 282 248 
150 291
239 202 302 338 168 49 27 85 283 50 301 69 132 69 109 319 220 263 202 269 14 280 290 87 163 238 321 5 217 150 231 111 144 146 4 291 330 332 231 196 116 293 347 301 205 334 270 334 193 269 259 93 218 120 182 57 179 42 97 101 286 234 315 342 113 182 232 243 197 130 91 100 229 295 171 201 262 55 265 232 69 161 240 97 16 207 136 236 239 173 248 182 37 173 174 164 200 155 95 349 338 198 102 308 167 282 295 351 79 81 130 261 107 142 21 352 216 204 85 132 172 103 193 302 235 298 207 329 248 51 320 138 104 263 204 335 338 113 275 208 281 186 287 235 195 237 328 331 282 244 
302 89
179 11 22 357 187 179 222 313 5 192 104 200 318 14 67 41 173 279 122 222 343 299 292 338 74 343 154 271 306 51 77 47 185 197 37 301 197 168 38 253 82 318 87 114 271 245 164 184 299 28 347 146 81 284 265 338 238 130 191 148 27 161 349 1 77 23 222 149 194 162 47 219 103 353 211 23 79 187 269 69 21 338 259 354 283 346 133 148 9 236 353 14 337 115 155 343 230 17 212 86 30 99 159 327 265 289 107 248 353 102 255 8 213 197 349 345 267 75 104 246 182 222 132 348 289 320 7 92 325 299 82 182 269 340 69 224 346 65 287 246 58 76 117 124 171 310 217 322 297 287 299 289 289 224 108 146 222 183 237 74 16 123 75 350 230 4 244 107 268 15 312 117 303 113 42 154 249 263 274 205 349 57 258 218 95 235 70 209 145 328 72 136 301 298 313 124 292 259 100 340 31 48 0 210 50 305 111 42 126 302 233 101 29 75 108 195 319 131 338 240 23 50 36 282 344 290 261 277 229 57 315 272 31 263 342 215 263 357 225 276 102 291 197 196 198 27 340 171 22 41 45 258 59 9 231 140 350 311 25 297 195 297 88 285 62 79 115 43 169 109 266 270 213 260 256 243 284 96 197 217 279 2 211 25 155 53 253 301 280 357 192 50 194 25 151 174 262 344 22 70 336 217 
221 2
314 309 88 302 255 343 212 226 289 253 327 128 235 292 113 135 203 175 14 233 11 14 165 23 53 191 65 123 138 279 73 238 344 197 97 332 35 269 232 310 263 199 173 341 162 124 160 121 72 301 114 192 152 314 283 152 268 300 87 239 153 130 122 313 298 33 187 30 197 62 293 216 168 59 301 116 126 83 309 167 339 211 143 351 42 143 91 269 263 137 149 337 134 291 230 249 322 235 63 121 240 303 244 351 255 192 144 58 316 230 86 307 127 321 350 1 262 196 292 84 102 70 164 309 142 16 275 64 78 92 197 317 65 271 271 139 83 273 300 81 101 302 43 317 133 325 281 276 121 203 93 146 359 271 175 175 22 97 117 120 296 289 0 221 319 32 261 1 49 144 103 15 115 28 349 58 275 255 18 318 248 105 196 319 137 76 239 260 49 95 285 277 149 95 112 324 271 337 94 30 276 332 348 37 342 327 163 22 91 1 55 358 278 299 103 160 261 214 154 107 97 
88 317
214 142 305 44 67 264 224 182 99 174 272 298 99 137 64 318 129 87 260 328 250 273 333 353 104 300 77 251 187 298 19 276 189 330 218 13 304 107 307 212 46 330 6 329 328 90 85 100 319 172 179 6 95 120 272 235 142 274 26 205 163 181 20 285 192 18 268 102 304 166 216 305 268 192 77 27 236 144 316 339 80 344 178 352 341 173 349 63 
25 14
44 8 302 293 80 57 51 276 316 287 295 101 133 252 244 42 144 78 1 87 256 130 100 68 332 
344 24
251 213 236 21 255 240 3 192 70 230 39 103 319 166 121 41 297 124 303 17 134 261 142 171 251 213 44 249 276 183 337 244 88 161 122 71 147 223 106 72 270 71 345 265 258 116 296 256 102 100 259 295 349 75 339 344 251 306 318 121 294 154 136 106 257 105 238 66 109 296 57 156 229 341 128 339 284 84 328 356 321 72 331 93 230 102 234 346 96 86 112 90 257 103 205 71 347 98 272 340 53 12 97 239 12 333 38 34 337 51 240 156 177 98 266 215 155 73 209 127 63 58 102 184 3 348 16 184 182 346 213 100 111 107 171 80 275 135 23 278 354 276 71 151 72 338 31 193 99 275 106 297 165 129 131 346 194 341 143 233 140 291 57 57 189 166 185 251 119 315 157 106 158 76 174 322 113 113 290 196 132 278 228 316 64 109 316 260 21 50 32 215 207 50 202 218 87 251 242 43 271 39 194 164 118 153 165 232 321 182 188 301 358 217 50 182 134 213 321 217 210 169 119 112 212 247 249 209 275 169 348 98 135 36 223 320 347 78 78 147 20 353 296 104 208 230 68 118 185 44 271 321 299 277 324 155 221 212 112 315 233 72 39 166 231 299 163 58 191 312 54 323 47 76 343 194 37 19 188 200 177 301 262 281 357 7 198 324 204 288 56 316 290 45 219 167 248 127 88 62 13 70 81 208 115 145 25 89 46 281 243 269 28 115 81 242 276 287 127 59 84 49 129 334 270 11 241 72 106 23 315 359 195 251 128 97 316 339 278 213 140 150 284 189 
324 5
131 2 62 348 71 223 76 339 298 219 267 149 29 237 236 91 332 359 288 48 186 197 4 250 16 111 223 327 96 199 252 211 341 40 99 102 87 145 331 97 337 129 129 289 219 115 220 245 206 196 128 318 22 159 340 183 275 78 22 304 201 298 197 341 186 300 2 145 240 38 359 313 85 150 229 249 95 127 354 141 189 205 253 208 159 153 41 116 37 173 245 179 198 0 9 336 325 141 89 189 181 358 83 288 168 175 280 248 78 166 91 343 4 78 63 177 221 101 339 50 156 286 174 297 274 185 289 102 315 220 3 37 280 64 195 83 289 167 62 160 314 66 280 16 242 271 268 348 220 201 317 163 56 321 200 186 228 163 115 17 149 288 213 168 301 223 346 6 219 47 210 16 300 309 283 107 150 43 121 244 223 318 309 172 84 148 289 211 316 125 42 37 243 96 293 297 56 289 292 63 321 21 306 6 298 295 204 348 173 220 264 79 87 9 28 117 158 76 175 181 98 197 265 162 11 174 234 74 122 275 146 204 153 321 68 60 40 114 187 265 308 33 52 208 315 22 136 269 202 173 21 80 9 104 254 24 299 215 62 302 210 239 160 5 294 250 330 300 305 57 1 156 320 7 107 167 15 61 288 139 65 87 267 261 203 141 61 14 136 176 227 205 45 106 285 155 319 158 284 310 294 94 287 87 147 212 27 352 173 46 284 341 289 33 147 198 227 340 3 82 185 247 286 157 
251 288
330 51 182 201 350 331 170 141 306 154 287 191 97 276 98 80 214 329 39 137 49 79 218 230 213 71 260 18 166 301 107 94 287 200 222 153 5 38 108 177 49 282 22 249 319 21 64 68 102 28 181 93 309 248 110 161 56 331 207 244 271 147 322 273 259 263 248 104 259 74 202 275 308 339 18 317 191 169 264 107 286 168 336 191 81 278 35 27 251 184 54 92 38 102 241 123 80 288 226 317 259 264 358 77 291 273 164 66 135 211 186 158 355 8 278 3 73 89 160 178 327 323 196 40 236 244 311 251 315 244 350 272 194 59 259 39 330 282 354 89 3 73 200 232 172 346 207 347 90 102 96 41 39 256 284 201 298 291 301 294 88 101 66 294 151 294 287 288 156 19 276 0 0 312 63 296 265 14 358 32 81 92 32 332 129 307 348 42 211 88 348 234 31 297 140 98 216 358 55 57 187 2 160 320 349 115 279 105 249 335 161 326 83 7 4 19 236 220 91 321 307 42 206 337 73 316 174 245 5 249 310 249 182 129 2 312 328 131 91 93 31 190 353 3 331 221 316 196 188 244 127 
15 342
249 325 328 283 64 329 30 241 174 97 16 62 233 14 233 
4 138
238 107 183 28 
158 195
207 154 113 81 74 240 271 59 249 266 340 209 337 114 104 165 235 29 296 72 93 264 18 54 181 191 93 28 245 330 214 204 239 251 13 15 35 52 302 107 45 28 353 312 181 319 203 143 328 312 65 115 122 163 124 65 308 341 322 135 127 228 118 328 168 329 359 301 299 193 283 113 157 208 75 11 41 242 332 163 88 203 94 151 113 53 129 324 160 66 120 321 27 57 15 48 187 120 203 353 263 10 18 129 154 285 215 124 218 8 91 0 314 224 230 160 114 309 200 274 190 288 331 339 240 186 199 260 225 284 3 347 150 226 358 148 209 171 24 340 223 128 263 26 297 313 231 140 297 166 257 2 289 225 203 28 336 172 
124 197
97 215 207 253 145 102 120 142 294 243 185 150 7 246 236 112 317 266 329 115 347 35 109 231 325 42 329 74 81 158 168 55 113 67 23 45 237 237 268 1 74 287 260 264 25 349 137 129 346 148 30 66 359 321 61 126 122 170 243 82 337 60 348 119 334 150 68 145 197 96 8 255 160 130 15 309 103 352 26 269 157 354 95 345 215 266 293 138 69 241 315 163 88 211 336 121 329 354 3 252 251 67 204 49 139 44 83 56 295 299 226 312 327 170 204 202 186 69 333 240 95 106 290 181 
326 335
169 181 291 21 260 52 24 339 145 33 114 161 5 302 271 151 218 349 66 206 94 358 305 142 205 210 85 249 128 188 262 336 228 288 192 263 173 98 19 146 116 3 201 308 127 110 153 65 238 190 351 224 125 192 91 180 161 256 114 318 351 130 327 338 199 221 151 245 324 110 80 170 359 230 90 151 58 196 231 18 174 5 154 273 70 234 157 339 330 94 319 208 355 252 151 239 96 193 79 296 67 201 304 194 45 29 107 13 9 257 180 181 359 199 5 320 306 47 182 346 227 304 195 317 185 51 180 164 105 158 101 279 118 225 61 271 126 176 67 346 280 167 335 178 281 327 122 251 349 166 159 301 193 311 235 310 21 17 342 68 331 116 220 266 96 285 224 319 80 275 318 225 336 113 117 250 88 355 320 36 89 142 294 261 307 66 25 50 127 10 118 38 346 227 103 302 132 257 244 186 136 66 73 329 356 50 90 326 139 336 87 224 43 233 343 232 343 296 88 152 89 237 304 285 46 63 152 120 316 355 311 44 156 75 156 183 236 20 272 274 157 203 247 74 39 280 254 193 221 216 236 270 58 79 51 207 111 134 22 227 292 46 21 133 82 162 202 216 69 282 87 148 179 215 190 182 283 337 93 250 65 36 239 55 207 302 265 63 45 154 206 190 209 334 190 201 355 162 157 98 34 287 336 288 291 211 202 325 135 178 23 163 117 74 196 108 358 219 190 315 78 57 227 48 341 351 
115 124
257 122 67 277 148 33 242 233 160 292 123 345 54 177 159 111 139 132 329 99 277 270 256 258 87 60 54 236 82 343 232 299 243 20 304 202 359 124 290 218 265 136 61 121 26 294 285 73 198 274 345 345 346 241 309 318 252 59 134 43 302 302 130 344 167 181 358 186 162 22 167 169 247 254 48 109 149 162 191 106 211 18 96 148 147 347 45 302 125 282 250 216 292 101 150 316 180 116 349 113 202 346 317 99 153 156 44 264 17 266 153 163 5 137 13 
339 78
221 90 116 182 151 113 189 109 143 43 138 87 131 192 100 321 325 38 158 181 87 244 175 261 182 253 272 55 64 17 306 319 317 129 218 179 24 215 230 2 154 41 273 94 192 13 326 2 255 163 196 98 344 172 132 138 154 215 229 159 329 97 329 197 266 298 242 343 344 153 171 6 192 341 289 358 10 292 214 88 319 131 295 140 220 188 24 341 112 181 322 261 11 45 352 152 164 272 196 238 54 62 192 27 262 352 96 294 285 307 33 230 282 304 191 225 241 28 106 284 234 228 228 303 322 264 62 353 321 150 99 25 291 349 238 137 214 62 69 310 346 83 326 177 271 317 83 217 127 351 274 45 343 202 262 101 291 64 40 356 10 160 48 217 145 338 194 335 22 280 320 166 272 198 48 80 320 241 345 355 271 249 19 86 229 57 63 6 187 206 212 151 111 300 298 219 163 231 295 317 38 231 21 311 356 352 143 276 275 56 306 116 196 167 349 11 237 183 278 336 89 124 262 257 72 240 257 271 301 92 318 238 327 55 221 316 350 219 108 279 318 279 76 196 40 343 50 211 265 214 321 290 35 43 303 31 286 175 180 354 57 25 111 249 152 90 309 226 304 215 345 107 8 321 354 224 138 168 219 64 28 181 55 250 228 28 330 182 267 340 40 314 139 139 348 174 20 253 123 162 342 69 169 126 54 52 244 51 205 234 98 133 225 236 89 338 314 344 167 80 88 303 115 300 3 60 145 30 117 297 35 343 23 139 316 176 49 42 286 
9 239
293 30 357 157 257 103 1 124 213 
115 236
24 206 154 115 334 283 309 159 205 197 289 260 107 264 313 63 341 8 347 48 178 60 229 38 132 195 52 118 282 141 179 158 3 212 304 195 210 230 26 142 316 219 330 61 15 284 72 268 204 87 95 104 139 113 11 131 74 155 251 49 139 57 129 136 356 147 140 243 45 70 223 213 109 313 147 344 346 54 27 140 172 268 267 200 336 30 267 276 265 276 68 301 34 295 357 97 65 47 23 203 144 330 199 123 21 35 55 160 82 265 145 304 247 205 44 
15 12
72 198 44 17 168 272 311 334 11 252 217 252 148 23 24 
32 15
253 5 339 72 222 117 129 247 32 166 131 144 257 126 190 219 78 78 307 55 161 299 242 102 135 164 52 46 315 64 52 0 
37 144
179 179 32 185 358 296 135 198 270 198 280 179 335 204 343 154 110 86 286 260 218 151 196 350 119 83 209 270 135 271 333 113 30 303 207 130 295 
68 359
171 75 332 101 58 103 198 151 200 290 240 182 45 89 38 347 196 333 72 160 150 321 51 300 80 330 219 64 246 58 356 128 343 253 154 180 152 248 117 178 107 316 134 136 56 112 82 255 124 186 342 242 233 29 191 126 84 0 245 191 280 15 284 272 269 333 137 354 
138 128
43 142 249 279 234 317 323 27 21 317 5 359 46 180 253 248 224 176 15 208 282 222 285 275 127 52 51 107 13 197 347 13 327 325 298 265 289 334 292 176 160 299 272 132 304 35 19 191 166 344 191 244 225 77 99 77 302 185 158 24 174 93 116 244 80 169 122 246 97 25 173 164 19 330 46 144 257 181 305 54 83 120 82 209 292 252 220 268 44 13 127 338 334 81 48 40 321 273 167 111 359 96 293 93 93 322 19 157 258 74 327 358 343 104 170 354 97 114 232 186 228 225 199 282 335 144 238 117 14 246 189 198 152 113 80 217 167 247 
