68
305 3
202 86 46 197 355 183 28 179 238 357 202 261 248 243 195 223 303 10 259 230 132 169 203 240 142 264 241 36 192 77 77 65 334 208 19 303 90 286 270 62 36 318 59 348 264 250 348 299 349 2 343 17 356 262 271 300 345 180 19 41 311 93 137 294 154 145 270 299 254 351 324 236 253 244 207 238 265 295 284 282 85 349 115 188 180 217 49 356 345 190 60 93 249 345 268 274 342 182 150 325 252 31 52 281 30 312 35 11 359 187 2 205 94 83 60 74 300 3 51 143 240 107 193 8 132 199 276 191 21 318 207 241 105 4 23 333 162 33 119 81 46 345 180 72 302 134 332 306 35 63 3 337 138 346 19 347 95 334 67 33 279 202 258 345 152 301 278 272 194 124 231 234 200 339 202 213 30 184 181 94 137 331 27 249 288 335 160 291 179 299 306 127 262 186 324 301 77 237 292 17 45 113 156 355 83 198 234 251 29 352 306 95 346 38 117 128 327 197 335 32 220 151 14 300 351 32 191 298 240 328 97 262 146 288 270 90 82 11 248 182 117 52 236 153 329 169 327 138 177 326 63 179 307 168 17 236 164 143 28 110 281 123 147 342 220 286 317 70 159 193 143 79 153 353 279 283 32 323 165 275 186 144 232 112 245 156 186 286 90 79 109 319 249 41 209 306 34 273 267 177 198 144 137 158 249 
45 269
178 127 39 207 55 64 288 111 356 35 351 240 7 15 5 70 261 277 102 58 299 278 141 48 285 97 213 65 104 326 36 156 200 142 348 344 6 284 142 94 258 123 133 153 238 
102 129
99 11 338 173 345 139 115 322 187 197 204 29 158 72 111 273 284 96 28 243 130 15 257 331 225 222 201 195 12 66 348 85 295 319 212 214 342 135 76 8 137 78 72 132 264 242 215 160 127 128 65 114 20 265 296 318 129 235 184 317 286 232 272 61 249 95 177 315 145 141 224 162 179 175 276 166 229 339 61 220 125 281 275 74 327 240 36 319 126 118 97 125 238 300 337 16 218 271 129 202 252 329 
27 194
352 261 155 289 280 298 30 16 339 309 70 301 287 223 142 143 115 108 197 132 37 318 119 326 36 254 167 
63 353
291 329 187 345 183 301 251 318 307 329 65 334 65 351 189 102 308 138 167 5 184 175 87 167 12 142 275 139 314 149 326 340 25 7 42 100 101 317 312 1 320 298 152 286 141 16 122 3 137 199 69 6 148 294 221 342 33 253 255 287 285 221 113 
214 84
354 123 335 317 81 165 161 156 216 226 58 219 327 241 139 294 100 32 117 10 43 60 34 89 219 170 178 221 53 153 57 226 121 86 134 88 190 294 324 152 293 166 107 40 5 90 298 196 131 333 224 115 4 345 17 150 303 210 241 298 334 124 65 69 334 69 347 145 24 132 142 19 30 277 337 53 334 306 201 284 107 195 58 163 329 177 212 215 299 73 60 321 349 260 16 173 323 203 232 213 53 298 272 206 109 53 235 124 353 59 220 312 167 358 177 119 37 158 58 12 55 107 29 165 328 7 351 281 280 311 99 125 280 32 181 279 221 17 11 114 207 340 264 51 207 324 165 108 354 290 170 203 50 36 329 320 347 130 126 295 348 156 165 207 173 207 14 354 131 103 231 187 317 166 294 225 201 43 281 256 223 284 3 45 105 172 182 91 69 49 169 356 280 201 58 144 107 183 73 243 78 139 53 306 149 297 193 16 119 106 60 120 281 78 
347 280
180 342 182 234 238 211 109 267 191 151 29 129 302 187 30 267 261 3 239 16 306 132 246 291 213 219 29 226 163 258 344 256 289 229 161 73 87 289 176 31 29 104 237 247 244 165 170 173 142 11 240 266 53 68 156 219 201 188 132 34 356 240 216 297 311 355 87 201 31 267 263 85 258 293 329 49 200 248 60 75 212 314 302 245 77 247 43 5 322 241 245 308 113 90 233 240 301 250 158 295 62 213 259 256 118 305 82 72 43 276 133 177 130 30 245 33 253 85 168 145 203 309 152 5 143 293 230 286 298 12 311 11 84 186 352 115 43 195 339 7 11 217 273 225 269 43 195 234 118 183 300 75 176 354 160 111 77 334 104 168 248 158 332 205 216 42 105 258 113 131 22 16 220 98 277 270 125 350 40 131 205 297 9 58 144 61 244 295 87 80 127 269 50 353 37 22 342 290 55 115 73 165 28 260 235 166 152 115 10 301 229 132 167 218 276 330 44 53 178 243 231 171 356 41 319 225 146 269 251 8 24 262 183 15 287 190 176 256 92 279 105 217 68 356 229 288 276 353 289 243 159 241 322 350 165 82 36 185 25 322 225 312 286 190 331 271 37 202 223 152 204 157 126 257 10 222 184 174 194 179 32 12 217 204 115 143 61 200 296 123 267 215 82 118 227 127 39 176 76 269 285 24 4 120 314 164 155 234 41 235 311 51 11 354 21 13 104 250 355 256 232 156 228 12 253 196 115 194 53 90 359 129 109 89 43 6 356 47 170 240 199 158 43 126 144 301 34 
259 62
50 149 54 348 44 100 93 102 246 117 343 358 132 206 11 85 312 95 236 331 117 229 148 166 322 132 63 238 265 160 87 169 259 345 146 331 55 59 92 5 316 146 69 339 172 79 193 23 156 278 243 210 356 332 12 345 263 29 105 222 297 251 97 3 305 88 191 105 299 270 330 260 11 280 339 292 225 116 262 304 22 23 244 185 203 209 119 105 37 295 263 169 326 129 148 322 66 38 271 136 69 44 24 115 261 185 288 89 30 108 37 336 91 72 269 330 358 44 64 48 60 35 17 183 185 268 339 311 196 101 93 249 194 80 7 189 291 267 143 276 216 238 135 185 246 294 320 201 349 133 241 335 8 310 238 30 1 142 56 2 196 357 52 50 57 340 150 237 51 9 30 40 322 250 279 218 171 266 239 32 355 229 13 299 97 64 41 150 205 248 112 99 90 255 290 266 113 64 300 5 347 179 354 4 27 183 118 1 243 118 78 226 224 234 21 97 75 97 114 245 38 42 269 128 355 285 209 113 73 67 325 56 132 177 222 185 338 276 236 293 177 329 216 42 167 231 81 204 224 307 333 110 329 143 194 76 165 25 98 
111 267
32 352 331 16 13 139 297 95 349 131 295 15 251 189 5 31 186 106 347 109 214 237 60 59 208 342 163 238 131 89 307 61 41 63 69 41 293 240 293 128 45 134 218 304 66 100 282 259 35 325 320 48 307 321 349 286 197 325 267 153 127 196 62 174 219 334 269 170 191 113 177 293 105 261 184 301 15 169 154 300 29 207 287 126 12 142 64 24 258 257 25 19 299 345 273 285 348 159 309 300 149 200 356 278 333 4 263 78 25 342 247 
354 16
132 32 3 70 171 259 72 297 273 331 261 350 12 116 247 349 130 270 129 209 200 123 101 348 302 244 205 64 83 291 214 28 351 159 284 195 74 349 297 319 338 99 184 337 5 225 278 184 210 74 58 209 186 341 71 162 301 257 18 220 117 119 3 139 354 164 115 147 65 320 250 314 327 158 264 33 345 82 311 179 253 10 119 116 243 139 232 36 348 314 205 277 206 11 93 106 144 208 199 36 303 63 89 272 308 132 166 226 326 268 145 338 21 292 50 165 358 312 227 320 3 339 313 145 247 174 234 294 108 245 200 81 117 266 306 256 78 180 262 222 47 137 46 344 227 313 71 347 238 136 343 316 158 346 285 39 27 99 207 216 130 299 271 136 87 170 298 276 279 253 292 127 107 55 220 146 115 154 291 188 156 3 74 191 311 74 299 54 31 143 334 16 147 99 300 182 271 234 358 22 308 234 10 10 323 115 8 239 324 144 66 47 151 134 335 12 276 76 286 57 148 206 178 124 321 26 118 147 250 67 211 75 314 150 175 307 351 222 250 120 211 238 17 98 357 7 294 182 175 192 179 84 232 94 138 285 318 296 86 175 299 179 261 61 16 167 353 162 258 169 133 147 139 77 359 235 309 356 141 314 151 343 30 31 285 303 105 6 88 100 144 68 118 252 61 98 208 258 128 311 357 282 330 325 261 206 262 145 87 341 80 277 95 15 17 180 93 311 65 167 13 143 212 299 116 40 180 205 306 278 3 330 338 293 185 229 115 241 83 15 124 278 165 19 18 167 181 47 163 61 296 76 91 250 
86 104
221 31 122 348 254 158 22 132 65 2 324 239 290 172 139 17 185 179 37 86 126 56 100 308 288 316 216 13 169 139 254 262 117 35 245 108 149 267 57 185 16 227 251 64 33 54 93 195 160 189 190 163 229 214 87 333 190 91 275 39 128 240 259 141 251 316 64 111 201 268 229 78 305 62 55 167 113 293 323 4 355 122 306 301 152 69 
144 139
177 301 23 231 216 124 289 6 122 94 151 180 162 176 251 18 29 321 140 190 188 22 285 347 346 142 315 3 163 338 116 21 301 356 145 160 140 14 18 168 238 95 167 88 129 244 147 104 215 336 8 45 49 235 293 128 349 202 105 180 330 246 276 123 216 223 80 356 184 96 305 12 265 230 311 221 29 93 244 308 230 117 67 78 236 283 270 88 87 210 177 262 316 310 127 30 238 37 90 189 266 241 353 135 193 104 164 44 10 72 228 269 311 342 339 195 332 125 85 175 121 340 149 30 176 342 313 82 261 191 193 92 282 306 213 328 223 181 262 350 307 43 91 336 
138 199
185 313 157 239 298 201 79 97 292 153 78 267 84 329 284 281 146 302 66 299 4 215 18 326 206 327 48 219 226 284 120 197 254 140 214 63 212 3 94 260 317 234 355 213 110 103 215 28 45 345 8 191 28 161 160 314 119 49 136 267 24 280 243 143 164 38 338 280 221 181 235 209 318 75 331 82 14 257 329 330 125 318 261 152 175 99 359 188 120 119 250 336 150 53 300 344 182 23 320 281 234 86 213 299 257 9 193 22 332 2 73 82 58 158 235 329 331 194 147 173 243 238 273 214 181 201 135 284 272 290 280 349 18 245 352 56 30 124 
10 215
131 52 353 273 200 17 333 26 201 104 
171 144
289 229 207 54 235 310 300 2 79 179 285 174 257 1 133 74 211 201 130 126 150 244 50 294 308 227 284 276 168 116 187 173 341 190 27 259 73 306 246 164 10 281 59 130 54 316 348 30 144 299 36 204 110 189 289 269 85 271 63 21 126 263 305 256 252 225 12 177 84 14 324 327 314 77 130 118 55 73 327 61 236 25 209 306 7 24 127 10 198 344 115 216 77 117 325 221 64 352 345 184 222 358 64 120 241 19 98 304 94 354 142 74 112 263 84 337 137 222 165 102 245 347 150 356 130 126 121 177 53 133 284 22 230 294 216 333 12 92 274 340 111 71 74 42 174 180 282 357 200 189 115 176 138 269 120 137 308 209 325 209 261 167 353 20 44 19 270 307 86 182 203 
237 31
172 17 326 40 189 103 60 255 346 247 349 107 178 356 257 205 246 200 130 5 222 197 189 160 210 317 10 317 308 176 199 150 359 297 179 183 319 49 66 249 12 77 113 117 141 164 263 10 324 211 90 164 119 113 133 179 297 256 17 285 183 182 235 258 55 96 122 119 291 183 201 157 335 70 325 140 5 259 231 223 261 329 205 44 142 33 162 268 72 22 246 85 212 129 200 250 10 195 285 30 263 168 113 254 118 323 277 179 289 68 294 38 169 71 66 50 200 25 49 220 78 53 210 66 79 70 33 31 265 157 90 186 272 279 224 354 83 57 52 294 14 97 99 159 288 310 211 150 33 242 152 36 215 88 344 297 34 272 188 37 288 57 346 269 267 340 53 277 175 40 355 121 106 43 220 157 300 351 275 127 250 306 71 344 287 333 223 332 44 234 336 135 21 193 239 139 198 218 43 134 216 130 249 97 201 44 181 7 320 274 145 43 346 123 105 157 231 86 318 77 1 32 117 7 266 58 28 21 220 111 231 285 272 65 148 156 179 
212 25
141 24 287 344 196 344 35 357 323 326 285 10 111 220 198 44 166 190 259 170 310 326 274 181 114 125 236 293 262 0 181 148 344 268 354 334 348 76 132 237 90 354 241 187 224 296 292 169 62 88 249 335 112 97 209 38 347 68 105 241 106 91 301 198 187 98 166 90 289 274 107 358 342 84 45 198 296 118 356 199 165 250 320 2 358 157 209 347 273 213 61 207 125 46 47 351 139 209 357 134 77 67 276 332 112 42 113 76 13 147 13 115 262 328 292 125 105 120 188 57 10 273 34 233 73 215 143 75 165 264 272 291 67 15 92 250 3 272 202 3 284 189 316 299 112 39 134 43 138 81 15 94 181 332 262 222 258 64 174 319 302 185 142 221 268 223 129 49 33 199 352 74 351 153 128 68 39 104 300 175 205 246 28 260 130 111 0 0 258 172 304 136 111 317 196 291 173 170 119 145 6 171 10 43 13 38 330 10 69 65 164 26 
168 111
240 216 216 97 216 261 241 207 334 63 33 40 143 107 346 71 31 60 86 323 221 159 244 232 158 243 193 201 161 160 51 153 142 165 71 294 223 115 292 225 149 234 311 67 261 210 318 117 235 13 350 132 274 207 202 304 305 276 262 183 50 3 312 65 177 80 55 195 219 246 110 128 177 235 69 307 152 97 321 126 320 47 213 68 96 68 357 36 50 41 97 344 57 318 351 170 71 185 166 22 138 191 258 180 128 93 136 6 184 64 227 67 207 323 87 34 209 325 321 314 335 231 351 347 99 18 131 97 319 97 290 235 182 272 329 204 81 255 268 126 161 242 120 51 81 100 267 8 17 149 70 6 230 149 13 228 333 55 74 267 24 113 103 250 29 194 299 313 
37 266
14 314 43 354 312 284 350 324 274 128 66 116 39 92 298 194 172 199 78 2 323 245 0 22 140 115 141 305 334 171 57 280 11 340 135 153 128 
56 195
73 183 237 152 108 119 26 187 271 187 31 168 275 275 191 138 34 352 69 208 2 31 354 334 287 122 79 9 313 159 237 219 116 99 67 200 70 66 53 154 335 286 82 48 108 161 269 356 192 159 302 273 311 346 137 4 
57 313
49 216 13 216 209 179 290 167 256 170 333 311 319 61 223 239 23 0 43 357 334 350 107 241 97 7 108 258 0 220 344 26 164 271 48 283 270 5 21 325 298 126 93 284 24 45 69 167 21 270 69 110 162 292 4 106 337 
35 62
111 251 145 125 6 273 194 59 164 261 16 333 19 307 98 163 237 263 290 103 182 309 212 240 105 301 43 11 14 313 319 294 28 66 93 
343 180
213 21 12 10 191 38 108 268 314 188 157 49 23 11 127 87 174 98 74 309 314 232 174 172 292 213 253 64 102 295 87 77 133 43 128 144 340 350 145 354 56 70 240 178 301 242 45 208 110 333 181 227 108 99 187 103 135 63 136 178 11 321 349 255 127 212 106 44 89 49 141 354 25 71 191 204 141 163 251 84 33 178 301 260 2 164 70 195 285 80 232 36 238 120 350 65 120 154 333 113 279 294 271 303 339 133 125 294 298 168 215 243 41 189 140 306 263 312 280 339 119 10 23 246 345 106 77 333 300 153 234 131 167 304 345 231 343 65 46 156 62 47 39 348 298 26 342 44 227 48 79 84 287 319 238 278 245 220 295 130 53 352 7 52 187 43 205 162 0 251 275 166 325 230 269 282 258 51 119 331 229 93 174 23 182 90 300 276 317 209 133 344 231 165 317 95 256 264 273 322 147 69 249 349 281 309 165 341 273 251 349 183 110 178 238 294 349 221 132 86 36 231 164 140 321 38 249 289 26 165 334 200 239 12 260 77 5 109 207 226 246 256 208 234 221 187 100 123 14 175 107 215 257 221 97 292 201 60 257 17 249 237 262 119 323 311 141 225 39 358 339 0 344 70 5 186 70 224 335 238 260 214 338 21 321 183 56 162 148 214 115 41 7 238 186 268 191 356 320 121 220 192 240 302 296 210 222 341 216 272 330 229 314 221 193 85 242 20 101 274 294 341 286 165 231 23 176 298 140 61 213 178 145 143 267 59 233 162 359 103 15 289 162 
211 277
121 118 120 243 149 332 223 29 337 111 33 36 129 47 178 145 134 261 238 333 173 135 82 100 192 224 104 95 266 320 141 298 204 174 71 38 291 57 153 47 274 317 1 41 70 281 69 197 198 15 265 58 189 265 23 71 306 12 326 208 338 140 337 327 91 353 172 216 77 341 324 163 268 345 164 304 244 57 83 229 314 283 316 259 77 190 74 253 213 62 83 145 261 241 114 138 105 169 110 82 265 20 0 11 271 83 164 26 339 332 261 99 315 6 291 346 12 102 166 150 242 318 318 306 234 95 143 207 339 353 18 336 67 38 201 310 221 343 144 25 346 4 290 211 71 156 278 57 357 142 93 30 47 91 112 14 267 298 87 27 259 322 253 255 234 88 93 266 288 53 299 154 210 191 273 63 138 50 271 300 263 273 164 299 1 96 290 246 144 130 273 280 228 220 106 66 76 320 143 107 158 190 171 226 150 81 243 308 212 196 309 
141 23
335 144 322 236 26 17 204 232 270 316 99 259 203 266 341 198 42 159 126 134 359 306 235 348 207 291 150 86 337 176 205 239 275 258 10 85 331 25 176 159 340 217 211 33 213 33 349 137 299 75 80 7 34 310 59 32 309 275 275 93 191 241 172 44 343 147 308 348 64 10 276 55 188 135 94 202 105 179 234 102 175 33 86 56 344 188 187 129 296 328 242 197 12 358 3 134 183 27 228 162 295 62 186 220 70 204 161 245 186 156 151 128 349 75 21 54 87 109 170 92 12 234 7 131 160 57 177 330 104 199 190 11 81 227 97 182 18 304 77 301 156 
133 261
287 57 30 208 136 14 255 321 25 108 273 248 195 114 292 99 249 12 5 145 51 334 129 327 57 171 257 183 118 267 265 122 217 314 209 150 268 226 327 120 120 271 264 254 332 146 218 273 296 20 272 339 310 16 64 63 33 266 117 49 75 256 354 184 122 41 351 155 223 73 228 172 100 212 230 359 71 244 161 167 18 109 27 182 94 291 246 136 196 77 291 330 97 58 322 354 276 116 239 219 47 10 138 17 132 164 166 180 327 196 132 128 79 242 270 155 325 126 328 258 275 112 353 213 59 269 88 213 313 283 229 26 321 
317 308
153 159 99 270 36 175 51 297 116 356 148 149 141 310 142 220 325 337 206 251 285 307 173 124 268 200 192 299 238 238 241 143 123 12 210 109 70 141 335 55 137 113 285 6 64 70 83 3 228 26 132 275 202 22 174 179 160 190 85 210 225 50 162 26 92 345 53 48 29 322 349 208 249 147 75 261 174 80 97 255 253 54 89 176 161 139 325 259 213 16 28 318 290 142 189 58 333 266 144 55 284 337 59 266 9 29 40 61 166 163 153 234 117 182 70 116 100 267 35 40 61 40 98 198 163 281 44 286 68 293 115 17 16 1 44 127 63 119 171 126 291 289 213 144 123 104 253 43 18 295 249 97 7 357 303 136 111 169 74 294 297 214 66 50 330 149 274 321 7 358 92 188 30 247 9 233 201 313 276 119 307 198 344 33 269 218 134 275 327 284 54 79 81 13 79 292 111 309 286 212 86 77 321 209 63 345 148 63 50 8 308 259 126 82 358 146 247 344 272 291 198 253 143 194 143 129 56 281 104 41 204 28 25 330 300 244 220 200 135 220 54 153 305 34 238 262 151 317 175 56 123 314 334 57 134 158 72 218 342 268 224 65 0 42 175 4 127 212 181 61 41 171 49 196 210 202 341 13 144 284 137 131 349 91 276 76 302 280 90 251 334 357 153 235 84 10 233 123 294 100 324 29 320 99 154 270 64 355 96 267 307 32 6 347 39 228 22 
283 96
328 57 166 12 43 130 291 310 125 144 187 338 279 76 66 286 253 353 60 238 112 109 58 341 357 337 145 340 180 357 199 321 202 99 336 195 127 263 10 292 9 200 323 144 173 288 248 54 56 245 300 298 323 21 221 162 100 66 258 80 17 300 188 37 322 199 347 67 15 205 281 178 326 225 85 198 331 210 336 113 284 179 16 191 208 29 353 318 104 280 53 159 82 104 339 286 166 34 198 44 90 265 143 48 269 339 89 206 27 89 121 117 87 23 251 146 182 218 245 145 217 117 218 244 2 256 317 169 312 234 103 24 349 4 261 254 182 47 276 258 39 209 260 276 83 55 204 225 218 124 27 13 303 356 277 344 258 60 265 302 227 220 61 124 10 258 270 201 270 295 242 44 44 22 347 153 55 205 203 217 1 335 276 14 208 274 241 241 191 4 325 263 64 237 175 246 91 42 276 218 327 103 301 189 80 164 141 133 248 328 237 209 327 316 164 259 164 265 209 161 46 44 239 30 71 156 339 262 185 133 82 81 183 290 130 299 58 186 285 306 58 308 260 30 170 45 107 349 23 173 209 198 126 116 251 63 227 189 183 301 228 41 263 39 300 340 292 17 112 26 342 239 275 330 203 347 107 29 327 162 267 56 79 
97 293
173 286 111 288 280 211 216 331 92 248 79 56 19 276 187 325 24 31 266 76 266 266 125 93 123 267 331 57 314 101 115 242 120 125 312 178 258 155 134 306 283 21 189 186 105 136 197 295 192 226 67 263 222 255 108 241 290 341 230 92 261 106 298 237 118 356 161 69 26 28 116 130 58 113 201 340 225 255 243 159 121 51 138 270 273 299 347 49 133 332 252 144 200 76 227 357 354 
286 187
208 58 287 299 85 248 84 25 108 328 64 142 324 180 189 315 70 8 350 241 181 55 340 36 256 172 333 2 149 140 242 10 182 50 163 214 24 308 12 146 271 347 280 153 148 223 195 81 216 31 140 8 220 250 218 20 34 149 307 139 11 30 288 18 254 352 131 41 124 54 194 273 178 282 280 111 122 186 193 199 39 208 309 265 110 85 292 190 220 160 235 246 72 180 49 49 283 349 62 324 69 81 289 51 228 259 24 323 280 268 68 176 123 1 276 252 317 300 116 357 250 51 282 113 91 308 100 234 296 199 142 63 211 47 111 179 335 3 84 57 159 328 139 183 20 223 169 196 350 293 233 240 121 276 266 222 291 303 52 29 329 179 21 237 211 95 132 208 132 250 106 282 120 250 61 358 177 112 68 44 148 323 253 186 338 213 260 210 209 299 79 265 159 204 12 348 57 110 124 141 200 140 327 164 20 270 255 119 355 238 1 264 52 221 307 181 103 23 166 28 188 67 182 203 322 84 304 314 156 212 105 124 195 110 148 298 44 348 217 209 328 328 69 221 275 268 34 139 163 133 109 143 98 248 91 340 77 225 9 306 170 95 3 50 281 35 225 261 134 219 44 263 170 190 112 295 103 17 174 183 183 342 36 128 237 162 
201 68
110 335 71 155 131 110 119 79 270 272 37 90 18 31 350 348 85 143 138 164 20 351 164 110 313 214 204 115 208 345 176 164 7 203 8 316 67 59 35 237 310 311 244 357 125 334 159 38 183 225 237 273 6 313 39 163 192 220 148 349 16 342 250 11 178 268 194 347 334 111 136 4 271 101 209 150 269 141 189 112 228 314 23 228 167 143 184 269 258 149 291 70 159 103 164 151 3 166 4 258 104 142 170 1 152 259 91 42 76 250 34 207 179 8 92 261 264 345 10 281 51 102 201 118 258 232 285 176 44 269 68 220 150 158 76 29 84 85 312 288 125 291 58 42 183 150 193 58 311 104 8 194 323 99 9 124 315 183 344 144 55 45 40 301 197 60 25 236 294 171 296 205 168 180 261 57 258 6 311 139 75 207 132 47 211 45 277 140 245 185 188 203 63 326 332 242 59 233 186 327 21 
269 212
181 33 237 69 61 335 70 130 195 106 1 95 156 359 251 117 336 54 92 67 350 34 64 166 292 80 187 56 175 90 140 307 351 50 192 262 265 36 171 78 99 77 101 250 11 238 275 39 264 196 114 288 82 190 265 135 236 294 113 189 133 111 273 225 221 190 288 177 294 121 22 23 12 304 62 55 100 145 208 182 270 335 124 91 256 195 201 212 296 288 164 110 317 189 159 94 114 273 312 173 44 64 202 65 129 359 153 103 274 242 260 41 282 133 333 158 280 87 62 33 76 336 111 183 221 357 143 198 199 124 129 130 243 219 278 94 282 55 193 265 325 190 85 273 139 60 121 117 64 241 297 288 113 265 186 75 316 198 123 353 232 42 232 128 278 2 256 113 17 273 255 109 291 128 257 311 315 224 10 131 230 226 201 279 161 344 236 7 49 39 135 167 341 238 253 190 338 185 41 85 207 358 210 212 69 184 45 53 297 157 297 203 43 149 210 287 206 210 208 312 160 301 325 220 338 290 67 79 333 56 134 240 212 334 113 349 69 321 115 103 187 70 318 106 185 184 32 95 178 313 109 250 281 343 92 94 100 29 290 82 281 158 120 27 224 221 80 210 120 
302 344
118 350 238 75 23 170 337 119 148 98 87 136 273 267 273 335 23 80 168 4 267 318 23 77 296 29 68 258 254 337 46 199 156 110 24 105 112 207 17 128 195 197 79 186 127 182 338 288 237 23 124 15 79 258 295 110 229 288 236 100 287 195 174 102 197 72 347 156 171 47 51 240 301 297 357 137 81 330 162 280 247 149 136 274 286 157 314 264 197 17 258 30 243 124 33 90 282 55 25 230 95 295 204 203 208 229 110 17 283 19 179 5 218 158 115 224 238 114 288 297 208 248 14 296 104 96 55 337 331 215 349 26 287 271 235 197 262 209 31 286 112 338 214 70 93 326 202 213 288 250 172 296 250 228 91 186 221 185 252 345 347 192 158 93 46 67 141 32 338 141 317 276 155 216 246 321 49 264 341 274 322 280 23 54 269 196 119 304 191 271 145 206 238 346 122 134 269 142 121 267 160 17 193 140 316 138 71 183 263 60 274 351 283 145 238 86 62 236 111 150 235 34 185 72 331 32 285 153 78 97 202 5 223 147 14 250 120 261 172 97 212 288 287 210 196 84 226 34 48 185 327 219 242 260 305 277 76 345 287 326 336 315 285 158 297 3 286 139 50 321 141 174 319 4 274 326 16 184 284 105 201 196 183 95 184 277 288 314 167 3 347 125 36 281 53 187 184 177 16 15 85 15 
303 263
269 110 72 220 204 286 135 354 225 298 321 15 173 212 351 126 88 91 208 145 295 46 270 42 27 146 0 22 223 243 300 63 258 107 11 300 38 97 258 62 110 50 277 258 179 229 43 105 209 176 123 98 259 294 222 17 39 73 91 16 37 46 112 223 242 110 64 204 149 109 191 262 147 345 338 25 119 119 275 12 308 129 110 49 107 259 169 353 13 118 236 331 117 317 96 223 310 126 272 323 0 223 310 286 268 230 277 249 121 287 72 329 163 193 130 180 124 46 41 273 348 306 348 6 164 206 282 241 162 339 308 171 81 82 13 214 277 110 75 81 178 214 212 32 272 224 194 86 177 284 336 150 116 8 351 12 35 29 34 243 206 321 187 65 1 229 208 30 146 32 311 74 50 116 228 130 221 164 54 133 75 311 26 198 145 118 81 215 195 221 222 170 7 217 111 133 258 262 0 110 150 165 216 50 62 352 212 235 328 141 115 266 314 234 349 267 22 240 176 262 12 267 25 320 185 94 331 321 131 114 239 85 162 298 163 286 242 176 199 291 128 115 167 234 183 39 119 296 79 295 209 29 229 205 194 32 122 158 139 10 264 49 255 235 157 273 137 199 172 235 117 320 341 296 296 229 166 344 63 95 185 240 167 265 77 299 181 317 96 85 110 305 336 203 178 97 222 137 277 175 157 269 124 
168 248
256 52 26 329 348 299 283 61 81 172 287 183 87 43 215 115 352 120 52 35 161 181 256 52 185 302 244 120 311 205 54 264 309 348 130 66 131 352 72 220 358 257 339 291 310 291 284 191 59 17 112 229 205 28 179 57 175 161 172 147 261 202 161 74 36 320 148 139 256 254 332 280 51 275 144 261 16 337 349 352 240 117 293 77 147 241 175 115 271 216 287 236 344 147 35 96 327 331 319 44 73 83 345 359 38 258 216 308 238 245 72 56 313 202 86 307 122 234 95 208 348 172 302 187 228 200 130 5 310 65 75 48 145 1 325 161 12 228 264 247 316 139 324 59 14 344 303 190 306 255 333 299 84 181 194 71 34 190 25 79 211 304 239 275 175 238 246 330 
20 289
161 324 263 317 138 286 177 102 149 72 194 92 293 236 113 129 62 79 89 272 
129 50
303 337 198 121 302 244 355 135 96 163 224 192 357 47 75 292 159 263 30 189 29 323 63 193 201 301 67 260 101 103 52 17 144 353 52 330 104 302 282 224 348 325 70 111 132 351 250 321 288 284 284 340 258 211 106 285 8 28 183 280 62 269 340 223 112 177 198 85 254 249 358 343 92 164 5 5 91 278 336 281 99 305 250 73 151 135 149 188 218 282 234 202 95 217 279 123 6 61 102 130 247 38 290 281 33 39 180 193 312 172 3 213 55 60 181 348 43 50 208 95 116 355 39 300 9 121 311 234 180 
356 59
147 140 187 43 93 23 270 113 358 305 138 239 30 84 224 275 91 71 183 324 6 69 120 212 123 181 128 319 170 262 253 154 204 345 142 118 226 65 158 224 74 7 157 314 340 207 20 22 313 267 305 139 235 310 62 293 164 176 225 40 191 256 266 318 298 246 269 234 174 261 250 200 233 256 21 79 336 280 176 307 307 265 272 289 10 274 248 265 341 327 211 89 238 131 231 42 65 116 95 250 23 257 253 179 16 59 303 90 166 262 342 337 107 224 238 146 243 244 188 323 81 138 182 68 338 2 237 289 343 147 16 193 132 18 132 314 72 149 315 71 254 256 316 287 53 58 266 231 248 87 128 136 282 73 120 38 81 78 216 20 160 274 8 266 8 48 48 14 216 50 341 183 326 328 92 244 285 243 252 228 353 358 36 130 119 287 261 146 49 30 299 178 315 177 43 356 207 336 238 103 121 133 306 172 217 57 136 112 238 202 240 272 132 96 271 150 19 133 300 238 73 345 158 210 120 296 334 236 293 323 114 59 164 66 62 58 344 88 192 121 356 132 23 336 290 293 81 230 225 300 257 241 2 229 7 96 208 321 350 31 213 323 27 303 239 258 229 216 291 319 112 111 146 66 248 350 266 173 234 356 35 257 90 202 242 138 97 24 4 342 351 250 223 311 171 323 170 143 66 149 135 182 317 168 340 197 198 222 118 32 48 352 140 315 142 32 199 345 281 143 351 104 12 283 259 13 162 179 306 6 189 55 133 285 161 102 100 156 225 251 264 147 16 182 6 99 221 359 204 225 157 85 58 81 340 115 
146 336
120 81 347 150 223 321 349 108 116 355 92 95 275 14 133 108 275 271 211 154 2 142 52 145 343 54 1 166 182 226 273 151 264 207 207 67 356 197 167 263 324 349 345 290 357 247 112 353 9 92 334 237 80 234 257 31 142 214 158 283 159 183 70 229 143 336 76 156 68 191 134 302 329 135 169 198 358 316 248 9 79 315 181 84 251 341 47 308 214 71 27 165 243 235 307 318 22 235 137 145 246 160 145 37 240 321 53 43 119 330 278 8 61 331 348 199 347 78 236 41 225 225 168 37 99 143 19 145 136 271 19 272 270 80 204 218 204 46 173 289 159 98 109 324 155 120 
329 322
184 176 337 304 166 149 333 202 203 289 35 209 169 193 29 297 254 224 64 199 2 259 349 321 220 307 167 190 109 75 256 36 316 31 89 285 43 283 138 254 86 201 243 96 180 286 238 222 251 163 307 308 81 275 1 224 352 230 240 45 204 38 171 22 358 182 73 193 210 245 7 308 336 214 255 189 102 321 22 224 205 150 81 339 273 7 328 67 196 139 180 167 106 128 20 358 330 128 219 310 134 174 359 323 111 204 62 335 225 313 34 323 262 165 301 235 242 301 233 280 319 271 106 233 7 232 357 336 304 146 29 80 36 278 144 164 81 255 314 141 144 293 299 49 87 87 250 227 272 125 281 185 165 228 91 145 29 351 208 300 32 74 265 238 329 96 166 187 120 230 234 254 335 357 97 106 86 127 334 122 278 113 45 243 82 355 252 312 42 87 278 64 291 240 320 111 26 253 16 315 146 299 187 67 15 243 175 80 198 255 301 213 150 308 318 180 335 245 224 267 64 224 303 329 109 322 257 156 186 105 85 268 259 150 343 101 339 281 30 46 137 164 48 7 36 186 334 17 147 338 207 358 104 174 137 85 238 271 171 299 252 172 131 49 326 4 98 125 258 276 204 84 125 11 301 274 108 225 41 204 10 147 17 217 44 107 168 202 215 298 28 86 205 104 292 96 13 194 37 295 282 124 345 134 71 242 5 323 126 142 231 20 308 272 88 228 343 164 101 168 70 111 219 161 190 324 302 70 301 
93 125
252 101 246 166 165 194 114 205 347 92 161 33 304 353 273 184 215 114 57 61 103 26 354 215 175 319 195 190 348 182 357 357 70 332 308 88 173 303 89 128 71 319 353 75 105 278 255 242 311 16 164 192 124 147 9 237 332 105 140 66 149 310 314 166 121 98 257 231 317 345 353 4 274 208 209 317 63 304 336 237 283 30 159 193 196 34 203 141 109 18 156 179 156 
25 344
188 195 122 169 62 333 336 350 240 313 214 251 33 243 226 10 246 149 288 236 203 175 193 8 64 
22 42
173 5 330 128 90 25 316 5 357 273 142 54 109 178 301 210 225 153 125 128 308 262 
256 108
95 133 43 335 205 148 35 201 278 223 205 277 243 46 354 284 179 231 171 178 217 271 233 77 102 124 262 188 29 5 78 298 348 170 128 94 122 23 218 153 162 128 278 215 131 103 153 265 89 286 92 292 223 46 159 293 187 226 108 83 142 96 177 288 325 359 259 153 268 47 103 322 345 92 139 217 17 314 45 340 143 123 196 223 53 213 322 160 167 353 26 329 101 8 54 129 269 330 85 137 86 183 217 351 93 33 143 36 2 46 336 278 249 287 287 276 241 322 107 184 112 27 350 178 250 267 48 265 354 174 244 35 275 315 342 352 233 155 334 338 118 317 120 302 275 298 25 265 7 45 65 238 107 1 305 178 299 104 252 190 255 346 304 56 284 262 91 102 220 287 150 313 67 162 92 157 183 75 332 43 322 226 186 111 181 22 297 78 138 145 127 145 234 190 218 71 6 77 79 58 12 123 322 200 240 252 68 58 311 309 328 329 223 126 176 266 322 353 267 66 140 116 209 160 22 286 55 113 229 14 125 82 125 309 267 104 138 296 270 347 203 282 245 146 139 146 297 196 173 273 244 67 184 71 22 104 
77 275
218 206 318 212 167 186 169 110 305 74 108 57 319 187 65 339 346 135 326 101 252 222 333 349 17 37 111 124 33 47 333 190 72 161 190 55 189 157 213 296 52 44 127 245 224 324 192 180 271 334 166 221 14 71 230 189 264 321 117 4 285 81 158 275 338 174 359 168 5 322 273 79 102 43 175 18 76 
102 137
171 259 260 103 7 131 284 269 209 120 253 225 162 306 64 42 292 113 351 246 232 284 296 264 337 136 52 240 156 246 76 233 291 12 22 83 171 5 127 16 49 72 196 224 209 337 153 66 42 30 183 107 204 291 256 236 48 275 37 196 118 182 187 47 121 184 319 101 62 254 246 246 193 296 290 293 142 30 261 164 356 52 199 301 232 106 242 208 89 18 324 341 2 20 124 130 268 227 56 22 88 279 
10 269
65 98 351 161 99 58 258 354 335 131 
65 141
288 359 136 25 272 8 46 230 190 124 258 174 129 292 79 126 334 34 258 286 262 187 91 119 7 206 67 218 250 188 11 136 349 175 177 89 271 79 222 158 222 258 312 263 346 84 258 99 125 25 282 46 16 46 242 86 1 306 313 322 250 294 290 126 297 
266 52
239 171 149 211 315 289 256 141 96 292 198 250 358 200 23 250 178 9 217 27 309 117 20 51 275 322 148 67 47 287 298 330 188 117 163 306 172 322 114 3 340 93 243 165 7 65 348 241 9 59 59 334 49 11 144 40 350 332 93 229 151 226 37 327 38 21 160 65 315 110 122 17 44 259 315 359 246 336 311 7 158 178 191 177 290 297 205 187 224 88 343 138 90 104 275 338 198 122 321 294 22 77 201 338 97 330 343 157 125 320 148 261 222 49 297 271 280 291 145 80 25 80 181 75 270 95 289 116 174 249 255 9 344 190 251 117 330 278 2 296 212 135 73 258 0 309 184 304 22 129 183 339 298 318 77 357 205 82 123 222 356 6 164 345 112 48 352 277 111 118 301 86 305 266 317 263 136 89 316 327 87 262 225 335 226 187 73 183 325 138 235 94 185 81 132 58 296 158 3 66 95 120 82 195 307 159 302 325 57 329 150 44 294 352 311 357 349 35 141 13 328 94 214 274 91 258 346 301 284 11 247 204 228 157 307 186 34 266 262 82 296 224 114 26 17 274 44 2 76 213 141 183 215 204 284 91 251 83 314 317 191 252 158 79 320 150 
87 191
198 3 336 70 12 90 306 81 82 105 148 64 37 218 4 321 13 16 26 127 286 221 69 27 107 114 223 6 28 340 345 2 203 139 39 116 194 233 16 254 202 310 209 322 334 291 206 304 207 85 7 79 141 9 174 179 99 148 53 102 175 83 256 303 165 298 259 317 162 274 254 184 262 317 241 148 355 187 105 352 196 230 307 234 238 266 282 
281 325
284 206 74 221 174 151 111 1 255 252 86 43 49 54 226 21 155 70 64 342 78 188 338 282 293 279 318 49 28 82 66 7 342 68 273 166 28 229 311 36 354 137 137 75 287 327 207 156 253 61 228 117 348 268 178 71 258 95 67 174 137 259 293 140 284 69 132 188 333 209 315 51 133 82 146 209 65 322 307 273 191 229 217 288 202 272 334 194 212 217 216 49 221 286 192 356 278 247 12 286 357 317 61 136 244 260 259 300 100 115 272 163 147 3 201 230 292 39 256 359 247 233 201 10 197 139 137 236 314 150 318 203 130 83 300 10 326 81 140 280 266 238 275 294 317 209 309 8 275 97 182 188 289 174 258 94 36 263 161 31 356 227 301 308 206 6 254 195 322 106 128 12 191 255 202 122 63 56 219 116 95 306 160 59 92 245 291 192 89 291 102 139 113 174 268 45 316 141 130 102 175 217 340 309 356 83 70 311 162 269 216 303 154 17 268 243 158 174 350 162 279 279 213 334 69 226 350 138 288 51 8 134 304 277 182 24 328 1 143 20 208 203 336 136 181 338 160 146 239 268 200 68 308 78 17 274 156 198 109 9 21 300 355 157 276 221 57 324 270 46 263 209 211 35 250 235 311 23 158 281 212 
301 306
41 229 134 155 348 107 28 280 112 176 242 225 287 242 90 154 56 65 186 49 230 198 258 227 159 46 358 250 66 269 110 107 73 277 128 64 199 213 221 15 214 323 165 183 340 280 186 266 140 46 265 269 129 69 113 332 70 297 185 171 46 208 69 332 140 15 313 242 250 30 152 79 43 322 3 277 343 112 188 194 350 100 355 40 15 319 233 3 340 225 171 199 35 272 130 14 234 282 301 166 280 53 53 314 18 207 152 111 338 4 151 13 118 179 3 147 196 280 188 16 142 250 23 71 333 153 13 32 255 214 71 253 181 159 46 304 234 311 263 191 65 201 231 179 52 267 197 120 6 66 230 148 33 151 183 48 219 257 71 349 241 163 211 64 337 22 183 29 202 209 205 22 330 323 152 333 118 318 160 236 121 315 149 187 341 41 303 281 340 320 236 72 255 111 118 261 109 233 152 233 71 58 145 187 97 28 81 52 42 324 212 34 134 55 330 66 277 102 152 289 302 284 81 161 280 116 14 61 273 38 204 3 336 291 343 334 339 331 329 299 26 267 123 348 328 219 63 336 286 289 185 246 5 152 311 170 33 217 166 301 339 61 66 11 323 187 335 100 129 23 248 220 323 341 92 167 101 317 24 109 347 47 342 68 153 205 304 79 129 76 67 294 177 258 110 338 245 132 180 144 116 
40 30
15 99 34 50 124 41 227 210 170 28 2 306 290 33 11 172 4 15 258 8 245 301 34 176 74 304 177 204 41 276 218 203 24 284 199 160 80 52 34 160 
40 206
88 198 331 236 357 174 87 138 11 309 121 118 350 252 126 37 182 178 175 210 280 176 358 22 355 272 165 64 166 113 88 62 330 214 311 104 279 136 16 96 
36 220
218 128 352 68 71 261 120 88 8 114 259 148 116 98 50 126 326 41 314 280 93 50 249 172 251 329 355 20 297 341 342 245 308 271 219 42 
134 170
168 58 296 281 252 16 82 53 320 255 97 132 47 47 83 20 296 281 85 152 8 55 38 101 288 2 185 110 262 235 327 26 304 23 297 200 92 288 91 64 320 214 252 219 140 160 315 98 94 50 238 137 10 358 190 178 37 94 280 260 106 181 49 209 3 263 147 129 111 105 127 358 23 161 333 65 300 6 252 49 115 229 119 322 30 243 63 128 33 74 307 277 78 177 10 204 329 243 55 222 110 149 50 311 20 32 210 303 345 148 58 198 323 9 338 91 47 313 95 38 258 188 86 228 302 330 339 211 178 251 281 276 35 272 
347 6
160 282 115 275 185 67 289 234 77 39 337 50 153 312 341 328 30 270 141 282 333 2 173 298 341 162 254 185 169 248 13 281 133 155 352 293 218 82 221 318 171 311 87 249 243 283 249 18 325 302 282 306 344 90 322 52 143 237 15 340 84 206 269 83 140 24 83 316 294 311 257 121 89 356 308 263 40 252 83 296 326 57 291 217 169 357 51 250 203 90 354 280 35 304 82 50 287 244 353 30 212 172 352 276 105 53 342 41 240 271 221 291 121 24 17 143 354 137 187 37 125 59 80 109 201 187 87 118 154 331 81 80 19 204 308 280 169 356 9 329 339 157 145 260 347 29 354 325 169 129 175 35 61 29 63 170 347 48 56 272 350 120 96 215 282 140 30 104 90 172 68 66 59 244 211 245 226 22 234 42 16 30 329 251 284 267 308 227 277 255 108 225 256 254 155 44 287 174 342 190 132 190 248 326 109 58 96 205 274 258 97 163 215 270 140 106 66 114 329 298 95 230 328 131 256 2 19 65 268 301 70 155 191 165 92 211 61 133 64 348 131 269 71 297 114 153 236 251 16 272 33 77 88 155 359 226 35 11 193 40 130 246 315 145 226 141 32 303 181 222 121 57 292 20 323 92 181 175 182 204 355 359 131 37 229 25 40 190 14 216 74 310 301 44 3 254 99 3 207 19 183 243 107 45 339 264 59 97 138 244 230 41 355 201 80 314 137 226 92 244 237 347 171 328 8 81 146 188 326 14 44 153 1 184 313 329 4 320 269 270 238 143 257 47 149 333 359 
224 38
202 268 138 118 184 70 322 71 67 206 327 157 22 138 110 154 273 88 47 177 343 358 10 174 142 209 46 320 175 322 146 3 292 344 210 35 107 53 106 295 316 195 101 212 169 350 201 356 244 133 77 292 241 135 101 131 251 32 337 57 248 243 55 316 318 197 328 119 65 69 56 289 237 29 199 198 249 235 94 288 237 203 39 2 14 101 122 9 178 262 352 333 239 34 55 54 174 51 15 81 257 316 346 246 201 29 293 246 200 8 0 304 134 79 53 319 104 156 221 336 348 86 343 292 248 350 356 71 110 63 327 98 196 321 43 78 39 329 166 285 354 194 73 273 106 137 311 265 8 306 211 115 82 152 259 287 204 234 181 222 263 196 175 298 130 94 168 283 241 123 242 172 17 295 126 255 51 53 43 300 101 273 10 183 223 78 339 322 202 93 240 317 168 231 149 29 245 295 20 38 318 143 31 306 334 136 186 28 224 273 341 49 204 131 207 156 130 333 199 294 223 87 84 25 
328 278
56 252 61 10 108 100 15 203 91 95 14 145 203 103 320 173 257 94 348 46 36 171 137 19 166 141 11 48 11 288 355 233 192 189 252 165 324 236 78 298 359 196 231 71 65 91 1 343 299 31 315 121 78 337 169 83 98 159 183 290 250 38 308 279 133 128 245 292 162 146 287 139 42 351 333 49 256 64 284 64 118 295 127 138 311 266 250 157 123 252 86 314 65 285 120 69 344 315 310 115 326 169 160 351 257 166 0 167 124 44 198 98 120 243 233 102 298 150 116 16 354 99 187 10 113 199 210 322 140 186 69 11 303 10 212 87 351 169 333 39 319 189 298 178 2 199 81 220 104 42 284 14 291 100 253 74 191 11 356 36 294 349 27 32 236 192 194 264 89 34 10 157 351 264 37 349 118 324 140 203 150 52 20 113 58 37 217 326 205 229 263 78 196 242 331 171 314 123 159 58 276 123 322 273 225 183 112 283 136 68 83 34 359 248 14 343 132 154 211 201 83 23 298 287 338 77 93 183 348 180 100 170 75 330 140 66 2 51 102 118 140 234 11 186 277 334 92 174 311 21 272 297 74 182 333 314 236 300 324 248 102 100 296 291 178 202 56 133 334 354 335 99 48 303 1 256 337 173 301 273 261 203 200 3 193 263 187 224 249 268 154 293 187 46 306 131 303 255 187 232 127 277 221 237 186 338 146 289 13 318 276 47 68 214 267 339 114 230 345 349 193 91 15 162 123 245 163 324 
152 222
320 299 114 187 357 148 238 319 171 167 20 198 185 261 198 97 74 290 60 11 7 234 231 39 50 76 81 141 209 131 69 95 167 92 59 292 31 333 151 318 206 108 4 35 326 135 339 223 217 278 1 254 210 50 284 347 60 225 8 219 70 246 39 248 84 139 74 5 278 138 119 280 287 348 26 36 298 112 341 129 256 127 262 139 354 84 23 13 167 220 117 339 46 138 221 357 27 89 34 221 193 309 228 246 316 58 192 296 10 283 280 302 289 315 150 208 293 91 77 123 223 38 281 119 16 187 146 233 235 346 245 288 107 68 192 298 121 77 177 246 132 75 30 33 287 236 2 278 195 340 290 283 
153 187
46 173 30 262 180 28 294 15 43 23 151 38 287 254 228 199 149 14 191 40 185 197 281 51 227 205 238 327 65 228 33 149 191 120 221 144 255 80 116 160 181 47 34 201 4 133 131 238 356 161 289 110 106 49 272 335 102 186 282 282 152 106 327 50 241 265 304 128 218 108 330 180 260 190 297 234 318 117 354 269 73 203 59 176 348 21 317 94 80 70 156 17 134 198 314 270 261 350 349 53 134 354 107 279 249 27 312 87 142 275 321 198 192 283 315 138 285 23 150 333 294 194 176 32 279 77 89 55 313 252 104 339 147 277 14 292 123 343 180 279 246 34 327 332 314 279 74 64 279 309 53 26 301 
268 302
208 328 229 190 205 355 335 300 356 169 274 281 265 171 341 106 291 56 240 230 332 309 7 140 211 187 338 16 175 355 57 159 13 127 6 1 319 237 18 63 184 209 244 154 160 282 146 329 188 143 264 199 326 229 17 312 4 339 182 227 21 96 196 322 305 346 48 54 47 350 92 27 177 295 81 203 221 184 305 86 338 63 110 344 323 271 42 104 189 92 187 153 231 266 348 305 21 26 22 41 343 224 259 212 106 41 180 102 162 209 124 349 110 315 165 192 88 77 289 169 43 297 159 265 307 326 246 343 242 136 319 114 179 32 323 61 212 169 89 253 191 280 74 26 243 224 199 337 233 61 4 89 248 59 274 129 341 109 81 107 335 359 358 302 120 93 116 134 296 38 306 96 215 107 128 260 230 258 30 235 198 90 189 297 314 177 1 72 255 334 316 265 95 289 53 188 163 101 266 185 192 355 184 278 324 251 221 119 350 295 269 176 356 187 356 90 276 31 359 108 322 252 114 225 137 81 128 284 222 136 303 290 257 216 76 3 179 156 157 201 191 72 287 349 267 2 197 238 265 120 304 57 180 265 15 355 110 1 306 292 250 137 92 195 312 109 132 51 
69 119
336 313 144 240 358 31 84 50 345 332 92 82 321 95 316 2 258 127 95 104 8 327 252 191 249 265 144 90 324 89 315 92 160 89 239 194 1 205 119 223 223 300 194 39 219 335 353 88 67 251 309 293 12 129 44 67 276 152 96 206 21 346 304 27 355 322 294 122 276 
235 143
196 201 79 39 163 145 329 38 14 111 85 36 255 198 157 331 201 339 18 20 95 226 100 221 27 273 207 335 170 68 140 270 345 129 81 184 200 274 203 33 74 54 94 165 255 22 20 95 197 350 310 104 224 288 291 266 284 223 75 163 284 80 85 5 344 347 187 52 79 132 56 113 244 59 222 124 104 108 291 208 310 141 191 171 159 207 286 150 120 124 329 172 52 141 49 39 228 41 230 277 339 331 271 311 109 305 277 266 152 326 273 100 121 209 222 184 77 175 319 115 208 280 109 42 1 176 302 107 215 313 94 40 273 166 272 231 306 33 327 226 301 103 40 54 197 207 228 319 340 334 23 166 236 24 202 174 112 2 140 195 163 266 224 221 69 187 23 5 332 215 195 58 358 205 70 120 309 158 349 340 138 11 125 111 112 248 78 62 172 180 117 114 293 346 256 340 165 244 99 28 357 233 184 101 321 293 66 134 72 198 160 37 335 78 210 11 297 234 359 86 166 333 172 272 0 210 88 337 245 287 207 276 38 138 23 
297 168
166 43 266 153 35 0 344 157 174 224 305 43 121 69 261 173 117 142 171 205 320 125 102 86 346 69 321 307 17 91 166 223 46 346 48 334 93 103 45 280 262 153 111 276 302 51 47 313 355 168 120 233 84 89 243 116 185 343 58 215 85 256 128 251 302 97 195 140 264 297 220 347 259 343 260 308 135 46 48 50 352 221 356 73 310 155 0 72 231 244 171 119 147 208 185 160 2 116 57 54 190 35 356 185 60 170 61 99 334 94 327 40 18 69 235 89 296 155 299 173 213 211 330 148 192 330 325 146 121 183 110 43 41 203 81 65 158 288 104 177 64 138 148 64 299 201 231 73 213 297 243 249 306 29 187 130 318 215 110 63 117 283 236 73 30 201 191 97 320 221 249 279 335 297 307 39 75 231 243 157 60 308 283 32 15 129 284 291 224 270 131 209 267 205 275 201 262 182 35 122 0 75 323 245 19 43 72 311 122 214 200 81 354 305 32 338 287 331 261 158 160 353 89 126 159 337 0 200 5 167 130 49 79 311 357 309 105 3 230 272 186 239 153 0 238 118 296 177 264 78 318 22 166 119 50 163 61 134 86 83 5 111 356 55 147 340 39 300 259 28 224 77 101 156 52 229 39 253 212 248 76 85 285 247 255 247 94 140 54 0 255 229 158 284 89 256 295 
38 129
292 58 313 319 46 89 49 157 343 101 288 78 165 235 202 187 215 194 7 277 103 198 244 114 107 41 34 288 331 155 226 40 54 81 143 45 75 208 
327 12
208 344 72 219 282 307 8 251 281 320 304 258 97 142 209 206 232 19 359 205 356 119 326 30 124 260 276 227 353 289 16 329 90 302 300 184 12 314 49 56 346 206 247 43 189 284 269 285 21 260 17 243 143 85 118 151 269 211 303 16 259 108 1 147 28 341 313 7 9 305 236 181 72 8 265 66 124 24 168 3 112 196 316 20 307 141 249 132 308 203 201 137 245 10 342 324 89 216 306 315 321 196 85 67 45 256 285 51 1 272 223 103 275 83 260 265 356 344 154 46 288 234 316 188 118 285 183 303 242 339 99 96 294 190 82 39 267 236 341 43 38 74 340 203 104 36 348 18 257 113 252 240 69 78 351 359 292 33 40 117 312 1 186 273 134 150 2 41 103 253 340 179 256 129 313 88 245 11 52 122 271 104 80 332 112 96 10 187 197 38 294 30 149 254 149 208 305 300 51 29 279 131 26 191 156 93 219 342 356 316 210 116 356 354 68 52 292 133 146 148 59 259 53 351 13 33 346 86 175 274 2 126 109 234 66 351 180 6 248 1 18 182 32 196 189 348 218 213 121 137 155 50 297 171 208 264 208 235 105 58 231 121 217 299 189 250 231 15 291 209 146 340 337 330 255 292 33 25 217 195 98 119 20 255 329 278 111 316 129 72 78 128 129 234 48 297 192 59 32 359 206 107 58 277 112 75 108 166 100 254 62 328 187 346 213 12 308 352 49 284 286 212 251 222 102 58 332 
288 288
64 2 271 31 99 303 178 42 351 53 40 154 161 78 336 164 349 207 98 215 94 110 12 135 1 132 246 259 156 147 116 193 63 145 8 252 299 127 313 85 87 123 14 108 324 254 90 359 336 284 129 217 176 320 222 283 294 309 59 118 25 67 22 39 211 70 29 289 272 146 277 107 334 275 123 177 192 45 356 159 15 348 109 149 136 70 85 313 286 252 105 217 350 220 129 177 160 117 317 323 171 208 82 348 212 286 100 95 45 99 194 176 31 89 183 37 296 193 316 5 307 68 100 124 13 128 296 2 136 211 16 272 108 322 311 327 117 212 172 10 130 277 314 54 332 191 45 274 231 262 58 322 23 328 116 323 307 220 268 285 183 353 357 146 306 196 239 187 79 300 77 185 132 183 42 268 246 323 163 253 59 312 240 259 153 27 208 338 197 170 178 26 97 229 169 63 244 111 34 280 65 253 268 227 241 185 82 68 298 30 54 68 338 265 266 200 190 303 180 319 328 29 356 213 29 339 289 212 340 143 245 176 346 185 332 261 147 149 213 180 113 270 288 179 118 41 15 15 147 144 281 276 210 30 155 258 354 345 220 154 193 333 102 241 175 124 288 211 69 278 239 298 90 57 257 155 116 337 64 66 36 171 350 4 112 148 108 128 
