71
250 89
236 185 8 278 61 96 240 127 277 188 313 184 329 6 182 201 261 95 82 286 271 117 111 44 172 75 102 234 106 250 235 318 73 317 225 340 90 270 27 76 135 216 262 238 125 321 354 35 0 36 199 287 227 141 292 288 350 156 221 39 33 75 315 84 146 214 230 271 160 174 243 145 138 357 91 204 106 259 44 156 309 308 111 5 41 102 155 334 129 10 329 220 70 80 95 42 122 294 188 151 239 245 122 261 193 158 35 118 245 0 91 287 299 129 236 192 87 20 64 157 352 154 61 177 163 79 125 113 43 293 0 54 112 113 151 29 146 213 14 146 317 290 148 94 121 89 58 195 294 126 201 87 62 181 315 12 341 79 111 302 308 11 238 327 172 43 51 316 38 261 284 247 41 29 121 91 210 52 19 156 321 263 30 195 233 309 236 245 39 313 249 249 229 146 83 10 145 252 237 283 80 168 262 331 73 157 271 116 95 107 75 86 36 58 222 194 301 198 34 47 296 277 257 58 196 334 113 83 247 35 50 106 143 54 112 110 321 302 272 233 291 276 324 18 214 340 51 242 327 43 
197 74
255 91 236 195 124 114 99 306 91 94 129 160 193 102 39 130 242 233 289 358 137 285 200 235 315 13 121 336 45 293 89 204 79 50 358 64 348 16 324 272 62 175 50 169 246 255 211 217 299 167 138 281 43 291 250 291 135 270 129 90 342 78 24 165 214 20 36 167 355 181 153 281 89 97 222 93 83 139 33 257 348 142 212 292 144 262 243 120 102 218 242 221 86 90 212 125 75 175 201 305 249 187 283 11 286 310 185 282 66 165 352 333 93 268 20 191 10 3 339 57 237 314 102 66 170 60 237 310 248 178 224 101 101 130 279 315 7 125 223 131 210 245 178 290 345 297 302 26 114 138 90 89 259 198 233 165 305 265 339 115 167 271 53 168 203 163 168 241 224 336 23 303 335 267 326 189 81 73 91 326 357 66 193 135 6 252 32 137 36 72 249 62 36 268 169 70 291 
38 227
170 189 64 274 93 148 350 38 146 350 263 31 316 265 91 260 192 194 314 336 318 50 55 129 136 314 98 290 240 284 267 210 272 227 160 199 348 24 
48 95
147 39 44 145 61 319 285 59 179 303 153 68 107 24 304 45 115 208 158 5 239 260 7 116 163 168 307 295 350 196 94 349 210 84 104 188 238 172 211 257 247 155 257 352 298 131 121 311 
179 211
158 52 239 294 312 306 175 161 260 262 74 22 71 149 168 12 34 234 324 4 44 175 175 293 102 103 8 193 349 49 69 112 207 73 64 267 289 218 126 334 112 137 287 243 323 166 130 78 217 302 241 284 114 179 149 104 226 143 79 254 225 144 227 41 196 58 38 55 338 15 164 30 190 27 306 117 142 304 211 97 42 85 195 73 280 279 105 342 199 330 152 155 183 61 124 253 65 299 78 301 134 105 190 318 356 248 256 49 57 345 107 309 302 288 230 145 92 33 2 87 171 243 226 353 24 37 191 158 305 47 208 354 318 248 159 303 315 188 236 235 281 154 95 355 164 156 272 356 124 54 300 131 56 254 322 12 139 131 276 338 186 186 25 267 153 309 202 162 136 161 173 152 233 192 226 109 29 247 158 
155 327
16 280 100 42 144 120 163 173 80 247 53 166 277 177 114 226 86 246 86 64 294 289 196 266 194 128 106 290 96 303 53 337 211 334 166 330 142 301 87 70 209 328 214 190 191 188 145 37 308 231 219 236 358 327 252 289 114 70 44 56 223 255 117 250 16 26 313 177 107 30 46 100 58 8 253 3 325 236 353 133 77 225 134 146 37 299 183 201 68 275 169 264 77 70 269 257 0 10 354 156 45 237 289 292 350 223 41 294 335 185 349 50 348 150 328 79 98 300 17 248 101 87 140 190 194 91 212 138 67 216 309 246 221 31 248 200 50 138 339 13 325 310 236 308 49 145 164 220 296 351 24 38 162 238 99 
179 308
159 234 289 118 157 61 64 230 209 247 190 278 168 346 196 87 203 327 5 111 116 82 311 45 150 284 319 145 235 115 227 85 80 218 282 98 86 83 27 117 27 194 343 6 182 168 280 265 158 52 305 260 139 160 122 146 45 161 55 316 58 241 104 287 230 292 89 134 44 27 157 332 129 295 190 264 111 306 313 224 111 22 253 70 227 259 127 114 61 314 326 217 93 55 282 70 105 3 62 249 72 335 253 249 255 174 275 347 260 256 303 40 44 143 328 198 161 264 298 299 240 202 318 93 164 217 111 11 250 333 172 144 131 31 217 283 105 137 186 314 189 79 330 341 251 45 34 52 296 229 272 309 89 216 40 187 38 84 250 245 295 108 216 355 183 162 278 305 234 288 20 358 165 99 1 168 193 190 1 
111 195
141 109 265 295 85 134 83 162 19 245 346 275 193 353 315 210 349 39 78 18 304 123 202 80 121 172 84 201 353 336 178 305 19 61 114 3 133 210 285 96 203 283 312 44 103 187 69 77 91 316 17 315 286 278 174 199 95 100 109 85 53 139 134 335 304 260 268 291 186 298 13 95 50 241 270 295 119 202 181 116 194 73 279 233 140 20 189 76 259 292 209 154 294 175 11 291 128 152 82 282 325 13 286 82 238 337 88 216 226 217 298 
242 318
54 269 125 63 243 142 68 118 313 115 163 301 162 252 161 187 198 40 229 117 174 341 39 286 302 296 95 126 42 72 99 250 275 30 43 262 134 287 97 31 322 87 101 43 319 174 103 347 28 7 347 115 249 175 201 187 144 315 171 271 123 341 158 170 264 296 272 111 332 284 71 196 48 109 121 52 244 155 23 78 15 302 94 206 157 310 99 344 254 353 28 25 50 103 247 141 299 310 2 76 65 81 113 313 111 146 44 51 128 5 36 214 190 298 109 264 97 63 150 248 354 32 264 86 90 250 334 165 84 191 154 129 49 90 306 57 185 169 259 180 127 179 253 98 354 71 58 288 101 207 73 175 97 184 44 89 165 143 344 333 94 173 249 238 183 34 345 149 30 166 175 87 307 193 152 50 282 331 268 182 137 347 15 194 352 260 12 162 77 357 179 63 117 349 307 352 172 105 21 343 282 100 164 21 312 52 161 148 172 269 148 96 152 330 246 192 81 352 238 292 289 13 201 38 168 283 298 228 157 30 258 261 270 156 7 328 131 276 133 255 343 316 
207 201
221 111 233 311 84 226 147 85 339 143 260 70 153 197 209 350 333 46 318 323 130 344 14 28 323 187 220 217 92 34 271 299 238 68 78 23 304 105 353 230 220 245 225 316 177 212 302 203 198 302 69 235 13 19 237 71 119 24 263 271 330 85 286 55 195 168 306 358 157 26 17 80 227 27 289 165 53 101 36 348 119 250 280 217 136 347 283 213 88 227 26 151 231 283 272 93 181 242 265 247 211 51 166 146 115 180 270 216 310 192 154 175 47 8 231 219 72 187 123 350 196 241 1 273 315 150 183 121 177 33 341 320 325 69 337 347 88 191 183 106 335 231 335 50 100 32 14 357 273 234 239 97 65 212 289 95 149 60 122 197 27 147 311 103 162 144 124 313 155 287 262 194 341 275 349 126 18 104 0 300 231 1 238 110 133 109 176 210 259 152 56 284 288 157 179 139 50 241 155 250 208 62 27 344 272 155 334 
224 241
172 164 359 32 75 97 73 123 146 211 78 59 307 217 202 73 148 124 11 78 357 122 240 313 216 338 187 211 3 192 98 248 181 54 188 341 172 219 212 232 101 345 162 268 352 90 194 41 131 140 322 241 6 98 3 8 4 122 148 172 145 350 121 261 301 172 35 33 219 6 208 171 154 118 289 303 160 356 60 203 358 172 120 203 26 62 158 74 237 236 209 74 240 21 281 63 176 16 125 192 334 143 71 154 339 176 180 284 178 94 4 20 350 180 45 237 256 29 32 102 211 111 53 115 164 253 158 235 65 35 67 319 311 282 181 62 217 224 49 300 231 225 188 33 5 37 73 189 301 342 247 181 342 270 219 153 225 75 346 231 274 218 271 55 209 262 88 179 224 90 300 283 56 316 28 127 311 69 282 51 112 88 303 175 18 111 34 117 74 359 163 142 4 229 175 264 111 286 343 353 255 151 258 350 183 121 337 58 62 6 327 23 135 37 27 293 135 317 254 221 200 66 303 16 
291 50
13 302 150 180 173 104 146 267 131 286 222 210 49 294 291 127 297 183 244 252 218 88 79 129 71 269 152 81 354 349 48 292 231 34 224 9 122 353 264 132 211 51 134 25 317 7 113 249 27 147 63 179 115 145 108 324 131 252 257 116 349 355 56 144 2 256 111 241 184 175 231 341 33 52 352 330 261 149 227 194 241 179 28 255 276 292 78 263 1 22 73 290 196 62 61 256 311 129 263 139 174 296 217 256 130 235 162 199 182 162 24 51 121 119 105 107 65 4 123 145 56 230 164 172 222 263 347 116 88 94 354 46 41 115 117 105 225 358 54 179 189 158 294 137 152 66 60 313 280 77 329 215 225 295 255 47 126 166 84 212 158 301 33 154 165 238 199 236 286 135 156 335 114 63 102 31 152 114 204 358 205 143 73 217 73 354 340 287 221 6 92 338 7 25 334 134 187 44 8 52 156 350 186 293 306 40 26 15 115 185 327 210 109 23 99 0 12 144 110 347 352 133 201 110 357 253 331 342 170 133 35 1 46 145 75 349 133 191 317 240 87 46 173 255 39 32 120 4 6 357 108 276 198 173 204 197 276 134 5 337 196 61 261 92 309 152 152 234 238 133 42 334 191 66 11 328 75 143 292 44 278 20 359 119 344 126 74 254 197 359 269 
73 269
173 291 269 122 359 89 198 323 158 258 41 95 53 131 200 154 71 354 232 306 81 277 348 39 135 33 58 295 93 9 91 230 126 333 258 359 250 273 125 292 22 185 264 61 281 83 349 356 344 252 182 70 133 108 283 242 103 96 259 200 82 159 151 344 343 354 87 351 178 327 256 98 224 
320 200
93 244 91 17 44 25 213 197 290 115 224 268 26 126 314 14 280 92 249 60 281 43 100 108 242 74 108 122 166 336 185 218 113 9 230 123 281 116 87 56 90 276 139 27 293 130 155 334 140 28 233 139 179 314 77 161 108 204 113 242 178 248 190 47 129 117 296 167 173 100 223 214 149 230 292 19 112 146 301 30 50 200 18 117 321 178 69 147 141 192 320 305 81 19 54 303 170 266 227 19 60 95 276 100 206 223 349 138 51 284 112 265 56 263 183 202 98 31 158 85 151 98 135 113 8 21 235 278 83 345 162 4 330 124 127 107 321 178 263 39 84 326 315 256 294 267 164 100 21 62 339 23 124 160 282 81 186 355 123 188 4 269 105 183 194 236 81 143 312 159 299 176 127 251 48 308 357 172 172 210 49 101 181 235 138 50 303 62 349 33 256 176 17 180 158 38 324 280 251 234 223 142 267 239 43 61 312 18 1 118 117 218 294 98 86 263 222 92 252 241 348 255 341 260 333 110 358 59 333 333 128 48 232 180 331 34 40 329 131 148 304 38 350 209 235 307 42 183 152 2 53 319 15 223 300 32 202 232 67 23 81 44 354 81 280 347 286 318 8 253 23 235 30 39 73 50 258 126 50 260 227 309 18 93 327 308 104 320 186 268 57 7 277 7 300 176 196 72 334 2 329 143 153 319 65 178 323 161 69 203 42 50 224 241 244 213 181 212 183 306 
276 57
26 102 25 234 206 92 0 308 104 186 245 17 86 332 29 242 85 185 227 178 75 172 139 96 82 316 22 182 267 340 341 0 27 230 328 339 139 104 310 190 33 285 234 268 311 358 215 78 107 248 298 259 356 51 179 59 84 238 113 55 339 190 182 43 89 200 339 217 132 318 259 3 39 353 156 74 308 90 99 351 236 166 113 349 323 29 357 56 317 296 156 223 12 112 184 353 66 164 21 204 289 345 294 274 66 307 110 273 117 92 265 119 357 37 247 19 104 319 43 98 238 354 260 184 173 345 295 245 130 161 20 338 77 144 26 242 66 251 66 242 285 84 29 155 172 228 139 21 288 331 149 33 47 194 189 13 27 348 355 229 356 231 318 219 24 6 206 166 187 35 54 214 157 107 164 142 338 255 228 67 8 147 273 94 302 161 206 282 228 163 329 350 331 58 53 236 219 191 93 159 40 143 196 327 96 82 351 132 142 110 254 221 80 173 51 166 140 353 54 114 158 197 58 216 289 83 28 117 78 159 202 50 80 117 125 220 95 248 339 181 36 20 342 293 112 160 236 184 216 115 216 79 116 210 31 13 309 10 329 236 148 173 87 105 60 332 219 86 116 25 120 171 4 25 336 225 
52 128
32 289 5 230 93 202 5 242 44 84 263 16 161 257 352 267 31 226 245 320 212 60 168 301 75 212 190 129 154 48 312 139 41 349 280 309 3 220 57 201 320 353 326 163 315 337 344 9 315 203 207 97 
205 164
93 4 61 67 228 139 226 95 337 237 234 10 344 60 322 116 243 277 325 3 23 9 210 23 357 78 160 355 23 33 70 273 200 154 331 94 191 218 314 86 191 191 29 36 55 207 164 205 279 321 352 274 47 95 199 173 200 148 349 56 354 263 241 320 185 91 41 171 84 196 67 275 292 331 326 181 9 28 308 60 277 237 39 214 284 18 176 265 16 83 301 49 299 331 109 225 301 93 265 167 83 81 36 153 49 152 108 95 137 31 22 255 141 207 153 258 269 44 89 207 151 177 274 30 41 214 351 57 106 120 289 165 114 84 319 75 31 311 159 348 194 52 93 308 45 50 50 24 197 340 95 129 261 106 323 189 1 181 203 305 85 120 225 333 204 237 354 207 291 62 354 91 256 228 131 39 260 59 32 51 227 211 306 98 32 99 231 210 129 61 44 180 0 112 224 145 118 281 240 277 48 139 250 208 221 
308 280
310 264 317 206 101 274 335 331 131 71 43 310 269 98 319 183 148 123 210 245 29 325 156 99 283 112 242 180 323 67 196 21 60 30 6 285 281 283 109 264 80 159 234 107 200 92 74 232 130 153 303 29 180 8 135 70 305 58 37 139 344 46 349 59 205 18 331 185 205 136 246 121 160 167 208 206 341 259 215 69 183 46 340 34 24 230 92 204 195 217 120 169 277 3 22 261 268 250 150 217 138 27 339 95 228 148 97 207 177 190 294 31 90 171 42 309 8 5 309 224 224 59 151 320 40 218 160 59 21 292 337 12 171 358 287 258 204 50 231 27 27 120 200 15 133 321 352 286 106 357 189 64 292 262 202 282 6 23 84 199 268 3 144 191 81 47 303 263 245 192 57 42 226 269 343 187 340 240 323 242 172 51 233 248 305 315 359 277 61 208 180 4 97 50 212 297 46 243 23 339 209 184 58 168 181 328 150 243 111 244 179 24 49 349 285 72 147 25 307 270 278 33 118 329 83 163 133 101 152 346 333 310 193 355 11 172 39 210 110 351 198 15 340 235 271 173 180 62 225 121 50 324 211 12 195 8 74 257 170 20 81 245 356 90 28 283 86 337 244 47 81 103 350 276 15 198 166 122 303 311 114 296 216 210 68 19 323 239 146 318 144 192 79 156 164 276 161 251 121 354 331 335 1 293 341 282 316 323 
226 182
81 6 336 272 88 12 167 339 319 344 44 289 175 277 290 274 34 193 309 265 195 236 345 257 211 264 210 353 350 70 349 305 253 355 38 71 339 277 307 351 337 238 148 6 183 59 340 12 293 200 317 73 148 9 280 134 298 6 115 175 229 207 318 277 9 283 162 216 75 92 340 24 207 300 208 105 19 29 97 198 18 306 317 144 99 104 202 108 213 289 268 315 72 353 270 219 37 152 116 229 92 263 248 105 344 82 342 196 317 11 263 194 59 189 25 82 195 41 284 127 132 250 257 15 289 340 198 295 324 339 338 51 235 120 322 5 150 220 310 323 84 22 14 351 193 144 307 291 89 220 47 233 27 263 193 357 85 14 77 277 42 140 276 217 280 240 180 153 288 61 76 185 258 330 155 315 354 323 270 92 150 36 267 16 235 323 128 213 352 52 74 59 91 129 56 350 326 147 224 255 160 5 28 53 86 357 285 194 100 199 82 130 299 267 336 196 228 337 232 163 180 315 234 287 192 270 
109 212
56 94 313 221 333 359 342 351 355 81 173 149 51 56 83 246 137 346 124 153 64 347 180 29 154 343 69 209 334 253 226 152 280 148 316 320 303 344 162 234 75 291 5 327 249 274 218 86 317 252 290 349 304 234 155 212 70 56 146 11 325 21 330 192 150 77 157 159 277 115 44 250 282 85 70 218 70 346 266 352 87 315 299 293 42 324 180 0 45 132 295 0 5 115 77 331 170 18 214 285 100 263 216 287 118 50 316 306 168 
101 196
57 304 113 47 109 315 93 132 167 158 226 61 58 132 325 133 140 283 174 136 8 286 342 332 210 2 10 346 145 226 173 51 296 200 50 160 231 227 20 225 317 18 351 229 325 111 192 153 341 112 19 7 208 30 38 245 272 177 172 329 2 322 269 286 88 17 314 187 177 226 330 355 278 359 298 339 341 72 68 57 162 116 230 20 212 78 167 347 71 284 61 58 170 269 263 174 192 230 229 247 216 
35 3
252 252 50 326 298 204 236 334 157 197 197 316 111 270 308 326 217 261 130 8 36 25 334 331 193 74 218 290 45 106 349 96 332 79 87 
254 133
184 216 67 42 330 121 311 51 258 229 209 38 222 166 6 269 348 223 220 313 7 62 45 92 196 262 216 88 170 61 310 22 198 66 119 247 8 64 182 136 157 94 104 323 209 100 165 175 346 159 46 92 186 59 210 102 1 284 77 327 182 224 276 128 208 56 8 94 65 179 314 124 24 112 245 310 294 37 239 300 173 247 357 19 359 1 290 102 75 8 201 349 110 309 27 193 300 334 319 270 165 335 357 279 213 162 26 55 38 345 10 292 287 359 128 104 142 318 211 135 42 296 351 243 135 327 319 306 152 233 52 93 91 281 334 64 77 354 216 117 201 260 202 35 341 38 192 306 181 198 35 126 52 115 168 120 177 88 283 306 166 338 300 86 48 122 156 153 305 2 190 230 344 208 120 130 215 298 93 159 143 4 49 94 56 13 227 219 61 10 98 157 281 268 109 115 354 218 348 149 214 16 218 265 40 90 327 37 37 120 118 252 259 323 158 195 277 48 209 105 50 292 231 291 222 260 206 133 169 216 193 291 98 212 89 300 206 108 73 29 196 238 297 57 242 211 162 194 40 176 139 89 274 101 
259 273
308 187 8 113 108 135 328 252 78 10 113 106 166 58 0 269 325 230 140 357 96 98 118 288 178 304 239 331 198 319 21 137 100 3 84 92 216 294 314 319 216 66 79 250 184 41 71 323 249 250 193 200 43 271 159 118 249 103 233 262 337 129 316 321 75 300 99 258 132 203 188 243 154 223 331 107 356 18 42 68 135 110 31 40 177 343 270 233 97 344 310 261 40 353 298 100 77 218 223 47 337 296 130 77 58 264 55 303 222 114 348 301 286 211 291 180 178 70 125 344 342 314 297 124 256 245 304 31 36 343 277 330 67 208 71 222 342 185 129 314 17 228 23 114 325 150 94 73 331 5 279 261 50 100 139 109 147 248 168 102 213 333 231 35 33 290 212 243 124 162 204 251 52 201 271 247 271 32 245 105 304 310 206 308 15 130 254 327 49 184 58 286 140 261 84 287 197 25 74 124 62 86 123 6 136 247 34 70 15 10 68 338 190 134 150 166 173 325 162 213 86 254 59 124 200 269 333 346 94 325 182 6 246 252 187 191 353 188 11 251 328 199 190 107 301 312 39 292 81 96 10 73 20 225 328 123 108 96 16 
27 189
131 252 358 242 139 317 187 79 133 110 156 23 183 62 256 320 253 357 135 253 175 219 224 229 337 14 117 
81 15
83 130 171 295 179 16 64 336 207 298 242 25 226 161 264 205 56 185 131 129 102 213 108 35 79 86 236 306 193 171 41 330 154 25 199 229 3 273 204 36 337 301 194 336 54 340 114 193 343 237 195 196 239 257 326 327 165 80 10 253 33 6 205 186 321 147 117 280 2 169 305 25 340 258 350 193 86 19 175 34 333 
40 322
7 109 43 349 324 18 18 95 312 152 311 54 136 66 293 314 8 52 15 175 131 162 54 202 169 357 190 58 323 200 209 156 314 344 60 101 283 286 48 326 
190 326
358 64 333 100 94 124 175 338 340 341 141 292 27 86 297 159 169 190 134 272 46 251 34 300 103 58 281 278 7 355 1 10 93 311 277 237 160 161 328 71 146 39 203 149 156 334 40 112 54 257 255 78 299 27 75 134 250 96 336 69 165 327 236 185 277 156 329 146 4 244 154 83 342 133 273 16 143 128 47 244 237 90 9 268 233 112 149 315 97 141 189 201 248 257 30 208 124 223 228 213 297 301 284 134 182 284 150 315 176 251 333 292 163 345 92 200 245 139 174 255 28 325 230 11 330 159 45 209 333 3 118 11 141 47 97 351 224 176 182 329 348 0 209 42 24 34 22 155 58 49 70 335 193 22 275 87 25 271 338 54 21 48 215 18 111 143 351 31 294 228 327 318 233 11 286 103 155 330 262 230 291 120 333 153 344 261 191 244 316 272 
269 312
272 20 85 201 2 233 284 21 332 106 241 202 283 348 342 180 306 308 271 64 333 351 78 312 150 99 341 337 45 298 153 268 82 73 151 351 264 154 93 98 84 213 238 246 325 216 130 119 104 133 171 269 352 304 327 30 15 46 349 221 284 55 75 313 119 177 206 335 333 188 318 332 253 322 167 196 201 347 79 299 313 233 263 358 41 81 31 117 48 100 27 342 351 343 0 127 283 338 312 281 131 188 44 291 66 229 101 264 245 102 324 125 223 242 125 206 147 241 297 230 8 153 347 203 12 97 83 342 158 335 75 128 58 57 209 202 221 115 292 58 8 28 131 262 12 125 159 214 160 220 280 91 357 128 346 285 350 186 181 198 222 220 138 271 22 341 212 125 324 56 232 250 135 181 152 174 287 191 339 1 77 279 245 65 267 248 75 12 244 39 125 208 182 26 3 296 335 151 212 285 52 225 288 40 327 187 156 51 60 124 204 224 22 213 291 120 279 109 84 232 104 58 179 276 331 169 231 254 37 341 84 38 204 100 231 60 52 164 11 227 227 353 37 33 179 49 85 266 292 68 192 191 41 250 260 148 215 161 46 277 259 28 255 49 196 292 337 35 189 
239 209
203 110 314 112 168 107 31 138 152 316 308 158 337 32 138 155 305 259 225 166 48 278 347 268 253 157 340 129 330 222 298 269 311 187 193 243 228 227 298 162 314 351 138 129 326 225 330 8 327 28 95 326 76 242 134 312 232 340 320 64 129 38 71 358 189 333 101 136 184 2 318 249 358 124 73 168 214 138 120 295 40 171 187 342 43 45 315 52 54 321 92 253 198 70 202 257 207 275 69 339 64 210 324 309 81 62 102 321 24 201 238 76 353 127 206 179 266 30 54 261 303 176 189 167 346 184 284 303 103 202 34 103 189 187 44 282 203 249 240 205 191 356 339 311 67 126 168 316 22 276 175 279 143 130 310 160 88 91 246 264 169 184 116 74 266 5 169 75 116 216 290 222 172 47 260 274 312 64 125 184 222 141 218 236 152 190 350 296 69 257 144 118 159 60 80 53 95 79 271 188 260 78 205 139 10 138 11 96 47 14 334 223 269 193 45 170 20 276 56 218 271 313 288 203 91 131 218 310 246 284 244 124 8 137 215 356 272 58 198 
297 149
118 214 300 293 312 206 163 4 246 25 115 173 198 298 323 315 219 239 90 168 282 193 86 132 163 192 199 323 294 318 158 65 354 160 355 161 310 324 49 123 286 221 55 94 18 190 213 113 334 209 183 357 195 138 32 268 6 27 8 293 306 251 46 354 50 234 278 268 166 313 35 6 64 77 211 184 41 168 37 28 176 285 145 335 184 179 112 288 332 31 126 69 11 106 69 326 287 198 44 239 178 72 214 324 96 129 93 82 32 190 63 241 15 147 250 236 99 314 342 315 198 335 172 110 299 325 21 11 175 202 276 126 322 76 173 249 308 345 66 274 289 164 359 216 343 354 248 220 241 25 54 149 123 270 112 65 207 151 145 126 289 98 101 255 16 48 290 107 38 285 199 154 69 206 151 64 39 240 128 194 120 20 15 79 324 163 173 162 290 6 29 85 20 198 76 298 140 265 142 191 37 59 192 284 248 162 273 8 233 212 170 337 157 189 110 80 99 102 156 99 88 127 145 225 18 313 22 213 351 51 48 70 290 118 237 225 359 347 105 197 300 25 97 244 345 339 143 37 99 193 131 16 73 283 78 237 263 355 311 182 56 326 104 38 81 219 135 196 268 18 249 99 247 58 90 212 197 230 312 5 97 257 56 271 78 69 127 223 157 94 15 63 243 156 175 226 327 
339 321
77 167 18 154 203 259 188 86 61 27 145 108 316 297 202 146 138 12 261 19 274 226 172 226 335 164 262 192 119 247 50 139 123 334 167 225 199 179 24 74 281 58 264 122 335 167 272 325 181 313 79 12 246 89 248 332 350 61 68 138 90 22 311 15 39 317 121 204 359 139 162 51 308 59 36 166 257 36 17 262 72 164 236 169 148 252 282 15 39 242 191 210 109 344 355 316 272 296 349 354 10 163 344 217 334 171 359 130 67 262 310 76 11 63 51 78 6 178 65 266 245 49 318 123 333 126 62 71 167 255 269 99 199 12 154 87 294 289 342 169 204 221 191 332 58 102 211 280 285 326 149 83 116 253 83 284 1 348 85 123 291 50 217 50 12 54 191 292 45 249 194 325 313 275 216 128 129 56 262 295 259 283 232 79 167 235 236 120 71 282 62 213 245 354 15 301 293 231 273 48 277 71 289 124 46 45 60 48 85 23 76 309 53 189 121 112 285 59 72 160 140 80 179 337 198 38 92 351 306 248 25 53 313 64 249 29 233 261 19 281 69 1 43 278 84 280 121 154 117 271 223 182 232 19 220 142 41 165 139 332 44 115 0 198 34 149 298 160 198 318 356 324 206 307 123 31 332 217 215 10 311 122 18 43 254 52 256 54 9 51 58 140 50 178 105 289 270 258 267 0 243 72 177 254 15 319 74 201 104 176 112 79 347 55 111 266 123 357 314 61 249 253 169 98 304 97 54 204 146 167 342 251 284 254 20 322 90 265 230 
156 264
258 326 285 347 57 95 22 62 335 177 59 82 322 353 49 109 98 5 256 324 252 223 168 6 276 206 225 62 295 279 339 29 81 143 229 359 20 49 158 188 319 273 139 33 269 268 242 78 292 219 44 72 36 168 39 173 37 155 113 297 112 90 323 9 177 263 270 263 317 312 321 279 255 58 140 59 2 294 68 353 180 243 338 51 148 270 354 210 59 208 154 264 268 220 206 287 233 329 99 71 269 18 111 55 262 154 21 68 75 158 353 225 253 90 209 31 98 119 162 349 298 83 268 232 92 246 206 227 40 80 138 105 122 240 99 3 73 73 252 128 169 188 96 103 65 70 147 279 255 337 262 146 115 51 218 93 
360 308
93 117 61 135 161 126 209 299 192 291 9 331 58 63 38 347 266 318 351 33 120 206 27 65 259 77 51 290 61 52 7 331 282 77 56 65 173 171 92 284 58 17 151 246 352 282 169 187 18 260 102 265 312 28 181 97 121 185 335 179 247 325 328 118 144 36 20 19 222 271 341 274 5 251 140 215 336 338 238 299 15 21 85 292 356 44 341 108 26 293 151 63 4 333 292 181 287 240 258 81 287 30 90 235 293 64 315 347 148 254 4 359 121 242 263 160 83 111 181 209 265 146 182 118 154 234 349 139 211 85 233 299 161 138 318 131 168 274 49 323 357 328 188 164 276 98 294 136 334 159 237 130 165 276 177 199 262 75 87 108 326 297 72 21 212 319 261 248 146 213 335 125 269 247 184 25 140 67 262 153 168 80 121 245 126 244 93 163 19 172 6 132 288 308 77 104 295 33 240 351 145 251 20 285 79 294 249 182 340 269 334 291 40 219 107 85 148 14 324 119 189 293 178 144 82 167 222 57 12 225 2 45 122 106 115 37 174 217 324 175 287 359 266 128 45 253 156 161 88 227 251 21 290 150 70 166 356 306 227 12 108 130 314 261 263 222 5 176 106 312 240 231 0 301 157 51 246 107 314 64 184 305 67 298 273 63 328 270 302 152 239 334 146 221 139 26 32 274 41 114 286 72 127 176 151 304 91 219 354 39 316 220 290 62 291 150 246 336 184 222 295 161 16 107 45 350 345 200 93 241 85 154 331 233 283 199 315 297 295 27 219 105 332 154 246 129 323 89 163 48 163 275 116 357 69 181 58 233 332 298 
116 203
67 86 110 191 71 110 244 197 346 35 289 0 73 355 200 273 172 283 186 331 190 104 247 123 131 270 167 30 80 288 142 61 110 54 86 269 83 269 276 115 223 39 64 181 336 22 167 57 358 215 331 110 350 183 130 90 354 239 129 223 323 231 247 169 168 159 210 328 138 141 250 87 343 16 274 215 179 307 40 145 88 343 250 153 283 219 51 330 153 162 223 311 198 223 163 322 102 68 291 38 288 357 309 73 37 225 54 304 331 296 181 163 197 357 242 87 
60 137
146 300 352 259 77 330 222 125 75 295 205 263 218 140 75 81 65 77 235 248 97 175 226 51 189 159 57 199 113 179 44 87 114 247 153 86 115 22 196 280 316 2 319 126 148 221 3 109 88 17 7 192 179 21 28 85 273 356 123 230 
215 216
159 212 267 158 188 129 332 276 310 279 326 28 70 348 25 197 352 313 339 215 115 89 37 262 53 99 3 111 272 68 7 337 5 152 317 117 59 35 332 170 199 115 201 199 313 47 97 318 277 192 125 11 217 251 281 89 346 217 344 264 252 123 83 266 158 221 34 187 152 200 186 215 257 241 251 198 356 224 132 118 150 166 284 43 329 210 261 27 221 323 312 277 218 291 188 235 140 347 267 338 137 187 183 356 115 36 251 298 81 88 194 5 216 73 60 326 81 60 60 23 345 196 269 229 82 2 72 355 262 178 70 357 138 103 165 56 241 310 280 106 97 292 242 256 356 160 184 88 179 172 267 12 107 241 111 34 311 176 106 325 246 91 93 131 122 124 143 173 229 275 115 298 121 27 289 206 169 350 121 107 97 74 296 207 49 18 176 272 333 357 199 216 15 75 346 154 49 222 295 255 123 72 195 341 308 313 310 245 68 51 160 128 325 75 93 
237 110
309 248 333 52 19 58 178 201 309 140 240 48 17 75 299 105 229 263 120 119 141 345 242 307 140 311 109 141 51 276 74 147 323 148 316 7 342 178 30 329 83 338 17 321 271 137 242 91 198 275 294 98 182 343 3 138 149 83 124 124 40 242 276 156 155 306 178 225 264 63 318 15 99 272 89 7 331 10 266 96 97 305 298 181 340 229 343 352 100 94 12 125 309 230 308 173 128 47 223 38 330 156 181 196 253 32 165 80 16 254 196 212 270 345 248 87 241 196 15 217 311 53 155 228 226 183 190 349 222 301 45 201 277 89 252 153 148 113 181 220 142 129 68 215 145 164 286 113 82 222 114 75 30 67 57 242 135 281 160 170 342 356 45 161 138 246 347 265 247 161 271 165 259 85 214 19 43 148 62 262 194 285 220 219 16 183 141 303 182 132 45 347 7 307 91 105 123 144 326 0 222 258 72 255 137 59 342 276 168 109 151 277 66 283 72 355 162 326 219 333 105 133 313 299 274 96 359 197 330 136 168 223 14 294 190 82 80 
12 11
207 228 286 30 75 346 113 354 241 232 258 346 
329 171
343 85 201 189 173 7 292 330 66 73 298 215 308 270 299 341 237 165 325 96 327 46 290 249 271 120 142 194 263 202 260 118 117 11 301 95 126 62 334 161 153 188 280 324 106 284 342 146 30 289 248 262 305 323 95 41 278 316 0 244 276 284 212 41 323 256 165 275 220 1 265 50 263 98 8 235 119 323 197 336 72 233 353 129 48 179 131 323 20 42 178 233 193 105 299 171 297 49 58 230 317 336 209 351 337 134 24 344 241 294 332 145 301 57 120 39 176 299 278 87 43 259 103 309 54 356 183 358 12 294 320 178 80 44 90 48 342 336 305 350 66 9 304 158 187 302 125 128 255 37 91 307 320 228 111 357 138 174 283 326 78 216 84 68 187 238 63 324 18 107 340 180 182 84 255 31 61 345 25 124 30 93 273 208 94 275 19 115 260 108 123 1 179 339 153 178 23 205 103 29 171 57 199 227 115 98 342 319 201 323 7 1 202 4 312 191 80 30 54 129 222 126 110 320 317 205 244 46 100 315 105 135 173 113 243 8 75 65 213 348 61 34 167 25 80 339 297 184 224 188 97 352 330 124 213 165 309 183 324 345 162 92 228 3 41 346 149 5 207 191 225 358 33 138 172 195 182 49 129 173 97 37 187 115 209 41 13 148 125 130 216 314 44 269 148 253 58 143 280 214 136 329 249 259 304 142 127 260 38 300 12 334 290 349 89 261 190 63 183 295 185 233 300 191 114 133 345 1 36 
268 54
201 254 124 305 255 223 92 91 165 108 78 261 339 175 6 305 202 105 304 105 165 74 144 260 82 208 177 304 150 36 349 352 188 107 150 121 340 117 87 183 81 270 224 23 311 183 75 327 32 101 197 214 16 17 62 301 75 354 31 139 345 79 346 61 124 201 69 112 100 236 34 149 63 46 353 313 62 26 172 348 267 179 353 2 326 194 323 242 249 187 224 97 210 94 5 163 51 161 144 266 91 275 139 33 331 113 323 73 14 52 273 310 126 36 297 334 343 165 218 90 67 253 184 320 259 143 193 213 244 238 273 306 297 238 290 117 37 355 208 1 174 184 139 271 181 136 4 139 7 16 273 122 154 113 161 8 153 3 218 153 117 356 14 64 166 315 130 209 220 21 242 214 92 25 353 245 207 102 246 206 129 314 250 300 174 223 327 130 138 359 138 41 227 180 20 187 162 319 124 79 117 134 28 331 349 175 32 74 129 195 314 91 294 292 201 157 346 321 114 38 222 283 308 243 334 49 15 193 53 128 22 87 157 8 41 204 233 246 75 321 277 143 224 99 188 237 81 232 54 74 204 185 250 138 141 259 20 67 114 89 271 273 285 152 287 91 151 41 
111 162
310 107 10 66 161 67 85 353 337 353 239 25 354 22 232 18 213 348 2 104 310 282 60 42 175 267 138 354 340 191 161 287 226 176 315 1 77 341 19 101 322 161 80 67 321 315 126 28 196 194 345 149 189 197 227 161 101 270 193 210 247 146 269 78 247 82 316 78 48 184 331 181 109 359 241 324 211 99 264 15 292 40 263 145 249 193 1 201 138 96 342 66 109 276 153 72 279 250 66 142 133 121 84 61 203 13 237 189 202 110 168 
155 338
271 297 80 201 42 14 258 347 173 38 58 150 2 194 319 4 164 315 1 67 128 24 266 6 15 183 32 145 194 292 47 284 353 37 265 307 253 353 132 341 158 225 125 259 323 163 112 73 175 81 154 0 88 175 122 119 29 212 258 218 196 346 150 137 112 318 338 134 74 236 316 328 0 153 58 123 163 228 281 156 357 118 20 103 248 43 198 17 307 68 213 264 3 325 35 93 279 238 92 5 246 329 353 58 59 312 128 311 241 129 99 101 21 358 277 103 80 83 6 234 86 165 59 22 119 310 106 358 34 206 235 276 29 345 102 143 172 35 231 274 187 267 297 296 212 71 59 182 21 177 139 63 225 162 206 
55 197
234 14 50 107 169 58 346 183 160 304 84 60 181 93 11 315 165 295 264 93 354 156 262 90 88 131 166 342 205 55 141 121 106 325 232 316 340 293 220 313 118 129 29 76 166 339 239 50 339 252 313 246 350 167 316 
12 282
359 186 243 69 60 107 8 4 183 145 241 231 
91 21
47 353 166 146 180 144 109 5 267 169 284 72 232 304 90 286 139 203 307 295 125 293 2 205 67 182 179 88 204 12 317 208 107 128 197 280 165 337 322 139 233 6 26 98 35 307 62 19 90 195 16 342 273 262 102 36 56 134 246 32 188 145 98 225 72 311 190 140 238 73 242 107 93 97 304 190 57 275 17 289 291 181 305 276 183 41 56 68 215 359 315 
19 292
341 80 272 263 235 254 43 85 273 149 275 82 257 352 177 138 203 123 246 
46 131
88 0 312 171 257 32 94 148 73 304 95 43 107 291 180 297 83 161 299 218 95 99 207 8 278 284 276 237 351 215 212 202 344 338 212 264 140 265 341 324 11 78 306 264 2 67 
320 180
108 285 328 346 252 134 74 307 0 294 21 324 29 346 282 67 251 270 152 148 224 110 137 341 331 74 293 150 348 80 265 137 115 244 190 276 280 279 299 319 15 188 85 264 94 51 12 83 183 122 279 5 275 340 70 116 275 132 189 68 45 146 309 313 121 39 205 107 66 64 252 309 273 68 270 278 95 189 171 165 200 232 291 200 49 114 322 143 94 256 301 292 202 240 112 329 47 314 164 300 151 348 122 310 159 27 78 125 358 244 140 112 126 323 331 142 139 290 67 249 64 240 221 155 35 335 128 238 337 62 232 240 314 276 134 214 243 243 140 283 186 0 129 37 108 0 80 67 243 35 354 62 122 73 314 166 343 52 47 206 54 60 69 248 350 257 96 160 24 148 153 216 315 79 343 222 115 44 277 299 359 323 97 343 128 95 196 209 49 184 219 291 286 351 330 54 320 82 110 274 49 5 49 137 37 20 227 308 15 238 93 255 139 307 40 42 98 142 229 161 187 351 168 261 169 318 68 347 323 197 344 44 212 45 46 314 6 183 256 142 94 85 216 7 73 209 292 333 351 228 66 293 127 327 292 332 260 266 151 23 71 331 353 293 334 251 291 161 46 184 82 271 192 157 115 162 6 52 208 232 325 279 75 39 137 204 241 257 249 289 8 188 282 357 131 305 180 109 8 207 109 229 261 170 85 172 285 98 115 335 21 336 2 13 123 213 192 176 101 253 
194 153
234 332 143 274 225 136 18 232 227 355 167 94 160 119 304 255 264 338 29 126 9 238 28 301 145 165 99 105 113 83 210 12 42 215 2 155 45 244 10 215 127 266 231 61 29 356 170 229 313 201 34 108 104 45 78 94 266 280 154 108 12 47 114 206 270 341 199 260 9 160 242 69 214 165 120 136 99 131 143 73 280 149 291 93 222 80 288 275 168 323 80 215 294 182 210 36 273 312 101 300 85 270 306 42 135 51 259 264 1 325 266 299 191 292 178 223 282 357 284 139 341 289 83 91 228 85 266 31 159 288 135 198 331 242 26 234 200 51 259 74 100 120 214 27 119 34 6 328 224 184 264 112 53 170 339 315 88 253 315 66 183 78 197 269 284 237 101 42 75 72 27 244 169 90 222 293 164 69 255 338 336 311 48 203 0 82 59 247 46 264 220 196 10 285 
52 347
138 268 232 234 338 109 325 268 244 283 331 147 93 358 197 111 98 190 10 233 69 121 170 156 110 4 221 243 353 14 185 151 262 289 167 23 170 8 112 179 150 114 347 90 188 33 343 270 166 284 79 272 
352 18
246 228 65 225 333 189 347 292 206 324 106 189 24 3 110 348 13 189 227 351 309 0 48 13 134 355 186 76 4 207 161 322 336 81 123 3 116 336 275 25 139 242 72 195 239 31 62 267 130 192 226 355 302 308 289 34 256 328 255 160 242 98 18 179 134 91 119 231 69 193 247 63 276 37 174 141 273 312 240 122 339 69 98 127 55 357 290 280 146 16 113 352 91 169 41 244 301 88 271 203 192 93 221 325 134 320 300 113 124 37 72 348 340 104 182 96 359 11 248 157 229 324 211 120 259 172 182 301 195 103 134 261 187 118 354 278 358 171 175 107 349 145 208 316 46 352 211 60 269 66 348 290 40 349 347 280 236 72 223 196 295 17 102 32 186 83 120 71 169 100 285 116 182 141 82 185 100 334 134 23 141 190 53 207 133 7 7 203 183 50 120 251 31 97 212 178 302 270 190 226 125 11 265 103 267 277 50 6 134 292 252 342 321 257 236 9 185 315 38 255 203 228 158 81 316 236 103 249 220 238 82 131 189 218 217 199 298 236 302 95 160 322 114 226 42 30 279 76 35 53 95 296 48 216 218 322 97 148 162 255 312 205 23 184 355 260 110 276 265 183 140 359 76 62 26 147 341 223 218 225 233 98 48 6 305 233 253 276 27 339 289 241 189 99 25 64 71 283 61 168 131 146 137 48 179 39 56 320 8 246 52 117 344 209 289 201 208 353 333 275 169 240 136 155 26 202 138 185 322 339 44 201 294 160 303 120 15 346 232 264 342 148 287 204 315 153 309 172 271 348 289 239 
22 189
57 47 23 340 23 29 155 105 2 277 153 90 308 20 61 58 131 162 170 337 210 212 
79 197
95 213 129 231 87 226 155 147 85 186 188 0 95 17 335 188 43 339 117 215 51 233 198 311 310 271 127 56 141 319 42 212 199 284 29 313 91 97 131 191 43 259 311 216 199 87 273 335 240 62 254 265 124 275 97 320 142 72 3 327 240 99 118 11 298 38 37 330 188 148 190 29 127 93 324 66 344 104 136 
99 211
148 188 354 323 113 50 91 68 82 11 359 164 66 278 222 193 165 330 341 111 233 126 27 139 206 294 317 120 33 136 147 339 248 237 104 161 315 57 157 124 28 232 284 119 320 243 143 92 254 76 80 253 82 216 223 318 232 170 58 180 71 196 283 285 171 227 187 275 11 64 118 263 308 180 270 123 39 190 274 76 127 140 327 67 211 18 90 90 266 301 210 43 278 1 227 214 354 258 349 
20 250
156 332 276 123 212 347 192 39 148 223 341 111 43 135 172 43 287 250 13 47 
293 195
240 191 355 269 333 27 317 47 124 120 313 25 2 77 24 247 50 281 176 214 340 159 52 77 284 280 98 198 344 187 331 351 161 119 184 84 303 231 164 56 221 342 316 242 128 219 169 321 176 276 52 101 193 246 3 159 358 302 302 23 278 210 195 289 23 257 262 12 20 33 33 172 298 46 350 290 20 150 134 247 75 66 186 275 192 17 281 209 297 355 143 284 188 250 174 0 267 294 70 351 181 244 278 46 315 79 201 322 285 299 287 248 331 144 250 241 108 219 37 64 359 189 165 27 101 230 54 297 109 87 60 51 222 121 42 227 309 228 108 144 285 288 235 64 108 85 136 325 31 83 131 122 245 236 311 33 181 118 114 141 313 106 195 313 50 73 73 113 30 72 308 230 173 70 306 222 221 234 131 104 310 193 283 136 129 156 303 245 7 284 255 72 209 42 20 136 347 213 12 61 238 122 62 168 202 325 142 92 267 230 22 59 316 186 150 20 291 58 148 359 95 301 185 173 287 101 176 109 23 225 121 195 192 7 15 331 121 287 50 61 99 348 220 217 210 306 19 269 297 347 283 287 13 158 200 111 36 249 314 161 151 359 332 344 257 152 327 106 240 276 1 296 305 157 217 313 333 78 93 107 270 53 114 192 220 62 9 19 144 163 178 235 277 
153 155
203 174 346 161 275 133 155 246 3 44 129 271 265 91 320 285 74 152 151 43 194 267 283 259 187 27 191 19 144 88 242 149 96 318 18 16 37 119 359 321 237 31 82 331 286 80 281 5 3 34 97 43 118 187 340 268 318 341 284 166 25 197 233 183 80 18 65 134 237 207 346 0 340 119 162 141 71 323 162 333 190 189 266 27 184 78 289 158 183 310 260 186 123 359 165 235 296 305 68 224 151 197 302 146 89 74 122 37 332 77 7 120 95 205 148 30 146 147 53 112 171 119 345 117 325 245 271 1 2 358 157 89 166 133 347 13 249 100 291 29 252 299 145 294 3 206 21 236 220 55 274 185 185 
264 239
210 309 175 25 151 139 172 268 129 220 37 264 340 214 321 333 36 68 285 23 45 129 179 33 275 24 59 358 264 70 339 54 328 151 138 333 344 68 168 159 50 178 221 211 81 81 316 303 31 339 338 70 18 94 183 126 279 27 212 114 92 296 174 37 122 359 25 75 198 153 231 61 225 103 40 217 151 200 132 161 326 64 343 214 62 165 48 257 281 63 271 121 117 330 10 138 246 82 47 350 103 347 337 196 303 275 260 110 124 199 288 136 316 294 227 128 129 6 38 334 200 216 122 286 13 299 128 169 225 119 64 54 109 204 99 170 169 156 13 21 126 171 23 130 164 325 256 178 147 52 337 312 3 35 107 204 349 229 16 184 4 256 87 173 130 122 156 229 48 85 175 351 11 182 298 160 37 302 100 72 100 278 19 121 7 78 189 222 260 277 268 69 345 28 50 34 113 45 285 9 255 280 95 120 99 285 31 197 181 287 116 89 38 245 315 358 262 139 39 180 324 259 260 71 6 313 223 331 118 188 293 8 223 358 222 63 357 99 253 293 178 230 215 303 17 170 202 303 288 3 300 149 175 261 222 232 87 321 6 123 171 340 195 119 
117 276
286 304 37 354 90 270 205 155 159 204 101 137 102 16 61 29 153 35 65 292 307 340 116 193 40 269 329 114 346 215 309 109 24 297 20 119 340 221 110 152 234 158 69 109 129 334 242 325 313 297 74 61 213 290 186 94 182 87 320 166 243 28 321 137 106 65 1 124 53 281 223 292 294 356 242 180 6 54 330 58 46 58 102 73 252 306 85 286 173 308 351 169 315 332 15 242 182 329 158 83 319 140 333 251 179 228 322 182 56 121 63 232 238 261 219 81 262 
34 216
32 220 161 201 166 211 17 104 323 287 185 291 86 155 131 92 332 299 103 299 114 289 271 28 339 197 152 144 296 228 89 309 194 311 
310 193
314 156 272 98 140 91 138 141 76 8 30 306 128 58 99 297 84 48 89 36 71 332 246 267 331 287 30 40 130 295 109 72 32 116 195 163 93 48 96 288 226 359 185 158 126 110 81 301 22 348 187 170 260 85 159 13 359 115 88 155 180 73 229 229 294 140 189 253 317 333 340 303 328 250 26 20 264 347 227 344 164 248 273 188 68 83 326 194 294 124 87 124 336 322 9 37 356 332 262 173 340 201 272 91 114 131 291 289 148 148 111 296 22 294 220 70 203 181 199 229 177 276 297 133 12 76 209 306 297 108 278 264 84 171 89 77 52 177 293 317 216 256 88 27 300 250 106 130 278 124 198 69 219 61 287 14 251 196 168 260 324 333 204 59 135 334 255 55 222 228 210 356 100 4 89 104 159 76 159 320 205 326 37 262 138 333 137 139 191 219 6 194 274 165 271 220 256 115 235 22 230 132 45 135 11 44 124 338 109 0 210 177 133 81 342 12 36 45 125 105 47 265 108 91 278 115 60 81 240 335 144 180 117 266 58 285 255 49 271 355 280 222 88 322 270 209 127 2 217 278 120 351 214 2 28 268 250 197 146 315 75 221 146 347 113 315 83 105 159 165 74 316 258 24 271 105 332 109 23 97 222 237 77 227 41 48 194 64 318 13 155 271 48 90 69 195 339 184 185 220 57 113 48 263 271 40 139 30 217 308 
113 243
109 152 114 259 334 15 193 150 218 140 226 45 61 4 193 206 2 284 184 318 144 158 157 165 334 144 162 246 127 243 101 87 158 115 88 26 57 119 248 84 197 314 349 137 182 353 300 318 148 63 89 96 206 351 279 313 326 354 140 280 150 302 310 322 35 104 145 332 221 314 162 152 160 350 278 224 228 200 222 290 38 188 88 354 229 12 150 119 275 198 212 170 303 13 50 121 144 355 326 304 81 231 106 258 21 92 297 347 72 355 66 93 286 
111 269
235 85 59 314 228 179 266 324 26 183 144 320 250 194 190 103 176 211 15 151 170 162 348 170 54 160 175 284 225 124 46 111 321 214 232 202 144 34 357 176 174 343 268 352 340 276 355 130 97 297 104 274 113 153 180 18 87 201 23 254 43 262 141 153 36 63 288 240 261 76 217 216 147 314 293 174 204 228 331 313 29 304 74 75 345 246 110 20 302 50 38 122 306 303 254 295 144 264 340 256 231 228 181 108 125 223 20 101 325 307 62 
302 116
196 26 320 277 153 74 330 245 128 204 111 348 28 49 326 191 191 331 40 77 316 282 293 53 345 342 166 305 64 46 147 280 98 11 282 24 299 344 87 143 297 165 352 41 32 183 112 257 294 348 337 134 71 83 321 96 153 194 290 300 254 237 268 53 222 260 132 124 221 19 61 203 48 161 352 38 48 338 120 242 215 195 250 144 100 343 38 309 55 242 65 271 225 237 25 162 156 242 109 55 292 238 201 249 174 287 294 115 21 22 109 315 10 58 32 196 294 36 212 90 2 137 139 134 4 11 192 173 322 340 144 300 253 49 3 113 203 14 197 315 299 306 78 169 279 170 181 66 8 198 233 78 39 15 75 41 245 161 190 155 138 164 221 355 198 143 114 346 348 129 58 54 5 54 311 18 251 86 24 281 148 223 287 125 329 271 162 73 97 243 142 114 206 147 203 8 317 74 144 41 145 5 124 263 276 349 301 11 339 299 184 297 59 285 45 99 114 81 279 262 85 273 325 301 120 129 295 171 143 59 210 303 85 149 151 213 16 262 127 112 189 201 240 325 214 231 270 65 155 6 174 202 30 116 260 190 158 307 320 233 10 190 231 250 155 137 356 188 266 75 22 163 343 279 211 144 61 129 14 279 292 100 305 222 33 241 79 130 60 163 294 291 211 276 154 327 356 73 81 207 98 84 
304 66
258 186 249 327 142 35 120 209 250 272 7 211 147 99 325 93 59 357 338 83 28 282 64 281 148 3 20 321 319 154 46 145 294 139 101 308 48 235 341 346 138 156 61 310 77 13 1 154 0 356 110 236 50 4 187 186 209 344 217 80 15 312 107 186 14 130 284 60 318 199 57 320 309 195 71 259 182 82 14 245 59 343 52 264 302 149 359 156 224 136 123 164 137 82 167 92 213 40 222 29 287 207 117 181 140 74 298 237 171 256 21 57 331 230 81 321 275 315 334 251 140 170 101 110 128 74 217 318 227 75 256 54 300 36 63 112 17 113 23 71 165 337 178 196 217 206 43 289 22 102 241 224 310 40 57 88 351 175 307 48 108 118 272 159 191 264 340 192 74 309 123 157 251 126 332 323 63 305 131 232 26 79 249 131 164 356 97 46 171 208 242 96 61 153 82 352 121 297 269 348 337 188 66 240 203 240 299 12 67 201 337 258 278 295 339 167 38 72 203 46 234 236 19 140 216 33 174 295 135 18 266 117 74 279 104 42 67 284 31 73 137 292 205 16 271 71 253 224 165 59 176 99 69 15 247 44 29 351 291 329 356 186 315 34 262 87 274 132 31 209 98 337 71 145 8 38 55 220 76 5 309 52 92 108 326 301 15 211 195 89 116 285 37 276 285 181 162 214 131 138 44 198 284 313 
297 347
54 163 281 33 164 90 153 176 147 85 110 347 181 3 126 254 81 212 75 169 252 47 288 307 212 295 70 203 246 213 283 310 353 97 94 166 176 153 268 117 26 81 160 274 231 98 60 67 311 296 221 115 312 280 100 290 9 225 275 17 82 66 255 259 276 271 118 215 209 118 10 75 62 255 273 193 41 149 19 134 137 241 48 53 242 232 340 291 132 112 325 130 211 181 36 289 328 139 184 219 324 291 209 8 149 304 160 156 43 265 153 348 173 109 359 226 154 174 158 271 153 170 187 125 285 241 211 241 159 315 27 233 21 197 199 16 316 241 186 34 310 208 330 60 231 122 51 274 193 88 348 240 328 125 327 66 7 316 30 22 348 353 131 97 206 217 295 20 164 246 52 129 111 135 178 68 152 251 0 358 118 49 30 66 132 260 321 64 275 103 230 110 207 216 66 274 147 144 5 150 229 48 133 156 228 195 35 252 12 179 14 6 60 72 113 133 45 294 63 235 339 349 166 280 184 271 293 160 66 24 77 68 300 343 178 261 17 84 290 83 217 7 230 32 252 292 336 343 54 315 346 11 331 209 148 285 87 266 325 114 195 181 84 267 229 144 283 290 2 41 21 193 151 51 30 351 342 223 208 135 60 210 268 277 203 290 324 242 335 63 45 338 230 108 33 160 302 
12 290
263 206 190 211 235 313 268 286 25 202 189 263 
294 279
192 110 281 283 228 2 355 166 272 149 338 48 125 321 75 142 149 13 245 77 130 10 24 49 287 19 11 323 72 313 196 11 342 95 219 247 340 35 41 323 228 337 181 240 322 134 234 266 44 172 69 112 96 219 178 70 344 204 138 172 180 251 240 205 217 177 326 77 80 196 1 129 48 151 180 259 103 84 344 157 138 326 168 97 354 114 252 264 343 278 239 211 79 296 3 173 159 295 271 5 269 112 297 213 196 200 301 306 46 100 270 345 95 12 54 230 145 326 217 153 35 295 283 99 279 52 349 45 330 263 229 324 99 140 213 58 308 208 115 344 256 99 93 56 23 87 326 149 37 319 200 336 39 206 25 62 130 198 245 242 114 204 8 28 92 77 199 251 223 353 225 95 92 175 47 256 191 312 112 132 317 193 12 211 326 187 78 316 15 289 49 254 273 115 98 52 185 66 257 230 337 320 321 194 48 355 308 82 341 302 200 17 58 118 320 101 43 266 247 258 36 225 346 3 79 44 132 268 135 357 280 112 200 53 289 358 151 86 195 207 2 319 165 99 358 186 234 244 231 258 177 258 60 185 11 178 336 66 349 218 228 114 290 159 40 206 266 242 107 148 128 312 259 245 92 359 211 261 218 311 56 68 106 275 225 109 58 233 64 125 199 221 78 289 
271 230
75 138 241 107 87 236 12 76 333 70 358 68 268 178 112 333 16 75 58 16 347 28 144 259 322 106 232 103 163 42 179 72 53 356 255 342 171 168 54 5 281 59 160 126 312 328 350 335 141 193 6 350 244 301 109 5 227 143 250 159 157 323 336 191 320 147 23 316 293 152 301 148 252 181 114 220 52 1 244 152 58 346 47 61 217 182 176 280 97 294 0 307 36 162 357 254 315 13 262 170 32 140 358 14 212 346 166 222 186 133 206 356 307 136 112 270 327 285 43 168 348 12 87 302 317 110 229 137 349 347 133 110 142 73 36 223 60 30 352 104 233 358 276 222 297 297 108 233 250 351 0 190 338 160 294 232 212 245 223 28 53 85 99 129 132 353 266 335 143 207 144 212 306 292 154 262 309 149 215 141 213 346 92 238 354 178 204 235 251 129 79 127 260 156 8 134 68 201 264 266 87 307 18 320 329 343 17 187 301 241 31 206 138 332 133 312 214 87 212 69 312 93 154 262 245 46 59 291 300 8 12 19 353 111 7 95 16 202 30 133 201 215 295 286 30 250 52 53 75 322 282 124 244 319 158 95 125 15 229 236 137 81 227 326 104 13 159 295 117 29 179 
150 272
109 310 118 53 44 147 151 82 80 180 353 348 52 109 59 309 276 73 43 349 253 67 50 28 67 183 335 129 183 6 301 10 245 1 151 115 229 181 55 204 319 91 290 57 98 221 93 290 320 339 43 88 35 138 231 202 131 95 342 85 46 275 120 236 292 3 279 256 192 166 213 122 191 217 228 142 67 226 58 58 335 136 336 10 151 276 132 165 4 143 46 274 107 103 3 342 322 92 241 76 72 50 2 234 54 19 291 108 267 132 309 164 0 52 290 116 351 88 74 105 136 111 213 341 300 49 107 335 23 324 36 197 245 116 310 287 187 154 89 237 294 104 356 335 86 50 115 245 192 295 
