99
328 79
278 224 38 296 178 356 270 326 159 43 187 25 233 146 7 26 166 90 55 301 313 39 142 230 34 98 19 234 156 333 282 107 111 92 7 306 65 97 10 131 248 19 27 194 1 144 56 153 298 75 111 119 13 80 71 147 334 212 244 3 279 177 290 214 100 70 321 342 241 99 26 189 300 89 243 226 136 325 298 117 275 170 318 180 309 12 96 267 331 231 29 251 264 161 359 117 290 351 109 198 356 25 308 179 326 282 110 255 139 283 224 49 122 32 45 19 136 66 302 161 110 36 131 357 281 171 285 60 64 216 105 26 308 84 130 72 300 245 184 350 271 93 5 299 43 262 105 45 183 193 6 52 246 219 79 46 273 259 304 55 272 272 75 346 299 90 236 1 53 136 106 184 327 300 353 254 58 69 23 59 328 303 128 81 358 88 250 145 104 284 283 5 49 305 87 162 104 217 217 78 11 155 247 286 336 297 326 227 228 177 75 205 149 320 139 116 304 20 70 25 322 323 258 67 59 292 219 25 13 156 38 242 139 31 43 152 349 338 27 287 277 240 334 349 42 297 329 46 244 142 260 332 206 354 123 60 144 128 91 179 216 103 221 267 231 255 304 322 175 333 288 245 140 124 330 333 144 241 194 213 16 234 237 186 106 334 42 178 197 115 196 296 218 168 66 136 31 217 233 354 42 111 278 319 334 92 226 324 32 150 102 63 229 258 103 28 313 348 66 179 166 268 175 75 72 128 232 62 
26 130
60 326 73 77 203 213 136 61 94 59 255 113 50 42 88 178 94 139 9 193 25 286 142 179 120 340 
165 281
37 115 342 78 154 162 200 251 278 201 173 184 102 132 326 191 167 153 153 229 193 317 187 171 47 354 299 140 113 32 55 46 353 21 310 87 259 342 181 0 164 62 189 62 246 162 346 110 7 283 147 182 345 278 277 122 316 146 162 260 176 140 12 351 225 3 243 159 118 352 190 171 133 35 157 292 289 308 28 334 198 329 257 26 26 152 248 225 105 179 279 291 158 300 61 287 312 209 295 203 227 81 226 100 48 180 21 198 123 101 51 15 108 98 95 1 233 308 235 97 31 200 151 154 77 15 0 353 304 95 98 223 169 313 198 25 179 22 349 306 68 255 316 157 337 50 193 334 283 135 19 291 292 351 323 41 43 187 301 100 295 133 278 131 309 
256 112
123 169 289 345 344 75 333 108 151 257 287 246 143 16 55 204 33 349 39 317 336 301 355 198 106 343 135 344 228 59 108 132 70 186 32 190 22 336 238 193 16 53 316 250 88 124 336 284 21 86 252 157 181 201 113 356 137 318 326 2 185 251 58 93 20 305 61 85 39 166 106 197 298 118 309 16 36 334 113 226 279 149 42 190 88 81 117 359 345 45 136 127 62 6 54 329 121 248 176 204 324 218 64 68 342 185 300 184 9 250 244 145 293 271 302 212 214 146 277 171 175 211 140 74 206 60 190 350 19 85 133 177 244 122 261 191 96 4 190 311 106 261 211 179 184 7 175 284 99 138 92 66 20 150 317 67 35 319 22 209 13 153 49 19 194 149 44 150 296 161 32 263 35 254 203 289 245 211 257 182 268 25 186 196 155 200 230 222 217 200 30 206 227 17 136 38 53 84 110 270 132 124 257 287 303 141 265 230 47 65 214 25 329 11 130 205 49 99 246 242 54 340 290 88 61 118 299 20 285 350 260 52 322 61 320 217 263 203 76 357 82 339 85 42 73 153 125 8 138 64 261 339 296 4 181 345 
177 221
244 65 247 344 194 133 112 249 350 55 242 341 163 167 345 222 79 242 183 283 43 48 357 154 150 28 315 247 257 347 26 228 339 210 347 250 117 356 265 166 197 105 158 89 124 144 89 129 235 92 218 274 9 247 198 60 273 260 99 298 30 106 115 302 116 165 249 112 177 351 29 257 149 75 154 252 130 309 65 2 100 111 324 113 2 253 194 74 162 305 76 203 273 183 214 262 320 50 286 214 191 301 88 291 273 245 19 113 237 120 247 80 28 35 162 55 60 16 299 88 298 83 264 95 327 193 111 36 28 115 75 186 232 109 24 224 107 306 53 244 156 56 66 199 130 146 107 21 113 52 299 140 9 79 44 145 150 14 203 327 266 173 215 13 304 23 142 208 59 9 79 147 73 101 213 235 357 
223 218
275 28 20 37 12 65 276 157 317 278 351 187 74 143 174 265 188 25 92 90 23 199 17 97 154 9 294 164 161 136 304 279 55 234 45 35 135 244 204 275 190 307 87 326 215 171 143 93 311 111 9 36 315 303 79 110 49 148 103 281 132 296 7 26 345 150 228 98 247 62 276 25 55 68 282 92 229 274 156 101 324 77 240 72 211 173 308 222 311 263 233 220 174 317 134 3 64 26 83 356 35 91 342 317 354 191 260 213 274 174 96 272 198 112 257 272 144 225 211 14 100 238 58 75 63 49 61 156 349 95 167 310 324 138 347 174 339 314 224 140 114 17 344 107 250 218 345 146 348 74 20 126 80 89 72 71 313 173 246 198 57 85 268 10 20 307 151 146 324 330 113 252 275 253 355 220 258 243 312 310 202 16 202 122 205 93 348 204 96 7 285 291 254 145 288 319 308 311 339 126 344 78 247 120 98 77 38 127 22 43 92 147 276 102 282 141 246 127 140 43 152 207 126 
34 291
236 289 79 186 123 233 114 77 194 13 200 273 323 242 348 255 249 245 114 293 226 136 112 159 201 22 243 7 265 70 311 57 142 156 
166 75
263 167 296 145 119 166 141 347 311 50 82 286 50 194 331 143 158 174 28 157 175 289 135 221 326 253 212 129 224 17 178 306 264 323 5 339 18 347 271 14 123 47 146 42 113 230 137 269 96 170 123 200 211 301 131 197 343 37 115 339 27 201 136 212 266 17 348 261 16 216 253 137 285 86 4 185 117 264 91 18 271 5 13 209 79 107 48 359 25 200 302 290 267 314 269 328 247 354 0 251 289 100 40 159 217 50 295 333 221 165 243 240 356 185 16 198 325 150 15 94 298 74 101 219 174 208 96 55 41 201 137 109 257 116 276 9 103 165 126 192 313 25 139 279 18 356 14 228 229 262 197 5 7 97 1 215 288 99 19 287 49 166 2 68 199 113 
268 182
340 41 240 136 343 257 46 123 251 137 162 260 168 174 266 253 211 291 187 61 168 57 220 214 95 83 123 158 48 209 191 15 228 334 293 7 92 227 45 64 354 75 353 74 357 80 191 315 237 42 302 101 300 153 180 136 70 291 286 214 255 173 167 270 163 129 216 169 55 142 6 81 315 248 239 26 153 204 265 133 28 226 303 284 300 196 106 12 144 348 64 247 332 128 113 114 239 149 163 24 204 164 213 30 28 139 99 45 52 248 272 232 343 134 201 317 166 58 50 280 196 284 87 105 300 27 165 115 273 281 21 200 329 202 292 6 308 260 134 304 196 293 129 322 332 235 113 285 188 249 112 312 126 279 46 30 259 85 244 63 232 244 104 223 295 122 355 173 278 288 113 88 322 254 120 113 273 195 83 223 87 45 187 63 305 13 133 104 262 295 6 221 84 49 140 295 188 237 104 324 204 299 96 196 341 258 49 133 194 332 92 177 143 221 146 122 226 152 225 18 318 111 172 205 53 63 283 72 221 94 212 116 291 245 2 85 39 272 99 291 214 309 13 265 348 222 272 341 36 255 9 287 167 352 290 65 291 42 163 319 346 296 150 255 282 44 186 304 
111 35
239 183 197 257 305 328 99 79 263 218 136 57 307 267 91 154 261 219 329 28 49 29 334 302 36 307 334 90 124 289 80 70 66 66 53 216 204 220 348 55 274 106 228 312 271 185 197 142 308 201 290 332 131 158 186 117 98 265 236 54 149 86 87 316 343 270 279 329 76 58 135 348 300 340 175 26 315 70 67 358 123 353 314 200 48 69 272 304 79 15 264 167 171 55 150 183 162 228 266 11 254 266 304 217 275 180 84 281 89 152 340 
291 353
283 96 114 132 273 240 90 56 65 170 350 254 285 319 23 193 239 233 347 209 223 137 275 262 339 150 250 51 74 223 46 314 65 205 359 107 146 289 333 39 206 83 188 66 333 71 16 304 139 30 151 340 186 270 229 155 227 328 236 45 149 252 192 55 120 127 49 175 65 300 57 38 232 292 29 140 159 209 48 45 339 212 90 290 331 342 49 327 161 347 205 231 343 53 97 88 346 147 208 185 269 254 332 74 280 82 344 294 345 45 239 290 176 123 140 80 213 131 303 271 274 59 148 286 251 118 214 218 204 302 320 22 193 332 100 32 265 185 43 65 185 245 221 289 101 209 285 358 184 206 44 128 147 180 102 234 45 312 206 8 302 305 150 3 154 333 286 316 283 207 75 85 235 254 290 189 145 309 235 155 32 353 225 148 94 181 98 305 236 229 94 268 277 19 254 17 257 33 170 196 252 187 45 162 275 228 317 204 256 135 312 10 314 269 101 268 78 247 268 146 16 134 167 253 222 35 224 294 61 147 120 137 162 48 274 59 94 60 331 275 40 172 277 296 302 56 273 30 122 217 187 304 35 334 261 2 359 175 337 312 67 170 330 323 19 63 168 310 255 223 343 294 166 208 59 301 79 45 135 334 129 123 164 106 250 288 269 55 226 24 209 
217 143
308 173 117 33 220 41 96 165 308 94 129 339 191 305 329 165 76 140 7 32 302 256 143 101 231 122 28 296 183 135 350 255 335 152 81 150 332 156 294 225 186 328 145 301 146 138 204 191 216 320 148 354 332 298 184 110 314 42 34 5 294 44 76 137 284 121 147 15 155 334 96 138 288 116 301 130 153 93 294 262 180 348 207 315 327 212 225 301 116 311 62 312 220 144 238 79 150 260 319 119 236 24 261 193 216 186 345 121 114 346 340 355 323 40 358 100 327 4 141 81 157 25 56 139 62 280 299 234 105 201 277 113 324 40 247 130 338 132 64 240 312 34 177 285 110 253 236 64 308 2 39 348 90 351 246 162 10 339 153 265 65 156 83 192 190 33 339 244 168 133 152 316 170 159 10 23 273 201 303 61 128 224 288 82 69 207 142 351 135 159 86 101 13 121 195 45 127 104 104 274 9 148 99 168 331 136 292 181 189 15 294 125 32 111 41 318 230 
275 171
100 351 223 33 19 325 163 147 346 99 12 32 92 225 240 190 37 142 202 250 99 66 3 175 304 85 157 336 225 235 287 124 107 193 113 195 16 284 28 29 8 225 79 187 176 346 193 56 78 359 23 351 338 320 76 22 272 253 81 170 23 225 228 218 152 138 46 20 147 249 205 351 163 291 238 86 149 314 72 272 318 100 104 357 79 278 2 82 135 224 34 299 322 89 357 35 0 83 150 140 329 273 137 122 152 38 162 190 142 119 208 99 256 244 359 133 146 274 96 81 286 233 54 115 163 311 19 207 357 337 197 258 287 65 318 110 238 267 268 95 316 332 149 217 268 87 336 192 330 108 28 284 223 5 86 192 280 102 289 187 115 177 12 21 330 288 32 216 335 70 48 320 107 224 176 164 232 13 102 118 71 252 274 247 149 177 17 252 83 252 97 101 117 251 329 340 270 303 358 262 278 173 43 221 156 333 78 126 291 323 284 240 263 147 153 292 76 9 194 21 278 137 237 238 205 302 293 75 267 84 322 77 92 263 104 191 288 314 222 108 168 287 37 104 348 226 197 112 126 168 293 251 19 79 61 183 154 167 91 349 102 20 115 139 184 296 265 192 172 312 183 208 114 327 343 
237 241
67 95 117 260 277 171 315 353 316 10 190 194 129 84 262 335 23 325 314 311 263 131 297 105 34 226 240 197 218 266 112 77 85 175 266 275 95 311 195 268 328 93 54 179 12 216 303 187 54 325 193 300 159 338 165 262 198 248 254 23 22 338 55 283 16 359 308 108 101 271 8 318 12 171 172 134 28 24 279 136 165 188 206 162 356 331 227 202 319 87 127 294 255 141 116 41 267 65 297 280 56 184 248 134 289 215 53 254 274 339 332 303 268 219 5 110 66 65 156 331 358 319 137 121 93 267 10 40 11 151 149 152 54 300 78 321 331 100 293 21 263 211 63 240 41 348 40 12 231 121 113 69 191 121 129 93 94 60 178 104 36 125 44 29 279 326 219 97 239 330 338 226 52 241 230 91 331 258 316 47 337 169 113 183 261 169 83 358 14 35 109 18 241 168 111 287 236 32 190 287 154 333 54 272 33 316 270 158 270 284 7 290 115 35 292 350 14 252 353 280 359 211 150 28 208 81 246 137 65 240 168 36 304 50 220 85 220 
254 42
8 340 135 88 227 83 183 103 3 127 46 115 85 333 13 272 212 101 340 201 82 353 87 351 153 322 128 101 314 182 27 329 327 291 52 131 122 44 131 253 77 179 214 43 41 6 252 258 156 276 231 76 78 147 256 187 40 207 325 197 299 202 42 353 221 333 217 28 116 164 43 159 158 175 254 227 333 143 307 293 309 307 172 5 256 119 98 332 147 178 123 210 279 251 117 125 253 45 188 8 55 241 31 74 290 27 112 233 301 211 159 347 213 285 288 153 127 230 270 322 342 187 307 277 314 133 124 277 149 6 41 151 58 156 140 331 6 114 187 130 218 124 212 92 357 216 118 329 319 209 215 140 306 117 305 332 166 340 307 66 144 112 198 55 284 277 291 14 105 179 252 268 330 215 165 12 5 208 137 284 177 160 310 155 36 61 15 154 98 270 226 169 109 206 312 31 20 208 275 78 308 56 296 313 103 301 315 261 195 96 300 65 7 29 310 144 32 178 287 8 153 358 2 299 103 102 61 200 2 322 248 200 116 269 92 201 220 282 119 74 212 110 84 15 227 80 356 164 173 168 183 150 267 313 
286 47
350 282 342 123 187 144 196 147 9 229 158 128 357 122 324 156 121 114 272 203 213 190 276 290 163 207 153 156 96 28 291 342 166 198 208 169 325 14 65 154 100 171 312 201 168 15 33 58 245 284 92 197 146 115 204 272 245 150 257 112 268 123 213 325 66 88 209 311 249 151 309 294 35 275 207 91 167 15 301 218 86 85 275 359 124 255 124 197 79 148 256 140 59 262 59 215 205 281 105 284 199 186 106 104 147 296 125 239 17 163 221 74 304 246 229 43 112 338 83 98 1 224 332 114 111 285 5 106 114 310 160 38 157 345 273 11 351 116 236 24 355 358 238 261 275 277 36 216 85 9 253 134 223 319 147 242 261 223 301 307 235 257 222 67 108 16 186 240 193 163 336 185 87 119 256 52 144 138 41 76 211 127 83 130 302 55 180 321 293 255 93 72 257 78 10 63 168 258 315 355 317 208 94 206 342 235 62 80 326 336 170 124 284 232 283 10 206 353 80 100 288 94 322 84 298 329 214 292 84 11 106 192 145 242 223 161 92 283 313 119 131 173 149 84 169 58 172 226 243 56 223 187 125 263 326 345 30 239 63 62 112 148 276 274 343 186 244 30 301 170 81 346 68 200 147 259 333 256 146 213 349 237 171 275 164 33 
170 354
195 47 275 111 188 210 158 56 8 5 67 329 202 203 300 121 65 288 113 243 11 89 238 56 31 310 42 314 134 305 159 43 315 3 102 11 256 219 330 352 34 320 119 79 228 201 304 248 12 16 18 282 223 350 132 67 269 280 163 16 135 73 125 169 104 62 18 51 196 207 36 112 211 327 176 307 171 281 140 123 103 336 40 20 234 242 334 95 342 113 11 89 208 35 19 310 328 154 46 81 31 95 324 294 291 186 41 190 234 203 229 230 89 177 177 84 5 0 300 55 259 115 286 281 57 195 210 214 23 143 336 5 194 175 113 171 187 285 16 83 21 36 292 260 96 347 247 264 304 320 223 60 61 132 214 246 74 199 222 236 144 30 206 155 2 129 233 282 134 47 
311 199
32 52 91 165 245 257 95 326 119 18 255 197 8 55 91 36 219 144 128 350 359 348 251 118 282 204 304 359 103 313 172 155 103 344 114 21 108 226 320 84 207 309 71 200 254 103 220 134 313 149 23 187 353 210 78 264 221 10 233 258 154 252 59 105 60 21 184 241 215 83 128 231 89 227 183 105 350 229 353 84 63 250 202 74 300 248 320 332 92 263 270 331 5 204 214 7 320 192 308 312 179 187 183 256 108 201 226 67 353 322 191 33 214 178 207 100 238 342 163 9 121 274 169 239 58 275 135 180 95 146 147 205 24 14 309 56 15 148 149 307 248 226 138 73 6 17 44 159 98 182 330 75 195 237 211 196 154 96 224 57 148 48 123 266 71 51 348 44 347 356 344 345 300 78 87 20 88 298 244 254 353 64 272 101 354 148 25 336 285 342 23 110 332 219 0 344 12 260 94 222 190 77 44 23 252 104 2 154 236 287 279 171 29 101 302 174 288 125 259 137 151 232 144 197 141 84 336 185 70 215 18 39 69 115 194 338 246 240 216 337 300 10 74 290 183 41 20 76 96 164 320 251 61 186 87 154 231 356 256 83 337 157 276 336 222 201 252 205 94 332 331 337 86 357 358 313 172 75 77 162 276 159 302 19 208 8 352 305 153 263 79 207 292 126 1 199 219 68 15 333 33 206 72 294 171 321 97 122 331 142 77 
217 130
118 131 90 5 32 106 34 43 289 23 118 220 88 303 319 101 343 319 9 305 306 100 332 233 162 292 326 31 29 227 73 288 30 301 32 309 98 322 170 123 146 151 62 225 283 84 144 346 82 204 44 230 122 357 67 282 335 331 275 112 220 328 262 296 186 133 228 201 227 234 213 130 323 235 333 187 175 291 199 151 173 160 296 63 100 142 44 237 339 343 301 82 356 169 191 331 297 261 41 306 153 146 67 142 287 313 140 154 256 255 307 154 337 294 298 185 83 271 346 168 111 141 79 64 210 312 75 272 119 299 194 178 281 2 284 135 142 9 293 310 39 124 154 71 346 349 192 203 195 30 73 243 356 22 15 305 297 224 93 213 274 31 103 112 113 294 358 150 353 171 243 147 314 55 348 31 167 249 153 74 108 133 301 349 196 291 144 317 91 212 24 42 81 346 246 347 73 149 12 7 329 193 295 31 322 165 258 116 14 314 210 350 156 300 54 167 245 
235 346
45 344 229 280 100 91 35 351 119 50 206 339 97 29 27 158 162 196 274 42 37 208 304 284 140 150 1 1 138 322 125 231 12 184 265 17 31 320 36 240 161 255 356 269 218 318 159 284 79 35 205 288 41 231 247 8 327 57 207 283 92 315 218 104 301 84 210 200 314 79 58 258 16 123 210 97 298 56 70 215 111 67 24 199 226 179 173 336 354 154 72 87 216 41 104 199 342 355 260 206 187 253 167 16 349 249 17 345 240 134 274 309 58 213 208 82 354 356 179 222 206 246 21 248 111 67 14 313 213 353 178 296 217 254 24 188 82 341 150 88 177 141 15 144 287 293 246 214 146 281 14 60 256 170 166 276 89 118 7 251 343 102 292 73 176 111 162 161 22 48 217 43 183 75 261 216 20 165 35 222 334 89 338 88 347 173 125 323 210 58 215 344 205 30 294 268 331 76 136 268 220 67 292 345 350 301 267 186 196 325 36 171 46 224 287 1 292 101 274 92 307 274 24 282 112 202 121 356 141 32 73 254 130 235 342 
123 2
76 179 214 2 263 140 199 110 79 27 265 215 280 104 301 48 87 308 297 133 357 188 334 247 1 303 157 214 9 240 301 46 8 337 276 155 218 171 176 349 154 141 246 350 41 131 232 164 59 13 101 56 66 143 105 68 310 52 240 185 314 132 350 335 358 292 243 347 355 73 299 284 277 226 207 72 233 253 295 110 64 44 108 238 163 249 351 57 87 182 313 184 117 208 255 42 49 299 147 53 303 210 182 77 60 15 343 44 46 61 218 243 357 265 275 334 335 127 209 109 74 1 219 
52 176
156 311 23 212 96 90 356 79 288 267 259 225 26 110 83 101 337 313 157 339 43 192 270 57 358 166 124 211 311 298 198 248 120 228 147 219 225 145 218 339 169 138 343 98 303 144 177 81 140 124 199 193 
264 277
128 345 117 195 257 174 186 219 77 2 178 173 346 237 189 303 318 17 212 85 212 192 21 218 278 355 86 344 208 322 174 290 10 31 47 59 259 330 70 280 161 331 274 308 108 199 74 224 270 139 18 100 221 55 55 36 139 0 175 217 270 103 352 328 32 323 105 47 168 296 276 162 268 76 22 351 340 13 310 160 187 284 327 189 337 229 64 290 4 356 44 134 353 275 127 317 25 204 270 165 57 134 275 193 334 248 315 346 41 148 318 222 21 39 135 129 135 17 328 228 156 307 23 302 14 279 148 274 114 280 316 250 53 216 1 198 265 24 303 335 236 102 327 304 271 170 233 98 212 358 118 191 247 292 93 40 30 215 116 124 153 291 332 71 64 240 80 173 202 77 126 291 108 22 139 84 62 261 308 151 264 14 130 38 127 125 35 120 154 323 104 215 326 235 311 138 116 165 161 99 182 278 306 309 193 224 136 306 252 50 62 258 209 142 78 78 297 233 331 272 223 319 182 187 171 348 322 26 81 238 226 210 166 276 208 127 139 169 129 109 45 69 193 302 199 72 50 275 24 290 164 207 126 193 42 291 10 236 233 2 177 257 192 308 
88 184
58 150 189 193 164 322 357 55 138 322 88 47 327 346 262 5 78 301 0 195 155 228 183 310 140 28 300 330 110 211 166 282 231 348 189 330 194 208 262 219 310 351 156 266 149 302 200 184 190 19 27 153 45 219 38 14 83 197 108 134 328 203 111 239 182 194 139 326 342 185 38 222 141 73 146 328 56 257 232 321 99 71 71 149 193 37 314 211 
54 296
9 11 299 48 195 177 274 72 2 49 335 189 155 209 306 67 38 134 53 307 162 141 119 15 47 192 63 245 314 351 54 307 144 163 60 296 287 210 305 80 152 107 352 256 105 136 325 321 343 324 248 38 193 80 
13 51
165 185 141 78 133 82 288 49 179 76 157 170 179 
148 12
153 317 200 15 149 214 92 115 22 219 140 53 44 12 310 15 18 182 176 263 25 186 274 298 150 351 226 121 285 138 169 146 237 319 215 146 57 145 347 183 278 244 304 327 150 42 121 19 50 87 247 153 148 183 319 172 254 311 332 313 289 208 112 88 44 60 101 0 99 238 15 286 234 173 312 89 76 66 123 243 128 206 250 206 78 163 282 295 249 339 99 163 316 0 93 298 164 335 214 225 328 76 4 178 66 238 128 23 150 27 102 48 244 120 126 323 350 245 253 176 329 193 16 7 328 227 108 35 24 74 226 10 309 243 12 2 194 269 160 240 155 73 204 204 101 303 142 132 
332 234
337 349 88 243 114 161 167 97 99 101 38 183 131 223 146 232 189 284 19 73 52 246 95 141 98 73 81 263 10 182 273 197 296 128 85 51 226 20 33 352 246 122 129 52 304 107 97 291 251 36 72 180 183 168 357 262 42 299 267 285 59 217 66 299 217 299 256 294 250 216 195 311 320 205 156 243 310 42 167 144 356 348 126 118 333 183 66 335 173 8 348 106 82 88 276 244 156 279 170 238 10 132 182 57 192 165 60 336 22 84 349 155 330 209 309 333 340 206 168 135 258 196 40 88 322 230 271 285 315 352 9 258 324 223 26 342 127 309 81 313 61 308 218 175 222 96 309 343 195 98 256 154 85 276 37 88 158 165 292 210 230 339 144 269 44 27 188 33 343 250 331 152 161 225 292 326 23 215 241 305 10 95 248 235 265 302 138 73 160 342 56 228 285 196 325 329 350 73 351 313 68 277 61 126 254 195 346 345 221 302 317 214 151 165 203 315 172 142 93 125 222 236 33 198 30 352 294 25 206 12 196 347 120 268 71 153 265 135 166 122 236 31 230 186 90 322 253 35 261 187 124 342 99 27 353 328 211 88 207 26 47 99 99 242 273 23 75 189 244 285 328 271 140 225 53 13 117 163 141 65 275 215 238 80 345 306 94 185 234 31 167 275 180 180 346 184 216 173 235 68 358 310 201 23 179 298 321 290 202 151 206 16 202 171 144 273 164 134 81 265 188 168 322 137 17 82 266 144 25 278 124 261 
54 195
87 147 72 335 43 337 171 248 109 216 337 98 93 152 123 163 310 287 293 17 225 311 305 260 205 157 289 2 230 235 83 97 139 99 117 101 189 274 241 0 60 164 162 125 160 321 247 220 281 349 317 0 70 40 
109 114
101 285 112 137 133 186 122 260 216 132 30 280 263 225 80 101 136 263 357 271 309 295 358 228 251 214 235 346 43 318 5 89 30 330 35 168 63 248 110 200 72 155 358 309 44 313 107 300 228 304 72 71 339 234 208 69 16 127 308 305 201 313 131 251 270 152 296 210 96 110 310 171 200 115 283 191 137 271 80 114 35 88 72 226 216 163 197 95 105 318 8 294 184 15 263 311 71 260 322 264 146 87 146 331 355 32 83 216 43 
284 50
297 313 219 165 99 343 184 270 159 208 220 91 87 230 307 295 115 342 188 172 313 22 44 339 42 354 24 237 159 97 262 115 210 298 246 317 267 67 105 17 84 302 179 125 198 212 94 302 103 15 226 105 354 314 347 179 176 151 131 219 244 75 307 45 6 73 45 225 300 222 166 88 143 160 156 295 86 106 211 290 84 164 193 157 34 180 25 281 130 106 55 13 36 359 350 142 305 250 218 163 121 141 41 208 155 148 141 193 76 162 202 254 197 124 345 297 357 319 309 213 272 186 167 132 290 270 175 94 87 157 354 211 35 110 134 222 294 130 319 206 359 313 352 69 124 325 21 155 238 356 180 352 148 168 60 57 328 336 132 211 24 55 210 111 281 195 36 44 148 156 324 233 62 316 89 315 311 339 291 275 128 221 161 52 146 137 299 102 82 199 186 217 183 347 197 212 356 77 299 209 356 214 45 98 301 34 65 49 107 79 235 220 188 160 263 105 228 40 140 272 1 154 171 25 25 321 63 134 24 56 31 126 234 123 65 322 39 290 98 220 307 286 219 221 305 184 319 100 273 189 296 134 240 246 113 231 226 14 118 42 331 174 1 119 252 70 206 9 310 74 222 323 64 222 153 299 340 354 331 91 31 64 268 185 
307 200
303 42 241 339 34 264 89 285 246 42 4 266 214 176 163 331 141 163 239 27 247 27 331 124 312 30 163 211 55 80 333 224 19 147 111 22 99 109 296 278 291 117 170 106 225 140 45 49 105 282 68 70 217 256 354 99 341 152 3 123 332 79 297 248 241 193 263 78 155 64 236 14 176 118 152 145 345 166 205 220 104 186 337 246 85 320 178 273 240 41 276 347 291 118 98 347 104 158 13 19 79 127 54 74 149 96 86 277 199 87 42 253 336 104 211 202 275 317 202 125 334 186 257 317 94 80 70 176 169 359 11 191 129 290 250 281 173 354 192 228 347 108 177 162 357 17 134 332 13 199 275 305 14 173 240 24 318 226 280 50 121 270 296 223 304 119 194 105 130 25 103 24 281 62 72 287 75 111 145 146 115 232 137 29 315 117 252 49 338 5 183 319 184 185 101 303 92 231 285 299 224 42 271 181 133 68 186 303 175 227 84 359 176 267 214 186 315 208 219 292 167 291 301 120 245 311 182 277 315 92 17 169 347 177 188 38 263 319 309 261 217 33 57 141 183 245 293 331 141 343 334 286 293 136 54 28 234 44 290 338 127 12 23 110 24 167 187 121 89 37 90 95 151 242 347 1 125 264 246 182 3 228 339 220 289 211 22 111 303 346 232 272 51 310 257 72 277 52 127 187 83 132 251 316 310 195 51 
243 18
104 341 162 39 132 302 202 264 200 99 62 86 103 340 39 290 278 127 182 272 344 175 42 322 155 326 333 315 246 177 213 238 147 313 28 125 200 51 132 57 14 272 31 160 260 79 335 51 195 18 242 184 15 3 129 347 214 132 174 182 191 33 192 295 281 164 167 137 310 105 140 205 359 209 66 257 222 268 170 239 228 221 18 235 284 65 202 173 232 88 272 80 238 249 276 93 291 103 27 251 117 42 121 293 122 96 239 24 189 190 42 334 138 187 320 282 49 34 76 337 222 53 264 276 194 85 92 29 58 259 27 139 27 117 310 233 351 100 295 341 310 73 47 61 226 76 122 55 359 134 282 334 118 282 146 295 7 130 37 88 120 298 45 112 128 203 83 195 283 21 39 203 311 315 288 141 126 39 350 352 284 137 297 194 134 254 257 271 235 220 136 124 2 289 106 120 179 14 265 263 234 160 231 307 16 20 231 282 178 236 324 218 215 300 192 202 255 265 292 134 130 10 142 185 210 335 48 257 248 58 116 226 121 284 266 342 141 171 93 2 207 121 45 
232 220
201 64 357 2 51 78 142 16 353 50 306 109 112 55 132 7 193 164 106 187 63 148 185 281 158 12 9 157 181 208 316 342 113 148 69 27 261 282 216 322 335 118 340 216 88 88 141 254 295 37 120 16 313 284 257 197 268 32 293 46 191 177 222 209 351 117 282 108 242 4 331 296 113 133 39 275 180 284 278 350 254 344 124 142 73 76 172 161 193 33 39 79 277 260 161 47 43 103 124 51 23 94 189 5 183 214 293 55 208 159 140 323 51 52 156 319 27 256 245 23 89 63 54 11 127 122 10 108 287 270 29 160 87 302 14 299 344 212 271 107 116 239 30 221 158 119 68 228 34 101 325 102 209 219 269 326 282 229 58 340 336 209 293 53 165 281 146 263 309 76 105 225 250 328 260 319 154 296 358 165 205 273 30 71 22 201 306 22 168 208 158 29 317 321 147 134 208 184 272 169 52 161 282 228 208 148 1 319 314 86 254 143 30 157 64 136 253 147 160 335 147 197 54 104 12 139 42 186 187 331 88 107 
63 97
102 319 48 38 294 122 41 88 349 236 57 142 333 251 327 240 129 226 304 95 247 284 180 149 143 153 134 171 296 125 143 359 315 9 7 244 295 302 170 240 179 221 280 72 138 39 259 138 11 299 1 77 21 150 102 119 213 162 146 343 219 160 92 
146 18
135 57 337 179 344 200 312 289 157 33 331 108 55 316 74 210 75 127 317 117 31 9 284 278 274 1 218 309 342 40 167 312 175 230 281 149 243 274 111 227 342 222 72 222 257 303 284 159 317 224 107 48 275 79 239 337 278 175 164 245 50 221 70 345 202 318 322 320 292 115 296 104 86 226 9 79 52 141 263 293 32 227 274 178 146 246 65 174 15 293 25 290 252 93 96 68 258 111 156 220 343 166 29 22 230 88 118 121 116 196 15 160 174 167 343 265 213 234 341 109 310 80 207 69 172 322 224 29 346 246 193 235 251 201 67 36 293 41 315 213 141 61 346 99 21 180 
227 315
89 265 66 234 25 183 182 307 216 253 81 249 17 323 227 260 45 248 228 40 123 7 87 118 346 30 188 104 298 115 208 201 192 95 219 214 33 150 16 324 189 84 257 260 152 2 83 118 284 162 191 351 11 255 320 243 18 246 310 46 324 136 34 13 91 238 11 159 133 273 138 217 266 211 204 118 327 172 323 306 126 272 237 137 311 177 233 262 219 308 165 16 150 14 148 174 134 308 316 96 154 282 132 59 181 6 28 233 48 195 93 154 308 246 142 39 6 45 173 118 243 169 156 153 40 313 280 349 261 262 135 211 230 149 250 215 190 48 332 133 265 110 341 33 121 136 343 250 192 136 313 20 89 30 299 330 24 121 93 84 357 338 275 354 94 3 110 82 312 353 358 355 343 46 149 228 202 55 65 234 86 285 77 221 141 160 292 303 140 326 222 231 253 163 232 103 267 163 128 129 116 128 39 299 89 312 55 287 214 287 327 39 348 152 153 132 217 110 291 215 197 150 300 228 246 348 272 
330 232
100 307 152 110 295 265 120 340 297 320 142 296 82 67 267 322 311 187 211 190 142 334 102 234 155 26 17 220 137 131 91 261 15 171 231 229 85 293 312 348 130 283 193 9 258 66 297 105 255 320 124 335 194 295 143 312 300 164 325 130 345 222 7 268 21 298 91 73 45 165 320 67 108 86 154 102 124 98 282 327 142 1 15 8 135 31 81 343 250 112 72 95 25 198 295 223 129 203 44 174 94 174 269 219 86 108 270 315 280 13 136 130 197 219 265 250 167 142 192 335 357 231 214 315 316 147 222 83 341 80 24 173 336 357 238 286 92 99 242 84 230 170 68 349 4 10 5 243 70 266 253 214 131 315 148 127 42 269 131 141 19 185 84 277 134 20 215 127 222 211 266 133 304 272 178 331 93 244 296 142 303 228 139 147 205 85 264 269 269 172 265 29 87 142 114 244 19 133 319 293 130 237 169 212 228 321 152 220 60 319 33 59 145 243 273 99 60 178 25 4 341 64 179 349 40 218 121 91 169 324 138 251 240 65 358 19 126 231 48 132 54 270 334 291 167 307 196 41 143 44 25 201 155 28 325 207 6 145 99 139 103 358 193 294 288 64 157 341 294 331 200 301 257 245 183 254 52 288 310 99 22 195 32 252 126 107 231 138 230 28 302 33 148 285 238 22 67 218 309 91 195 316 155 157 22 35 67 144 280 181 204 99 213 138 348 248 254 98 350 261 178 357 277 171 354 110 332 40 192 17 
235 36
250 286 70 116 226 337 58 218 329 236 337 67 120 44 46 338 83 303 258 16 357 228 153 46 290 155 294 104 208 208 344 275 50 148 238 253 10 242 40 296 34 334 60 146 216 359 124 89 322 112 83 80 102 353 140 175 83 263 22 116 116 48 190 155 47 303 277 301 301 73 175 191 150 293 86 211 154 213 84 203 135 137 159 134 12 190 241 203 275 242 110 262 110 92 69 124 12 144 288 208 103 106 20 85 240 247 335 137 27 161 155 241 2 55 210 323 286 294 5 144 194 205 199 240 214 313 248 275 108 14 42 130 243 351 233 290 210 77 235 263 296 218 204 187 275 135 152 243 123 302 93 133 351 231 34 71 154 302 91 146 237 291 21 344 36 27 335 36 218 24 137 163 271 258 140 341 45 188 133 31 195 158 18 6 295 161 275 245 130 104 12 306 122 154 302 260 57 56 194 320 333 20 143 151 324 319 87 208 329 180 354 235 306 135 239 116 295 182 137 42 288 7 229 277 339 169 189 62 331 289 264 321 177 62 131 
342 25
195 0 126 45 213 71 1 252 176 307 202 72 285 75 107 174 230 239 93 94 251 47 101 128 330 314 314 120 308 163 50 236 214 236 286 119 55 313 29 24 17 106 265 198 194 357 10 185 37 72 274 136 294 228 236 171 186 232 14 31 123 250 277 120 63 11 127 34 291 118 129 45 315 166 46 294 40 136 51 167 161 259 50 96 232 83 258 68 287 175 114 206 295 188 113 358 143 219 78 239 316 219 49 268 356 68 266 275 5 115 318 27 161 218 239 90 131 52 110 111 214 357 213 310 327 275 285 337 130 156 327 124 296 16 145 165 236 136 58 234 82 171 219 249 198 9 69 237 208 5 225 188 287 1 248 52 99 58 55 97 334 43 345 83 37 39 156 250 352 354 13 164 144 87 1 127 195 178 149 186 123 30 192 299 86 176 200 283 60 161 264 159 315 135 103 350 284 200 57 186 106 136 175 352 8 291 342 154 250 211 40 142 225 288 122 166 177 15 118 147 253 183 158 191 118 46 319 149 96 264 356 125 220 326 256 94 333 253 53 171 184 156 190 292 179 124 207 273 270 224 222 25 190 129 203 351 231 78 326 29 217 343 212 2 251 77 354 328 254 73 92 85 215 54 108 225 12 132 162 91 33 252 164 75 225 94 59 226 252 117 181 124 179 40 140 212 230 300 278 21 309 2 293 131 162 172 304 148 180 185 295 17 228 218 59 38 278 318 103 58 283 280 259 26 140 301 165 246 9 58 133 199 306 268 67 277 28 321 15 295 100 60 
359 118
31 8 236 161 4 245 100 240 258 88 30 63 245 208 253 306 123 354 324 95 276 216 82 339 18 11 137 203 173 32 70 195 286 127 179 93 152 259 183 183 171 347 279 228 266 40 143 242 154 187 107 150 147 327 359 142 227 99 318 176 291 49 99 6 153 145 18 148 352 86 354 70 68 338 74 120 331 198 227 86 95 291 27 215 203 342 288 56 229 137 322 307 238 116 299 168 73 86 79 270 189 345 71 202 122 194 246 116 202 5 268 42 183 156 152 240 320 253 175 292 26 58 128 231 28 37 146 334 148 255 208 218 268 286 13 123 43 106 335 280 34 257 160 357 299 184 141 297 160 333 138 105 175 97 3 278 284 66 159 274 233 141 356 34 215 155 251 134 127 279 355 165 225 189 252 310 12 108 173 292 65 277 24 278 63 320 139 119 274 75 340 226 91 94 131 147 336 6 27 204 354 105 322 53 142 68 219 177 41 164 113 255 269 272 279 14 1 259 118 185 121 31 93 119 125 165 13 297 20 175 238 239 329 184 32 135 232 38 7 114 18 353 8 271 102 293 334 10 359 12 92 316 151 161 84 199 297 180 332 251 205 94 77 66 262 336 126 7 175 290 74 338 189 25 134 66 213 100 152 22 235 169 26 88 349 199 210 231 82 285 290 46 148 307 111 44 279 279 176 7 343 95 37 149 293 118 209 300 310 60 244 281 60 328 165 82 68 217 277 37 21 303 260 338 41 297 67 90 26 10 38 183 280 325 269 23 48 240 161 103 41 72 140 281 29 116 138 238 4 207 87 256 246 77 112 303 154 137 256 
170 250
327 149 122 27 156 260 153 292 352 109 70 29 337 94 255 127 11 194 154 177 77 359 194 266 129 225 226 1 332 42 168 172 177 311 228 10 201 72 69 149 292 118 220 292 253 25 271 358 174 307 55 276 294 222 171 286 339 235 32 178 180 215 326 67 173 259 58 88 212 3 5 96 7 108 4 118 315 240 234 88 349 73 299 270 18 148 15 103 285 12 152 297 74 312 169 116 277 192 297 350 106 243 85 95 6 153 135 94 102 235 280 158 178 284 135 54 36 346 250 337 217 274 263 9 64 167 315 26 229 165 94 287 100 236 41 15 357 280 309 166 81 168 186 291 73 243 6 127 105 208 142 18 78 195 289 312 318 166 215 39 311 282 89 67 232 41 339 189 175 359 
229 202
198 91 178 87 180 224 201 122 87 263 3 279 291 305 74 162 118 102 146 294 100 274 127 301 143 281 259 18 31 302 77 74 269 189 22 100 301 229 179 52 161 114 123 38 325 209 240 136 186 249 324 315 149 58 355 130 60 163 61 225 192 339 2 115 109 269 101 157 51 11 274 56 268 100 97 304 204 19 170 90 238 144 312 12 225 154 128 82 69 135 250 248 313 29 14 130 236 356 210 324 80 25 46 282 323 171 2 228 233 355 194 136 124 304 20 247 116 247 22 234 111 342 117 181 343 294 215 318 269 219 155 238 180 267 253 216 334 341 324 45 123 351 227 128 181 199 241 62 35 306 359 19 9 73 88 37 94 16 281 314 306 248 231 316 110 210 57 186 30 259 90 44 28 288 168 175 193 1 99 266 186 320 123 228 339 133 47 11 242 238 250 315 54 270 104 294 208 121 135 210 280 108 4 269 49 288 17 223 54 292 83 116 226 137 113 209 129 283 36 18 347 304 344 286 208 68 28 267 150 
66 341
214 356 179 302 37 231 205 25 57 304 264 184 185 4 182 280 179 155 323 346 95 297 334 328 96 325 62 283 213 150 251 316 211 231 48 304 337 215 121 316 23 268 178 274 70 253 247 303 25 176 145 139 209 284 31 45 188 279 14 241 143 125 69 22 94 102 
262 78
0 296 356 261 246 241 82 90 349 68 307 110 168 199 328 298 168 135 288 185 84 84 316 332 337 335 126 321 39 59 236 304 93 307 122 261 280 162 292 321 30 122 97 337 202 244 231 4 23 4 141 330 182 11 104 75 134 248 279 26 132 245 278 216 146 306 132 7 156 69 302 228 274 24 174 118 320 317 89 3 264 79 132 355 67 109 183 109 307 102 110 16 246 286 355 216 188 80 16 175 69 355 205 178 150 111 25 57 312 81 172 58 178 128 156 333 323 308 265 186 197 217 203 115 285 192 27 117 313 191 166 93 1 94 342 24 71 347 91 179 46 302 244 177 165 131 102 126 6 158 332 351 295 292 274 99 195 300 224 12 76 185 173 91 312 239 106 309 326 286 329 66 137 187 312 120 12 151 12 356 281 144 338 5 284 301 136 38 161 80 100 14 192 277 271 358 359 212 316 173 77 343 258 146 282 222 101 161 62 136 80 221 162 16 293 42 250 135 302 204 312 11 233 309 168 147 84 96 87 110 326 125 218 251 16 261 75 80 141 306 287 106 43 292 300 71 113 71 224 244 68 79 344 20 55 46 86 136 158 107 147 246 
70 285
157 44 159 171 271 111 175 48 275 11 52 25 93 201 298 117 9 33 118 318 297 341 114 153 255 83 100 123 186 140 156 166 22 33 106 208 305 112 206 163 109 128 128 321 329 173 275 56 82 207 189 356 117 313 304 181 97 87 95 144 348 318 87 210 186 25 232 4 324 297 
51 340
128 101 51 181 266 138 108 3 199 290 89 235 42 319 43 118 336 338 313 295 86 312 107 193 339 253 25 84 209 137 277 100 30 136 342 266 260 96 358 277 235 216 235 110 10 129 276 68 59 141 188 
294 204
207 68 85 309 105 26 303 173 281 57 139 108 344 307 160 328 271 120 289 178 86 102 50 145 241 160 212 19 281 355 122 182 282 109 66 55 359 353 339 196 194 311 216 6 98 183 230 359 142 65 205 270 201 30 85 117 184 110 173 116 349 163 175 201 278 269 140 8 96 325 23 275 190 86 261 187 286 249 25 258 286 228 328 158 289 251 93 267 39 28 0 198 47 252 189 28 140 168 227 150 66 343 16 146 57 24 278 157 123 220 105 270 116 158 144 257 344 25 4 125 50 36 182 258 223 301 284 130 61 221 19 217 350 296 146 253 88 145 219 109 13 267 299 280 88 87 306 115 149 137 67 301 117 165 192 168 121 292 66 9 116 31 151 11 227 95 149 48 122 190 236 121 318 255 79 286 284 176 346 294 236 236 217 211 229 221 116 279 39 312 197 156 307 90 202 102 95 128 87 74 330 166 27 242 303 98 335 176 160 253 101 180 135 316 152 122 192 245 126 55 188 170 325 104 3 90 87 313 157 73 41 25 144 153 173 307 171 357 354 312 44 307 26 315 324 233 84 224 140 119 82 8 231 21 204 317 348 66 301 125 86 14 22 51 168 127 87 184 178 176 80 63 12 26 303 317 56 93 284 55 131 43 41 217 76 176 342 131 18 351 263 127 286 225 
111 9
181 179 248 307 336 211 60 141 252 177 82 39 23 255 203 8 37 202 263 68 157 63 195 331 252 96 156 315 306 1 64 252 88 20 30 150 292 70 95 241 29 45 233 40 138 21 53 150 332 249 249 82 113 185 298 132 156 150 29 67 313 32 60 105 324 108 299 270 69 225 273 352 336 156 167 250 154 44 332 98 26 255 114 332 222 176 357 87 307 66 275 79 88 195 139 130 202 149 5 76 219 75 140 46 230 184 65 213 18 339 117 
7 158
326 120 272 270 144 223 241 
93 117
206 6 267 258 154 234 162 27 222 298 250 341 316 88 235 101 319 125 313 25 126 53 345 59 267 136 177 231 120 147 266 134 260 106 171 225 5 53 123 152 110 201 152 336 103 173 250 225 244 242 43 117 91 37 203 144 145 197 343 198 343 220 204 242 266 105 75 269 167 206 327 201 34 107 215 168 25 93 23 217 285 229 6 18 125 290 88 23 63 100 22 132 271 
224 187
156 355 83 138 64 52 16 267 165 24 252 321 344 115 230 349 100 315 21 265 179 283 10 303 116 259 328 32 123 149 103 163 56 2 4 203 206 95 343 161 244 141 350 103 284 100 232 118 23 42 347 128 204 353 131 350 163 235 306 324 354 136 1 221 333 82 153 217 252 113 234 351 308 40 191 316 310 117 176 283 195 44 285 207 304 88 94 286 313 217 267 351 24 356 85 294 30 290 330 314 192 274 155 2 74 292 12 188 334 152 164 85 185 145 137 173 132 104 253 1 104 332 269 233 358 97 96 120 359 193 307 125 286 240 25 279 183 300 350 220 217 135 195 9 254 62 282 100 343 46 31 152 69 14 243 155 210 120 78 31 237 43 10 212 276 244 54 20 45 111 68 55 151 226 11 265 14 358 119 15 231 242 151 263 204 17 139 294 284 338 91 289 110 55 165 143 185 307 268 228 79 103 162 242 356 132 136 149 44 359 71 341 107 256 150 221 334 129 294 34 91 68 183 335 
208 118
30 344 32 133 261 261 117 200 123 188 40 273 268 38 115 45 226 208 9 285 60 338 174 16 125 248 335 160 44 40 267 63 148 274 123 32 120 236 122 174 58 90 253 220 45 128 140 46 169 195 332 259 245 334 30 186 296 300 91 173 1 197 227 276 178 349 112 268 198 111 295 299 319 334 117 49 250 67 40 113 216 49 340 157 129 221 304 149 13 233 87 147 160 317 39 59 349 302 246 74 179 301 166 312 330 139 35 166 229 42 317 299 135 298 272 297 160 351 112 264 98 259 62 162 228 180 51 198 166 211 47 17 108 319 358 110 272 344 143 317 119 162 147 228 65 133 333 88 139 43 302 70 13 8 182 129 64 204 68 290 172 339 308 298 322 53 94 323 103 351 151 290 323 316 305 242 51 95 300 260 269 80 122 300 225 184 0 331 93 90 93 156 130 102 334 146 260 211 147 302 141 190 14 208 39 295 320 269 
40 80
311 78 128 276 52 302 261 211 115 262 312 204 200 284 212 333 313 89 254 263 141 12 234 305 261 296 152 27 327 299 352 53 230 277 242 246 262 124 270 338 
29 248
61 224 15 258 292 23 163 269 97 42 332 122 128 216 158 278 143 305 10 262 316 239 101 237 71 202 187 316 226 
356 62
99 136 306 355 75 285 134 4 125 249 333 186 114 51 280 49 239 250 336 60 352 293 230 235 292 117 79 31 14 209 216 64 272 126 95 27 267 226 182 150 107 161 104 24 205 199 308 306 354 31 228 94 342 86 297 257 19 1 333 136 326 105 147 219 17 111 65 290 264 0 228 324 343 275 197 246 204 94 64 38 132 346 193 344 53 225 243 57 236 82 285 325 305 77 63 178 323 117 323 319 25 333 50 286 66 86 18 347 258 189 202 286 189 115 355 239 87 245 279 88 0 183 302 113 128 318 152 285 236 278 151 177 192 215 247 190 111 114 72 54 23 29 238 73 297 144 356 26 66 278 275 186 258 136 190 98 237 21 229 228 255 245 344 335 166 216 335 233 181 52 60 243 10 229 152 23 151 201 31 94 96 289 181 296 328 161 261 105 252 114 248 102 328 105 350 211 298 155 212 201 26 38 4 349 340 38 335 188 308 2 305 68 351 133 96 65 133 113 121 283 269 210 240 88 46 8 145 37 320 206 34 269 41 337 62 202 264 325 192 302 259 194 35 211 335 42 98 5 183 331 315 273 43 203 323 182 335 32 319 246 319 96 111 236 95 282 200 226 121 13 199 263 106 349 242 113 37 146 294 5 305 305 304 143 91 257 241 65 75 142 125 77 297 263 139 47 152 298 332 154 216 319 270 293 277 90 322 48 17 49 33 70 344 306 104 17 20 51 249 235 319 180 267 208 315 86 294 358 77 282 230 327 111 127 140 70 118 171 210 4 347 42 127 36 333 167 81 148 59 200 194 120 47 151 246 28 
176 308
90 188 332 226 7 297 271 125 12 217 84 275 56 70 79 308 341 328 57 164 321 52 226 116 241 196 271 250 313 229 352 74 32 167 314 71 359 102 202 154 334 209 266 291 292 316 279 94 182 52 246 229 263 181 257 2 340 320 57 354 11 87 358 96 66 88 72 75 164 247 311 226 84 183 73 136 55 322 318 228 101 223 78 265 54 195 172 29 118 276 49 129 341 146 55 128 150 267 189 28 208 231 330 253 241 140 137 129 344 49 267 17 43 43 270 327 288 17 193 100 339 327 332 341 16 79 359 341 49 19 227 144 159 123 305 86 241 232 173 78 147 304 185 199 133 38 109 300 232 343 95 358 170 296 144 74 188 95 33 182 269 108 4 1 248 104 359 121 222 82 133 326 26 296 297 305 
164 9
237 237 216 164 355 181 295 94 140 20 146 37 103 247 44 277 173 310 60 183 234 268 110 284 229 96 354 275 191 20 69 12 137 182 244 36 243 94 226 282 187 14 96 215 337 179 0 34 21 323 37 70 138 24 231 208 264 271 218 241 243 128 273 240 284 281 102 197 239 71 273 80 333 279 320 234 153 110 80 307 281 76 235 208 2 145 47 3 89 40 26 126 284 149 353 183 300 160 27 65 325 66 349 122 217 124 165 109 275 313 245 216 172 318 118 101 223 170 287 116 118 271 194 130 297 105 358 283 79 230 215 199 163 66 150 52 202 55 198 129 140 324 142 258 150 350 23 35 87 144 117 16 177 155 359 60 204 147 119 161 81 111 181 290 
17 111
335 37 121 240 238 258 308 353 114 207 292 358 269 308 255 314 150 
228 146
323 12 11 259 340 39 102 280 10 337 310 6 126 211 99 180 247 200 280 346 154 225 13 295 190 225 174 265 249 154 136 197 280 108 194 358 30 91 15 1 235 163 181 229 298 343 20 99 234 125 71 324 154 109 19 356 62 11 52 25 169 59 151 32 258 240 330 159 99 56 126 19 318 264 226 281 109 315 357 56 225 195 122 70 1 29 182 334 22 250 188 122 212 65 160 34 201 0 220 335 190 308 250 352 98 253 139 31 41 147 91 64 85 53 353 280 3 300 39 335 34 267 219 78 26 245 344 250 337 82 210 290 51 125 15 126 324 21 139 245 39 353 96 53 64 81 223 276 184 326 125 317 145 99 159 137 293 269 99 342 191 61 243 68 90 185 61 234 245 214 100 319 252 352 341 138 152 132 345 328 296 319 320 202 82 230 158 273 19 101 290 38 285 234 356 171 16 117 261 155 114 160 73 54 187 352 279 280 29 225 303 9 172 163 75 312 136 214 11 125 33 95 2 72 181 8 83 338 
76 229
243 103 316 349 224 109 132 206 293 191 316 328 106 317 229 62 285 253 290 100 300 349 270 221 108 222 325 248 125 44 14 121 77 49 293 342 271 239 325 223 20 349 353 147 148 192 205 202 309 11 223 57 162 9 187 219 279 291 26 253 270 308 314 226 5 211 249 17 30 6 241 216 356 184 357 62 
14 239
3 105 152 130 115 242 37 55 150 64 118 241 201 218 
172 173
283 91 196 200 242 92 61 202 26 34 323 224 300 147 57 175 84 267 27 358 283 125 16 24 213 50 358 37 58 260 311 254 293 162 183 314 291 0 166 217 236 160 144 77 105 31 327 147 314 88 195 105 143 204 174 148 164 310 323 69 134 148 259 93 294 318 25 208 180 144 281 27 38 332 214 4 305 109 107 246 7 1 162 204 135 45 227 5 39 5 316 330 205 306 67 99 80 76 71 347 337 140 330 25 204 81 229 281 129 50 110 357 155 49 359 49 67 343 2 202 263 195 179 151 271 30 224 299 39 8 189 56 178 136 26 40 99 226 119 254 137 196 180 128 97 137 0 330 332 102 36 30 17 220 265 327 350 357 49 10 171 288 41 204 63 224 90 351 293 151 218 54 
46 313
147 313 271 131 16 31 8 262 322 141 299 272 268 167 41 186 73 24 337 164 131 51 42 159 198 102 58 25 243 354 107 16 254 256 214 293 209 98 196 300 149 5 229 359 258 52 
260 223
296 88 172 13 193 89 265 245 128 331 79 152 111 141 97 274 4 240 200 157 241 45 340 10 345 323 330 36 131 269 67 271 209 231 71 265 108 21 222 357 54 21 143 57 160 98 315 61 260 117 234 48 171 328 127 50 75 210 275 330 230 234 237 44 174 253 79 59 141 222 246 322 235 295 114 289 312 186 65 155 193 141 318 65 259 98 25 358 252 155 190 193 127 325 326 1 187 79 86 23 331 194 286 48 265 165 246 276 76 152 144 347 195 357 157 279 62 231 318 9 259 287 37 116 184 167 233 168 6 17 93 1 84 314 70 289 324 210 141 62 324 262 211 268 292 256 26 182 115 28 101 174 131 167 131 83 269 190 145 105 120 54 220 102 1 163 43 31 356 175 89 235 13 54 277 200 180 289 38 122 122 282 282 49 348 188 194 18 6 239 69 297 34 22 312 107 67 275 43 237 239 221 109 274 92 129 34 40 353 293 59 198 198 293 135 296 71 347 40 171 210 76 149 146 57 229 33 108 180 28 122 41 112 135 115 290 151 129 11 199 157 27 8 144 82 110 281 83 71 286 258 209 312 329 35 157 124 294 73 288 
315 333
172 8 80 72 198 351 285 176 39 336 311 224 297 223 134 323 247 48 47 322 4 260 64 48 355 61 52 188 158 63 177 144 267 51 9 85 124 195 169 343 235 90 297 117 153 240 235 252 219 348 157 259 208 33 46 194 348 36 265 153 99 53 118 63 139 56 191 80 0 181 120 125 60 315 189 62 18 241 21 254 348 168 179 265 162 69 117 336 187 13 154 291 81 36 26 265 87 211 175 320 101 92 95 44 283 143 283 354 83 20 66 340 166 351 230 18 165 292 255 191 263 15 3 42 146 156 197 80 211 116 311 43 100 321 132 267 140 303 308 191 29 307 105 187 193 249 34 132 23 1 200 195 36 219 124 11 164 326 158 52 40 5 217 176 170 356 339 323 285 130 298 43 107 288 120 131 259 64 183 287 351 134 237 270 188 348 200 274 72 305 272 288 351 333 43 352 303 65 179 129 5 119 152 177 37 321 157 124 116 231 72 58 197 188 168 121 233 338 110 193 114 9 20 196 71 282 182 315 160 241 207 140 185 29 211 336 325 156 233 171 281 58 29 123 291 278 150 148 226 237 341 139 30 280 355 135 11 191 259 331 17 86 76 165 357 53 128 32 99 103 38 276 348 32 22 164 308 282 120 236 49 244 137 194 355 113 309 72 94 199 344 69 183 62 146 12 62 284 185 304 348 294 54 151 153 48 191 117 69 204 303 29 274 213 1 
95 226
346 68 139 297 77 307 147 5 72 350 120 32 161 249 6 269 250 359 34 77 237 228 59 328 222 171 164 248 317 232 301 177 118 161 184 156 30 26 171 149 81 291 116 249 224 76 312 345 113 133 222 51 35 27 258 345 58 219 15 356 208 356 36 53 25 263 57 108 259 186 328 230 123 321 227 59 43 144 89 27 246 262 253 37 36 116 142 314 229 79 57 20 237 313 10 
124 315
122 39 10 164 206 225 142 336 305 243 326 320 111 93 126 138 31 19 229 151 324 39 347 54 321 298 323 199 264 140 346 15 41 189 40 243 103 179 117 303 287 103 23 63 260 123 332 206 120 301 49 12 315 121 160 237 167 111 146 188 203 132 272 346 207 209 256 64 144 35 277 89 231 204 152 50 31 303 336 5 57 232 69 359 7 94 39 280 193 208 275 273 302 67 358 129 37 330 24 27 289 123 285 128 36 180 106 87 11 272 128 31 293 163 40 102 136 354 119 4 81 198 11 239 
136 287
345 345 104 180 68 264 72 132 30 306 229 169 52 285 282 276 357 313 275 256 341 69 1 130 47 63 71 123 232 224 100 10 355 181 231 93 107 251 170 73 55 23 90 201 68 133 357 275 312 117 58 227 222 118 11 87 290 158 312 120 14 134 67 252 83 302 263 233 183 127 134 158 338 97 109 8 70 138 325 59 208 156 116 305 47 67 142 106 8 165 328 219 271 334 273 89 151 204 333 5 238 193 359 74 124 73 244 57 264 53 44 287 0 220 202 150 183 56 23 49 23 31 175 100 79 253 20 316 331 348 195 19 160 308 189 217 
203 295
17 274 168 263 351 90 199 201 61 96 68 104 244 106 309 235 308 184 286 117 75 355 351 41 150 202 105 67 312 186 181 150 225 74 110 209 124 264 224 232 37 66 68 282 153 149 24 259 291 106 255 228 226 239 226 24 83 229 3 311 66 195 1 340 212 112 105 170 58 288 90 41 122 282 164 12 352 299 210 161 56 274 84 30 303 183 132 315 318 145 147 178 196 342 330 258 286 146 191 6 111 336 102 296 63 78 37 317 80 60 164 230 100 115 299 177 223 164 108 230 7 67 326 108 96 82 167 70 129 293 105 252 315 208 245 77 349 312 359 112 116 168 49 131 124 356 97 287 49 219 174 141 189 177 251 152 48 1 306 218 174 0 94 233 240 251 18 22 94 83 64 176 18 100 355 241 134 150 312 9 286 210 222 204 55 116 113 315 346 244 43 330 77 348 283 219 110 247 298 332 255 241 136 
346 108
132 327 136 215 190 292 225 274 48 4 304 158 268 117 195 117 236 258 172 61 4 189 230 196 333 308 202 319 186 248 31 347 183 81 283 287 225 264 355 239 45 329 43 114 205 16 85 201 314 337 341 277 163 112 194 38 65 219 68 177 17 229 77 160 305 327 318 211 278 289 349 86 124 55 93 143 7 125 29 280 109 141 290 125 104 354 289 234 259 7 2 202 62 281 292 213 351 196 128 218 132 123 266 49 59 141 11 165 229 289 305 313 171 24 155 77 110 20 15 177 87 350 244 11 100 340 6 104 112 247 84 310 12 81 357 101 72 0 231 36 94 135 79 217 3 315 116 318 115 76 358 104 106 55 192 19 200 247 243 272 51 260 114 230 26 180 78 257 310 124 263 71 155 270 110 113 239 182 19 25 340 320 91 204 227 62 271 266 245 303 181 227 30 255 180 67 236 132 77 102 70 355 80 92 40 65 338 105 346 332 351 259 127 358 119 249 189 186 66 204 110 356 135 2 129 92 161 315 208 210 28 115 145 28 337 163 149 202 228 258 250 54 170 117 186 297 321 335 191 34 287 237 121 327 197 87 9 2 356 347 123 345 258 142 72 35 209 357 257 176 359 22 184 181 222 140 244 209 10 90 196 252 294 2 80 124 87 8 95 46 209 340 98 303 241 262 293 44 209 85 285 192 119 57 347 149 348 57 284 98 249 40 215 167 208 201 15 195 243 72 109 63 262 130 321 327 346 342 113 96 232 109 130 325 131 308 152 235 216 144 346 56 285 309 42 227 
271 358
79 308 313 1 156 139 152 192 348 174 329 85 292 326 65 357 233 24 269 329 293 289 297 237 103 24 103 355 101 237 94 31 58 143 63 147 40 215 271 185 264 273 143 284 337 277 18 303 164 103 340 112 344 357 301 231 303 261 205 184 86 327 293 111 41 279 0 71 94 340 139 30 249 228 353 343 147 52 241 52 54 74 110 205 242 252 169 215 17 224 188 133 75 251 305 260 317 195 64 176 25 296 340 251 267 8 76 309 247 43 97 26 255 127 298 32 217 120 1 265 272 193 73 342 140 58 264 56 302 36 320 259 282 73 202 260 346 36 39 31 220 117 104 146 332 308 135 133 64 146 316 225 121 65 235 306 239 9 129 208 142 222 180 94 101 28 331 84 118 94 235 126 102 34 334 307 270 53 227 351 340 24 244 232 55 199 139 103 331 92 227 300 50 64 37 13 203 68 82 353 73 302 264 230 356 120 105 235 101 139 114 85 296 107 47 180 56 35 261 23 43 140 197 28 169 241 329 313 233 78 169 107 278 25 350 309 13 244 227 138 74 285 1 50 90 50 232 329 59 174 277 37 113 249 293 14 223 151 107 281 89 318 211 340 253 308 127 142 69 274 208 
52 265
354 245 195 266 117 56 255 205 245 44 45 309 24 1 147 25 245 202 165 157 162 177 191 199 346 92 66 120 31 198 86 61 19 27 270 180 357 230 135 288 318 103 96 234 209 133 66 170 127 335 167 185 
303 45
195 95 313 210 140 5 231 174 68 259 64 28 127 170 146 327 301 287 145 309 179 278 260 64 107 281 154 35 45 333 139 44 349 328 202 139 58 342 95 227 265 61 48 192 266 128 332 212 154 260 134 99 106 34 70 20 50 287 168 158 13 304 300 18 55 353 221 78 86 270 170 53 318 184 85 346 45 333 223 278 336 323 76 36 294 58 340 339 137 108 127 96 29 126 80 1 175 27 21 101 10 315 167 35 8 302 184 219 27 319 4 354 267 245 57 248 186 175 315 220 18 111 266 140 244 79 294 145 135 61 61 68 146 328 280 21 244 120 335 70 70 39 35 226 41 190 178 228 255 284 158 107 119 292 132 17 92 195 199 110 17 293 339 53 76 31 254 194 103 31 345 19 52 143 136 34 17 82 283 246 8 296 87 300 145 44 9 273 144 37 155 64 157 335 138 205 329 49 94 204 216 177 49 150 280 99 122 280 350 38 322 72 115 304 348 87 129 240 78 194 320 337 321 232 212 171 22 282 137 75 229 138 108 157 169 343 217 216 344 119 114 189 157 79 270 230 334 82 51 14 152 234 63 29 122 183 85 356 333 290 114 341 9 146 322 124 358 294 94 166 119 51 243 56 162 123 35 281 259 357 209 182 291 308 244 224 343 217 193 236 48 106 88 60 13 120 217 340 189 211 67 113 317 
122 110
114 4 171 86 269 181 218 258 55 77 81 278 121 91 169 23 113 220 322 127 185 118 79 342 138 296 294 123 171 111 206 35 30 190 167 197 254 213 265 144 148 119 290 4 28 207 315 262 0 220 252 113 223 162 246 195 65 30 29 32 266 212 126 346 332 300 76 222 309 186 253 137 141 116 345 107 314 142 32 306 273 102 311 186 266 12 208 128 199 285 352 328 149 48 21 29 124 4 269 62 300 182 67 269 283 16 9 6 64 216 14 50 243 255 100 89 73 334 182 320 94 327 
322 290
323 75 325 339 298 83 66 24 63 57 291 63 153 273 157 270 297 155 61 349 148 126 52 290 270 185 171 296 230 96 253 91 259 95 114 147 129 90 302 353 132 228 347 97 208 104 178 232 144 85 116 54 329 144 249 113 195 81 240 49 28 70 39 29 269 317 337 324 313 199 46 90 64 38 317 202 32 259 185 131 177 203 229 210 190 65 80 177 5 157 155 68 121 74 179 214 110 339 143 186 285 157 71 140 33 32 110 317 21 225 201 180 153 181 171 178 236 236 13 149 72 279 151 239 81 109 221 47 168 7 60 204 241 96 233 133 2 242 271 92 330 287 19 346 119 113 199 301 258 114 48 119 13 0 314 138 351 232 22 102 213 303 342 165 22 292 323 64 345 99 155 77 177 345 51 212 279 125 201 213 137 117 120 135 28 156 66 196 245 160 3 287 347 139 19 14 225 341 128 14 137 228 230 82 322 6 102 326 18 284 80 99 59 111 356 51 50 118 137 293 150 293 22 63 165 284 244 297 161 143 106 218 346 161 77 357 92 356 271 239 202 206 274 70 162 24 232 209 349 79 230 95 103 229 329 88 318 283 139 23 331 214 189 281 113 347 32 347 282 296 171 343 177 25 96 28 76 314 352 100 187 19 2 12 310 137 236 246 292 334 68 185 240 315 59 340 189 98 61 95 231 349 277 249 184 1 161 190 0 150 163 3 187 262 209 39 227 236 11 185 227 156 
41 66
114 118 75 123 7 146 156 337 125 166 197 354 85 41 255 36 97 292 327 208 170 235 271 98 52 24 54 284 111 32 93 139 319 76 165 106 207 99 358 134 48 
299 32
54 359 119 254 303 171 13 350 192 321 5 100 90 327 257 92 196 351 345 330 242 266 354 47 218 341 322 288 296 121 81 133 196 154 132 24 206 124 306 193 345 156 236 197 303 241 213 87 320 31 171 324 42 357 261 345 282 276 32 114 101 258 318 280 178 64 309 299 109 159 182 81 129 328 131 107 317 100 153 308 338 281 251 273 284 8 182 200 344 159 230 65 21 145 53 157 358 214 0 143 208 25 23 151 323 23 332 222 213 67 175 278 237 152 230 293 89 208 357 231 246 149 293 230 107 156 358 182 299 278 27 70 44 61 169 324 253 151 10 20 302 54 85 300 294 110 267 34 28 274 258 118 182 165 82 126 22 200 86 63 318 241 122 154 227 351 325 342 357 36 51 336 17 65 194 33 250 37 119 299 5 42 346 351 259 266 117 170 213 263 47 189 324 279 30 150 161 303 35 144 129 219 342 138 57 301 208 142 184 8 163 306 6 116 49 296 358 67 231 4 121 67 118 102 166 24 105 207 113 54 336 331 338 250 141 221 207 23 272 328 115 9 54 23 330 340 272 5 348 271 234 249 357 259 275 155 158 51 217 2 216 333 170 179 359 106 98 3 315 308 207 310 177 229 226 321 334 331 76 304 74 14 202 100 45 34 266 78 163 318 341 92 75 166 269 157 122 51 152 
57 269
316 37 85 65 355 64 278 245 156 174 240 27 60 60 303 56 336 289 122 131 80 332 352 163 238 68 263 32 54 127 8 181 141 229 5 327 154 208 246 344 309 341 267 259 118 261 293 206 277 322 218 322 61 159 89 188 204 
276 140
107 339 123 69 62 178 77 85 222 80 241 38 67 187 222 282 332 300 14 141 296 131 190 226 277 86 176 157 287 155 56 66 327 93 128 312 135 296 153 279 187 238 347 116 23 313 240 199 196 275 42 195 246 120 174 212 149 201 132 258 92 306 133 250 323 140 217 74 241 160 15 27 231 255 206 251 272 338 238 288 336 83 359 71 192 335 146 177 48 150 168 39 278 316 46 348 339 94 254 186 173 25 162 315 276 49 166 231 332 53 1 202 27 38 116 109 291 67 298 92 6 83 241 312 265 301 289 329 168 64 34 298 320 166 98 33 249 132 35 340 243 327 257 226 55 127 153 22 347 113 108 13 60 61 148 107 268 103 190 311 246 84 50 73 105 154 78 293 241 285 253 24 70 324 195 103 340 113 352 359 85 287 190 67 351 283 267 76 256 241 316 116 158 338 219 35 116 204 244 188 24 140 356 11 215 230 219 210 357 103 150 69 133 220 258 312 164 257 321 31 333 328 283 3 137 306 267 238 169 26 125 202 90 320 55 129 349 320 208 207 69 45 173 138 39 109 225 140 337 337 98 308 301 30 250 148 165 206 10 222 225 160 231 83 284 186 62 245 17 114 351 68 56 171 5 70 
240 334
71 2 175 40 85 219 76 228 255 56 157 34 60 310 179 224 271 145 79 38 298 68 45 102 127 60 299 132 224 187 319 216 241 245 275 201 323 204 135 251 70 266 181 166 152 19 207 221 286 102 59 167 181 108 112 93 189 119 39 288 189 226 54 98 280 42 128 184 334 221 90 136 99 317 308 314 246 283 350 130 282 261 46 241 157 103 282 344 23 258 231 214 52 181 251 20 76 70 140 329 340 198 241 314 52 223 268 110 105 332 300 20 255 20 150 313 216 138 285 52 163 6 51 24 192 276 312 3 11 249 78 323 48 191 205 303 84 221 181 117 137 256 213 78 286 23 239 354 181 290 147 19 334 131 142 264 77 308 290 7 309 58 10 39 279 34 278 352 315 238 104 259 121 275 127 38 81 233 292 257 286 336 310 309 165 179 294 349 89 42 86 15 71 139 352 31 335 119 188 47 12 177 277 315 7 17 173 75 21 353 0 60 38 73 182 198 243 321 91 234 81 106 7 30 341 154 231 320 352 322 152 116 45 253 351 48 322 275 268 115 
299 19
338 339 182 160 324 335 116 286 64 122 342 104 45 333 157 115 96 190 329 92 281 17 332 5 13 313 51 351 248 346 311 244 89 210 72 262 83 74 139 246 301 199 35 325 19 89 315 250 210 86 126 20 37 139 322 42 120 312 238 103 46 153 345 4 63 177 227 329 310 300 85 215 109 41 25 302 277 134 277 326 218 12 7 60 260 30 313 354 253 108 206 69 184 264 69 56 191 127 230 173 88 303 290 136 74 102 113 105 174 272 127 69 174 108 239 2 351 90 157 25 350 297 203 328 118 318 249 110 358 35 210 209 354 206 202 343 245 82 207 214 118 209 348 116 85 262 259 162 351 226 37 206 337 63 314 359 159 272 8 5 225 198 61 11 95 358 320 75 75 216 128 257 128 103 95 303 349 95 291 359 30 29 65 170 304 3 147 125 324 307 5 313 195 64 270 116 352 171 239 186 306 208 67 139 283 334 30 316 187 29 359 118 13 279 265 86 279 228 131 309 264 123 121 208 69 164 161 342 251 323 209 139 319 309 246 346 77 336 220 171 159 177 240 200 354 169 286 135 239 350 54 215 316 16 284 84 199 310 69 30 85 194 72 126 102 152 286 351 99 238 309 302 87 108 264 113 84 223 99 52 236 52 281 90 279 129 94 227 140 83 123 347 213 194 271 175 299 46 334 
322 251
69 81 286 151 310 343 12 196 160 223 190 112 51 139 17 82 87 103 74 235 204 283 140 288 111 58 302 176 69 242 251 357 336 69 317 102 147 270 258 109 358 331 272 314 350 298 299 184 338 266 198 16 333 187 286 86 267 81 18 263 283 192 3 332 221 206 95 1 55 131 348 165 296 301 51 241 141 74 158 80 63 62 198 147 125 132 13 80 348 108 274 190 65 177 159 31 288 339 119 191 343 207 347 130 343 63 30 327 58 301 94 43 156 20 221 48 304 144 265 209 155 194 352 332 122 343 332 17 134 247 71 63 188 210 31 198 288 331 221 137 333 248 110 214 282 225 223 242 236 208 157 88 17 29 66 249 9 183 259 206 82 138 160 344 40 349 162 77 190 353 348 270 122 295 254 10 92 265 330 113 199 157 14 294 141 61 0 141 222 118 95 351 314 127 56 23 255 143 114 314 341 325 252 330 206 37 76 313 189 229 250 205 54 137 10 217 51 336 46 296 305 88 305 274 32 58 353 5 332 128 27 301 333 165 313 276 344 125 279 174 107 180 257 28 202 265 33 305 75 205 56 38 157 222 243 329 46 64 252 72 189 90 27 353 274 238 294 305 27 160 355 211 117 13 75 144 53 303 179 142 338 188 153 72 197 66 333 168 60 212 321 74 67 352 45 17 9 57 346 336 126 229 155 353 245 263 233 288 261 16 179 92 38 147 315 276 175 57 142 52 76 304 
289 37
216 14 170 122 327 279 278 263 46 247 43 247 231 303 318 48 168 330 26 63 186 120 231 296 311 228 234 202 116 337 103 242 110 194 47 54 239 277 336 50 169 53 105 209 259 67 153 170 238 257 62 301 81 65 188 51 143 33 186 221 141 105 1 55 43 330 202 354 73 8 112 127 308 251 45 27 81 257 6 112 326 153 342 8 186 117 211 275 262 295 89 329 26 209 337 65 341 47 70 199 67 150 346 123 289 27 126 204 135 93 104 27 217 329 309 105 234 109 358 197 268 210 110 54 244 344 244 40 171 354 288 19 254 1 358 244 79 185 287 86 357 121 297 298 46 31 68 218 184 309 7 17 25 31 201 44 293 315 39 108 254 231 114 248 136 144 250 36 192 319 82 154 263 229 201 348 296 170 44 76 95 40 334 105 57 77 60 252 205 124 263 122 39 40 323 48 287 98 36 248 24 259 24 98 190 208 337 151 108 121 294 120 220 359 282 131 345 325 179 30 132 320 232 147 13 132 79 320 103 336 357 32 285 22 25 16 63 227 224 153 105 342 326 63 322 115 117 161 141 49 132 142 270 161 295 123 226 349 256 276 232 275 130 325 82 246 308 321 131 94 334 70 206 29 211 117 54 309 144 280 286 196 163 68 266 12 83 49 60 
163 344
23 11 248 316 356 71 156 279 321 74 321 107 51 262 233 127 190 100 58 251 358 332 10 48 282 333 249 140 173 210 221 231 288 111 287 73 80 3 333 121 114 176 354 330 351 224 125 76 276 32 216 121 284 291 344 50 355 47 304 165 276 184 88 227 268 101 154 218 177 249 23 254 250 349 327 289 46 40 350 257 188 267 327 58 270 109 224 39 26 233 70 354 20 282 94 12 3 248 187 251 242 214 320 138 193 236 250 86 178 106 43 226 321 19 290 26 43 206 287 315 266 154 94 198 19 71 267 98 219 313 331 313 176 333 310 153 52 51 90 131 195 255 247 43 49 27 116 197 323 165 202 169 82 18 33 138 54 331 283 358 352 2 183 
348 269
121 285 248 223 156 358 164 82 147 241 310 238 104 203 179 23 315 234 286 190 179 87 336 175 279 296 129 277 228 193 166 262 80 130 111 328 287 224 77 199 64 37 310 3 23 92 54 49 242 82 281 155 194 116 129 334 297 168 353 171 143 265 170 86 236 73 78 275 191 323 277 275 171 113 216 232 203 257 175 358 53 182 356 201 181 344 93 281 103 290 112 296 325 193 144 251 0 2 118 54 218 268 275 190 18 173 197 303 96 222 249 116 36 299 102 259 174 30 208 132 259 215 248 111 255 179 121 248 77 295 213 61 77 111 137 71 237 64 140 188 69 180 268 339 155 168 165 109 97 235 346 27 26 187 147 119 93 255 101 321 48 234 210 4 118 64 350 2 69 92 145 236 69 177 66 294 80 136 273 103 57 318 222 147 87 178 22 335 358 68 100 59 42 25 171 347 93 347 343 270 53 167 139 342 300 104 73 30 87 221 226 351 220 15 52 249 222 144 54 70 232 132 173 210 289 155 44 261 248 69 6 26 271 145 355 76 48 163 268 283 33 23 230 260 98 310 229 251 135 202 162 133 90 84 259 313 123 214 198 129 95 313 40 31 282 302 328 323 331 282 47 257 95 214 318 127 299 161 336 163 113 132 291 235 154 278 97 355 6 174 68 102 328 138 325 142 132 70 141 66 349 330 236 207 18 339 174 179 111 326 84 197 22 354 8 335 223 202 147 46 52 255 196 96 180 177 99 283 89 170 344 151 316 293 308 287 6 312 254 123 316 219 315 67 130 146 267 248 
62 147
270 177 277 3 76 337 143 234 258 186 203 220 11 116 318 52 82 312 258 217 156 24 235 215 29 287 184 234 339 327 75 295 315 58 245 240 243 242 303 36 346 353 264 306 76 53 255 308 116 46 355 17 254 157 277 20 289 347 171 323 111 208 
223 147
49 295 160 42 280 125 225 66 279 214 162 67 161 110 60 343 77 231 234 137 337 237 122 136 46 87 23 34 57 243 209 162 116 182 225 186 117 356 218 161 356 88 91 99 52 116 225 55 158 197 358 232 267 289 335 192 348 153 29 141 193 207 0 315 157 274 240 325 253 34 230 36 56 100 305 101 93 196 342 28 228 255 96 14 42 234 17 153 177 334 320 117 192 21 38 329 350 344 8 350 13 301 266 315 298 108 103 308 246 31 312 137 344 127 275 9 99 346 334 127 51 147 296 177 205 55 160 28 172 268 21 105 268 235 190 69 40 9 51 132 22 200 147 271 325 90 203 241 358 236 359 319 300 263 246 146 116 196 233 251 220 275 163 26 276 70 92 73 307 330 339 302 267 1 259 165 187 89 291 4 222 71 38 140 125 335 348 265 161 330 3 158 162 143 53 59 74 194 356 351 227 326 43 180 6 154 104 173 56 200 122 38 210 52 217 99 94 273 342 250 221 122 288 
148 284
190 134 113 207 96 328 80 235 133 266 341 288 162 207 93 143 234 183 301 207 80 270 97 247 19 158 78 218 138 318 271 78 266 281 157 340 321 76 263 301 314 120 19 299 179 37 224 289 236 86 194 154 135 104 120 218 127 299 32 235 240 135 43 105 132 263 318 180 145 181 230 175 191 162 225 196 292 120 87 6 336 94 243 257 39 262 217 331 172 94 45 233 21 206 289 139 82 125 135 273 167 162 223 134 240 145 343 76 245 232 292 33 316 60 148 287 37 233 188 56 216 224 45 203 195 156 332 249 344 64 325 207 99 66 33 89 255 153 172 85 144 143 103 202 171 34 328 19 
337 161
122 1 277 122 200 328 342 147 149 73 6 78 12 340 173 226 340 71 20 133 200 234 356 217 115 103 215 48 352 206 54 219 70 341 228 319 132 255 134 91 94 265 84 186 126 17 194 38 190 131 156 276 98 110 160 202 181 179 268 272 342 293 356 252 263 347 224 191 10 103 293 318 36 195 336 71 312 6 197 16 203 281 254 204 249 161 316 193 303 156 189 229 262 261 233 341 349 275 162 280 120 332 129 52 308 210 270 253 279 31 278 37 135 55 213 350 235 71 297 119 75 321 265 137 285 22 304 224 108 209 95 346 155 78 61 222 250 347 279 116 138 97 353 120 109 195 288 304 247 323 316 317 193 91 292 10 89 3 178 31 186 121 121 285 55 334 206 130 311 45 245 202 118 255 282 129 180 324 309 77 88 319 136 0 77 3 130 328 218 264 49 206 141 117 176 165 4 33 344 307 270 158 240 2 5 153 7 351 337 163 79 325 120 304 162 150 248 66 221 17 182 94 37 203 311 30 29 335 119 174 231 81 343 263 317 52 21 256 284 186 256 28 359 185 332 243 192 205 273 90 266 111 111 64 73 81 11 281 145 275 255 207 321 327 92 355 21 285 2 270 300 244 271 84 34 223 58 7 277 98 119 245 311 213 141 324 228 199 313 170 266 26 134 244 178 121 121 146 81 37 275 150 126 225 307 144 349 333 29 230 93 54 35 197 282 343 251 101 66 62 189 293 67 118 150 70 237 181 243 240 187 265 66 326 216 318 30 
296 316
251 356 166 315 263 278 311 313 348 323 341 309 215 251 304 157 41 221 147 130 53 3 31 140 226 228 288 129 112 249 107 325 157 189 29 90 135 160 353 107 23 136 46 319 16 69 259 1 65 103 175 34 59 19 80 52 112 75 224 233 120 221 110 312 120 269 308 329 290 196 359 256 294 153 26 71 271 268 101 21 47 358 98 104 277 218 106 236 209 323 257 61 74 274 274 4 187 294 260 333 130 192 262 250 330 278 12 31 278 177 183 27 175 245 181 181 264 250 276 69 159 292 214 332 270 18 25 296 39 328 329 351 344 168 201 215 255 245 347 39 74 233 125 125 195 75 289 72 144 328 281 136 347 75 170 156 303 327 39 321 77 114 330 269 85 72 111 275 347 94 95 338 351 176 327 48 338 33 127 203 247 77 59 354 303 179 243 17 198 346 288 257 323 251 86 99 317 346 251 124 332 248 56 53 303 231 82 123 142 283 328 78 117 332 168 345 25 111 298 37 214 194 90 33 155 351 20 339 19 1 34 170 146 264 2 116 267 280 249 195 350 285 111 252 80 208 268 174 156 115 314 62 76 189 10 301 130 77 282 257 151 223 268 13 235 258 62 265 16 38 48 67 356 68 47 159 319 149 153 8 291 132 238 329 122 156 26 100 297 203 166 181 0 285 71 143 
233 216
207 237 163 69 92 270 276 211 15 314 171 207 329 177 43 256 190 228 346 187 102 29 99 207 197 333 89 167 310 140 36 320 259 238 325 311 69 241 318 50 128 329 86 101 221 182 221 294 352 149 338 276 97 244 238 326 280 45 178 317 54 217 337 296 320 162 19 189 174 332 73 218 104 281 90 330 207 330 269 331 114 227 296 331 197 136 81 15 273 158 151 70 69 233 185 258 183 22 7 122 337 9 32 311 120 221 326 96 131 67 43 257 115 65 73 175 75 355 125 213 170 257 295 73 101 55 87 344 104 214 1 310 230 4 39 13 61 239 174 220 251 333 48 312 229 5 348 125 194 330 35 268 5 311 232 289 201 155 72 177 210 271 53 204 148 136 32 63 131 195 330 243 268 64 27 104 74 14 315 151 145 49 243 3 36 318 142 62 338 331 355 181 172 334 299 178 277 47 153 194 48 135 337 274 66 131 30 59 357 356 202 359 328 274 26 148 249 11 341 149 309 1 332 284 193 270 122 249 321 99 355 160 336 
128 310
85 237 128 24 10 223 358 280 73 100 165 206 292 2 135 90 103 6 26 308 248 261 218 8 189 178 335 283 105 105 343 114 181 102 101 156 209 246 132 236 67 259 2 343 60 230 71 333 144 153 75 198 315 297 195 99 187 162 51 133 44 289 118 246 64 313 105 164 158 5 353 303 201 146 294 171 26 290 62 102 349 106 338 268 301 27 235 269 118 29 95 166 27 312 324 113 167 74 144 334 275 203 298 50 246 235 348 173 321 150 191 81 88 244 99 153 323 63 269 319 262 4 180 295 197 226 23 147 
145 21
315 2 46 356 232 146 172 97 96 228 42 125 159 232 186 263 205 268 244 37 207 318 148 187 18 257 296 8 335 347 356 297 108 249 282 62 201 75 224 224 304 305 69 198 78 119 345 76 191 133 326 133 242 156 25 42 344 17 15 141 185 178 228 347 95 159 95 62 174 225 234 323 261 160 273 124 163 18 233 276 310 20 103 87 232 223 300 196 61 49 59 307 38 286 329 64 180 20 24 126 28 104 321 262 7 356 91 166 20 15 22 0 18 15 245 310 347 118 17 220 244 4 356 151 27 210 70 46 77 335 355 261 270 184 91 188 358 16 41 134 42 150 187 27 45 
231 291
151 24 145 177 13 264 131 254 95 44 254 130 32 145 277 359 230 144 117 164 321 247 86 256 28 186 76 15 24 285 257 117 27 207 113 113 35 301 358 76 198 348 68 18 36 296 144 142 21 209 154 165 232 130 334 228 168 329 187 338 60 325 1 102 201 159 232 300 31 209 343 156 114 283 203 315 357 246 6 47 310 7 240 297 128 348 87 155 51 237 114 130 64 57 261 168 255 355 24 35 7 91 271 351 262 247 173 299 167 350 7 259 275 148 41 191 38 185 63 320 198 37 282 264 147 158 85 24 322 243 317 34 47 112 110 285 48 259 286 326 27 358 198 336 24 16 253 137 135 168 89 301 218 200 193 357 48 332 9 37 184 46 74 274 181 217 7 176 224 10 350 156 307 48 133 256 142 302 307 29 303 19 106 122 273 354 321 318 24 257 307 131 275 226 349 125 75 179 280 61 29 61 96 223 190 275 227 74 152 109 238 179 114 215 193 34 99 18 266 177 101 171 159 144 314 341 346 182 27 150 211 
20 343
72 221 334 243 16 292 196 92 22 56 232 196 0 76 83 106 81 98 16 328 
303 320
210 193 5 285 317 344 79 79 290 295 247 151 188 342 33 1 215 231 344 225 356 343 25 228 73 321 208 204 356 23 306 195 47 285 5 151 337 223 183 19 346 119 215 302 58 142 344 108 332 223 270 219 195 67 322 101 79 13 248 358 141 215 242 333 38 202 67 206 349 359 206 71 4 57 14 203 206 206 302 314 188 60 61 250 56 346 57 254 190 281 85 208 339 33 316 336 221 279 79 325 9 326 324 264 29 320 184 34 330 249 334 256 266 108 306 117 89 74 336 247 178 237 120 43 256 144 43 308 287 134 36 92 335 16 248 271 158 143 105 122 152 314 174 241 251 179 135 338 148 347 10 87 73 309 220 61 79 186 339 119 270 54 345 224 158 286 347 287 210 203 60 254 22 48 89 15 59 298 30 303 57 172 50 35 102 166 216 65 75 90 159 186 154 92 95 211 37 54 221 74 336 52 226 245 54 176 176 341 73 41 280 334 182 341 338 161 125 301 173 162 9 243 184 327 297 353 177 201 172 13 205 182 297 229 334 57 327 225 21 348 266 36 14 206 98 192 307 342 229 215 327 240 201 257 344 294 153 53 175 120 268 205 93 332 171 129 62 136 270 97 310 352 28 76 140 71 316 121 167 22 326 214 311 54 184 20 175 337 331 140 174 6 69 74 118 94 23 80 236 186 128 166 101 
77 39
94 76 153 65 171 20 0 233 47 30 128 0 286 60 288 131 348 80 18 163 132 215 28 33 315 266 213 88 275 206 190 52 232 243 192 271 254 187 244 38 195 196 139 196 240 350 52 231 274 194 253 337 217 225 99 126 199 315 133 103 247 89 283 318 203 324 182 122 305 171 351 325 117 238 71 253 158 
300 183
184 319 353 320 329 194 336 165 17 258 66 273 52 157 299 343 39 77 201 68 264 109 323 321 218 108 189 17 187 79 199 239 200 253 322 262 17 192 19 183 91 191 290 23 244 203 169 354 326 263 195 143 99 30 213 74 0 222 140 220 211 296 215 344 28 7 220 49 258 282 21 198 315 90 94 12 22 260 283 357 52 166 186 101 235 306 358 7 339 291 162 3 297 204 105 156 314 211 336 151 3 284 139 112 264 243 254 83 292 276 177 85 143 177 105 32 35 119 88 226 87 292 146 8 286 38 31 38 289 265 333 10 29 221 288 11 39 208 189 334 128 294 319 157 98 175 57 94 255 16 242 343 279 154 204 307 76 319 216 10 265 104 119 127 84 164 52 17 115 161 147 41 86 24 142 342 258 95 358 300 282 309 107 80 105 162 136 266 177 285 16 199 113 313 63 97 316 187 191 234 13 187 147 325 176 274 289 106 219 189 312 341 162 238 296 116 308 351 202 15 245 275 324 210 31 316 339 275 146 150 59 183 352 134 139 67 203 212 93 29 164 191 328 83 236 103 356 234 334 207 54 244 159 68 222 171 356 251 54 96 308 295 11 93 177 147 168 226 215 233 208 133 337 317 47 218 320 226 231 121 151 229 115 135 42 190 103 125 53 334 276 124 353 307 23 276 221 172 139 217 
