21
339 360
231 283 94 326 330 304 105 344 141 145 35 5 85 282 118 126 333 166 203 3 359 114 179 329 332 275 4 192 89 280 103 222 221 68 318 119 71 9 229 247 12 23 196 225 306 138 325 24 28 351 332 241 260 254 167 83 334 172 89 43 270 339 106 140 299 47 336 7 164 187 354 27 104 26 273 249 287 217 49 335 46 38 315 120 310 117 32 44 252 100 65 200 122 187 119 19 260 148 113 238 244 72 216 56 32 88 304 252 8 60 35 287 255 193 131 207 94 355 206 90 95 104 30 4 165 267 212 197 35 137 19 145 115 251 330 321 32 351 16 82 53 297 158 143 83 110 48 272 300 222 221 152 69 335 308 213 17 184 73 272 9 43 71 248 97 223 46 320 258 318 333 70 48 6 266 197 205 52 192 344 131 42 265 210 280 241 69 234 202 95 281 293 87 82 53 94 124 58 295 310 339 198 128 325 176 255 128 18 330 93 183 177 161 56 151 275 352 55 210 130 249 47 233 294 56 342 279 312 191 208 20 27 8 353 62 329 181 290 63 184 246 141 182 201 335 12 227 118 324 342 67 150 106 196 199 9 40 189 25 23 235 226 234 37 178 33 48 299 145 235 1 281 82 9 221 265 283 67 35 191 150 307 357 31 313 34 40 42 77 281 352 35 323 61 75 29 236 39 12 236 296 306 179 307 22 179 285 223 235 158 169 227 206 322 234 342 320 96 141 34 284 345 16 148 144 52 132 190 215 252 351 162 120 309 62 2 282 292 226 
80 320
90 130 287 352 287 247 147 84 203 320 11 357 74 105 317 67 116 27 25 259 249 308 104 60 17 152 243 25 311 298 29 261 290 206 189 137 61 184 182 347 65 222 272 35 258 81 35 349 77 252 343 331 309 149 154 278 142 301 191 23 95 273 18 66 14 31 200 310 354 202 116 180 57 179 300 321 89 160 111 126 
206 348
125 9 292 275 46 256 235 239 359 185 38 217 163 22 226 247 36 95 25 157 256 70 279 324 295 328 158 45 221 218 86 351 142 45 83 174 247 268 242 151 201 17 188 9 121 114 215 57 29 7 315 190 2 169 129 134 243 142 219 183 129 323 235 117 305 234 269 233 91 7 317 184 205 48 196 23 325 54 236 103 176 230 57 350 341 330 294 146 98 237 101 191 64 237 82 271 301 340 170 255 5 180 3 291 135 214 206 347 125 258 235 77 352 108 345 200 87 143 82 145 260 139 48 77 248 44 155 275 311 196 57 196 273 236 101 29 287 174 93 193 30 164 83 84 276 336 211 35 6 91 43 110 221 0 135 351 75 51 199 17 356 52 26 236 200 174 265 176 151 157 14 77 85 178 5 120 321 52 78 10 23 102 103 251 209 251 230 165 156 38 139 77 173 298 186 152 88 78 277 75 280 183 195 160 238 111 
30 63
247 281 172 248 256 121 66 136 2 335 46 234 246 330 277 200 258 91 196 92 256 139 352 62 81 355 7 321 101 162 
282 258
256 299 82 23 181 139 282 37 337 279 255 11 322 253 47 82 284 330 0 37 18 121 199 271 32 82 81 309 65 113 355 20 135 215 281 315 74 66 249 269 30 261 352 286 39 54 103 180 356 194 207 246 348 187 26 146 194 234 104 288 109 264 110 306 226 239 263 245 263 319 254 116 239 203 313 240 33 285 135 223 194 182 97 174 33 195 34 16 329 237 124 179 8 243 290 171 335 130 153 339 200 72 192 213 321 209 174 149 137 88 104 292 183 137 179 135 20 293 141 103 46 246 190 33 99 86 150 210 87 104 129 100 276 263 108 161 352 157 52 221 229 318 143 155 223 34 231 352 282 151 358 281 144 265 323 154 103 286 344 276 317 306 322 118 234 265 318 267 241 37 302 241 94 288 256 215 322 30 299 44 3 39 87 140 123 313 120 358 109 305 295 222 191 187 194 232 51 68 188 185 264 283 44 335 315 235 130 111 52 66 183 328 147 348 103 134 103 73 0 79 72 18 61 107 55 136 205 14 217 23 189 335 109 211 112 247 107 199 296 112 5 354 235 314 287 308 204 327 95 146 344 212 102 204 249 46 259 39 16 49 249 64 267 183 93 41 288 1 244 133 288 335 252 180 315 38 91 134 24 311 12 135 
245 276
58 301 209 343 20 252 59 109 203 57 235 148 263 87 257 217 220 97 132 0 111 248 200 259 93 230 312 116 278 86 330 214 186 140 48 284 304 64 57 259 285 145 199 186 180 17 34 229 341 219 35 117 69 87 20 17 199 51 287 37 278 158 333 141 177 188 354 194 346 19 65 25 273 190 131 290 181 4 26 159 351 59 69 209 355 127 200 270 245 242 13 36 126 186 135 58 247 161 25 145 339 142 252 197 166 243 289 299 319 314 31 242 345 197 225 90 307 19 236 56 277 229 156 50 356 184 84 87 165 35 128 145 188 82 82 74 226 285 11 207 13 156 87 85 295 131 35 57 29 199 198 21 285 353 284 204 90 245 206 39 229 127 163 136 189 254 308 338 13 327 207 9 176 79 159 169 219 84 307 242 304 352 65 139 30 51 176 21 342 137 329 334 260 317 336 142 239 203 70 322 277 156 44 133 292 313 85 322 106 164 296 144 265 29 136 156 347 82 144 300 111 10 160 113 247 182 307 202 283 72 181 259 15 211 103 197 87 339 344 126 82 13 316 181 119 
267 148
300 45 27 270 34 225 8 349 271 247 101 189 233 120 137 64 142 249 61 251 19 101 88 59 97 68 220 105 272 171 146 262 167 39 228 319 56 270 81 42 359 113 144 86 221 276 72 269 353 205 221 33 264 205 275 307 320 1 270 355 105 105 327 263 9 33 350 264 133 152 40 162 125 234 208 185 182 62 58 58 285 259 173 73 85 89 85 174 258 221 290 272 59 19 172 163 357 57 115 208 19 358 324 352 290 95 221 210 60 181 200 76 87 66 33 94 129 240 198 260 133 57 11 210 45 314 38 294 48 105 271 310 283 52 54 126 94 269 21 233 129 81 231 293 281 287 211 294 172 277 283 129 300 132 122 125 210 69 162 287 113 352 47 292 20 348 58 276 252 292 163 234 241 313 45 128 181 33 216 6 221 130 80 232 68 62 198 132 336 174 303 58 342 31 87 17 9 104 208 257 95 107 300 297 329 305 288 58 148 289 109 316 54 58 63 342 197 119 108 123 142 160 235 265 104 198 308 139 141 57 357 140 30 260 257 172 191 302 223 298 318 269 307 165 258 321 23 48 210 121 271 309 348 23 68 31 51 45 2 5 250 289 289 100 192 46 148 
207 39
223 254 197 301 289 282 16 197 103 256 89 230 151 2 333 353 218 229 138 86 97 27 119 153 195 351 214 183 199 328 229 349 266 50 79 161 359 355 268 284 335 152 350 295 128 314 216 327 301 36 219 198 236 57 22 173 303 90 234 146 204 291 345 349 122 321 185 243 345 257 255 127 105 151 94 154 121 185 257 68 308 124 5 285 240 81 94 328 4 203 185 287 113 218 347 254 122 88 88 141 16 219 103 95 1 91 114 216 100 47 102 239 80 31 181 6 51 358 83 298 160 117 183 315 248 309 351 172 214 322 23 73 147 259 158 266 263 251 308 314 45 97 92 349 44 115 321 259 153 207 68 61 10 133 285 266 64 323 288 188 63 228 56 11 272 180 121 127 350 178 321 124 145 194 193 182 238 2 306 324 178 100 84 203 199 66 212 23 349 2 82 68 80 277 112 120 149 21 278 90 335 200 299 323 65 106 193 
302 228
263 57 220 96 164 190 345 314 46 12 334 252 83 214 41 192 108 152 201 274 212 304 331 186 304 324 291 146 87 332 157 89 292 8 225 248 181 260 18 70 210 41 270 120 351 27 25 154 144 118 334 203 320 335 50 87 8 268 346 103 290 311 173 71 183 276 16 341 344 293 236 73 43 17 77 93 31 79 49 273 166 165 355 181 17 7 345 77 339 28 204 272 153 133 111 63 254 216 210 8 278 50 306 351 330 176 319 298 312 311 116 29 111 343 91 202 128 43 73 203 34 164 305 309 322 169 261 272 263 74 73 106 129 51 52 227 77 323 144 352 104 99 329 290 95 206 73 270 37 305 117 102 204 90 20 83 132 78 203 334 54 163 238 272 53 333 317 259 3 174 122 174 196 189 116 111 55 0 134 355 88 357 73 215 226 258 142 357 20 155 34 277 191 326 25 71 184 147 185 38 289 263 99 286 346 263 30 228 326 162 86 329 180 151 110 348 151 10 171 71 189 172 237 44 295 259 50 356 356 13 160 159 28 129 230 113 145 354 256 334 202 252 218 325 37 244 281 303 300 24 155 308 15 39 289 11 208 15 231 146 97 147 37 0 267 357 103 285 100 289 84 234 163 79 151 315 66 105 231 251 20 61 294 41 105 63 8 83 172 98 329 103 4 183 72 289 27 337 149 260 352 116 
105 262
178 251 53 105 64 190 187 338 310 138 14 295 193 28 44 232 268 161 192 140 91 333 297 289 20 13 81 168 4 190 200 151 179 205 223 174 321 28 344 233 132 290 71 148 207 122 213 123 132 303 41 179 356 79 97 349 334 328 238 58 15 247 300 166 244 342 156 158 151 170 102 248 303 280 37 291 8 351 267 88 79 183 352 357 306 350 302 17 291 288 12 30 352 101 316 339 78 261 186 100 346 66 154 232 171 
304 187
47 252 209 248 58 129 58 322 205 314 156 283 125 318 115 58 354 164 168 315 58 168 350 74 294 240 42 225 113 144 54 289 317 30 192 125 74 82 91 356 217 189 76 119 72 14 118 93 23 87 301 28 41 259 142 290 101 348 173 198 178 314 23 5 103 168 87 63 235 118 349 344 122 267 300 243 338 40 122 339 307 143 29 101 310 132 2 167 79 308 138 233 108 124 187 62 226 220 117 248 82 183 264 200 169 57 298 49 203 212 290 249 87 189 245 331 117 184 348 109 219 0 29 234 180 22 161 7 24 351 156 193 237 98 111 190 200 359 358 222 189 229 22 173 163 349 249 341 258 356 127 190 197 16 90 292 85 345 287 269 72 227 75 359 80 143 318 24 159 257 335 249 41 106 315 275 110 215 206 354 28 204 244 252 158 178 139 87 244 249 117 201 69 282 254 196 107 225 259 192 223 347 242 112 101 38 318 213 112 77 336 250 99 104 333 275 49 29 55 105 355 31 78 154 247 301 312 343 254 207 282 176 6 359 126 112 334 164 207 139 189 309 15 92 229 293 209 136 12 294 303 81 139 292 4 222 225 245 35 80 69 192 324 328 160 248 237 108 150 308 76 181 1 337 107 328 276 278 318 84 5 139 38 148 155 318 307 292 162 68 35 347 236 203 1 6 353 302 138 240 294 159 236 156 
336 223
65 341 333 335 309 251 60 118 65 296 348 281 68 303 10 227 50 308 13 23 46 174 115 279 159 343 75 160 215 5 133 168 326 268 292 49 143 347 325 268 255 139 48 119 309 84 280 315 330 324 117 308 133 55 128 204 12 197 80 137 115 310 193 188 47 347 299 233 188 133 120 102 37 16 35 63 354 79 35 153 36 71 244 48 186 300 15 290 281 99 50 99 122 112 114 179 104 93 113 56 42 119 104 259 119 320 202 40 136 307 156 97 151 82 308 280 129 157 97 293 89 106 187 122 303 38 47 28 10 186 83 132 261 23 264 151 78 93 128 206 141 91 85 194 195 302 15 153 161 82 195 4 24 292 16 183 266 342 334 348 257 169 293 294 69 233 271 4 172 317 7 279 115 300 79 114 84 172 10 130 310 89 310 172 46 336 237 341 177 1 310 321 254 164 278 336 340 351 261 338 339 47 148 348 226 299 341 16 241 150 134 229 150 11 354 28 288 29 302 281 325 130 199 104 250 255 328 128 242 122 191 339 18 331 90 160 313 97 101 121 316 348 128 267 90 15 123 79 359 301 185 192 298 135 298 190 24 20 130 214 7 200 314 133 265 276 222 184 70 36 314 15 130 237 331 204 285 1 212 229 328 121 265 343 332 232 276 319 346 66 99 352 19 328 356 59 61 60 271 60 160 54 12 142 136 220 210 277 146 236 127 326 206 105 217 132 35 190 155 300 320 294 190 145 215 198 217 321 115 230 314 111 59 347 55 317 
305 150
174 21 341 158 160 73 123 205 90 46 338 106 149 140 101 240 78 24 344 218 103 71 86 162 287 270 137 81 311 233 91 25 15 286 195 284 38 328 135 278 16 204 90 68 242 322 211 348 249 121 341 42 250 95 221 92 298 167 38 324 162 47 236 104 26 303 222 259 8 49 226 109 34 129 75 218 326 100 18 207 225 309 182 28 74 299 3 208 252 224 14 55 181 207 283 136 38 94 9 296 82 85 131 315 205 273 158 3 80 347 206 358 92 335 117 12 181 25 221 295 80 12 253 186 354 160 234 179 218 181 20 141 308 348 41 251 154 273 132 257 15 36 11 347 78 11 183 132 104 107 333 190 42 343 65 161 63 79 265 291 282 151 224 317 51 345 46 287 70 90 198 267 39 132 48 2 118 86 105 358 264 168 47 20 107 170 194 131 301 2 126 288 329 289 312 66 22 11 273 324 4 216 130 57 183 37 279 344 19 27 24 148 209 73 72 297 273 243 240 171 82 359 86 254 1 51 211 277 244 8 38 279 174 48 132 40 256 276 80 86 50 160 225 335 288 282 124 2 125 341 305 124 7 239 154 165 231 350 292 106 288 107 48 351 58 96 63 297 244 242 309 303 307 332 208 279 352 45 208 272 284 83 98 157 81 343 41 2 119 153 352 323 102 212 275 207 84 86 169 205 164 202 305 166 189 
56 143
77 6 260 9 325 339 188 135 97 259 320 137 125 163 252 295 158 5 176 6 229 300 280 99 146 141 20 74 301 272 47 101 61 330 89 289 18 11 328 107 152 159 11 39 346 120 204 119 109 146 67 166 196 334 277 162 
257 15
254 267 31 114 119 46 300 157 46 17 78 97 10 336 229 255 354 256 174 175 255 264 8 68 52 71 227 144 244 110 2 93 134 285 298 325 165 100 135 63 267 2 2 197 48 89 103 322 61 160 184 320 252 318 278 11 57 272 259 284 101 253 112 210 198 172 150 338 71 288 283 2 330 223 176 304 248 348 35 304 212 28 325 348 133 304 282 185 109 83 224 292 275 229 341 149 316 310 271 288 0 72 159 252 43 146 160 60 207 353 244 130 172 319 23 203 96 75 246 24 139 227 81 158 156 290 315 58 203 102 349 331 77 264 45 305 137 134 254 37 80 27 53 104 314 34 112 109 185 181 297 0 35 328 97 138 113 318 258 185 285 333 135 236 195 75 102 2 12 47 138 259 124 40 328 169 137 74 321 212 67 134 250 24 345 41 175 312 66 47 98 208 270 122 142 64 264 43 308 188 278 266 162 83 298 207 359 221 228 85 117 209 272 46 211 254 355 97 48 68 197 279 103 350 15 160 137 162 223 260 308 287 121 40 311 312 26 16 245 100 253 148 84 119 352 326 329 207 7 293 28 72 74 151 137 231 149 
60 262
17 347 167 280 136 259 143 69 304 327 190 35 1 196 71 248 294 89 156 107 310 223 95 171 194 170 245 304 285 233 161 140 253 249 74 172 121 320 36 338 130 67 194 7 314 21 275 313 287 149 355 290 316 341 55 68 143 167 1 311 
65 80
283 162 69 30 330 259 73 329 194 283 77 275 94 54 100 234 70 208 234 252 77 194 262 3 359 148 121 33 298 141 356 315 106 34 128 308 112 224 36 356 54 45 65 210 61 312 255 207 86 172 168 161 326 20 222 121 108 215 334 247 304 339 72 187 288 
10 276
175 311 278 134 75 81 54 279 339 294 
360 70
42 352 333 10 82 45 78 11 197 169 133 356 233 125 244 75 336 256 22 294 214 97 198 38 204 245 245 110 100 40 159 236 306 71 219 315 211 106 314 129 16 275 296 91 217 94 85 228 220 281 15 47 94 249 265 242 12 299 303 300 91 341 71 1 109 14 194 60 185 127 63 273 175 160 295 160 345 150 123 198 333 298 188 299 283 82 53 285 235 170 293 0 301 96 186 336 275 39 132 274 0 340 36 110 294 324 240 124 321 242 337 35 261 349 47 201 71 333 29 208 291 247 135 247 128 54 302 327 242 297 221 145 66 324 108 167 200 35 74 282 293 90 325 185 68 334 200 229 250 21 91 224 32 45 152 240 188 166 27 11 263 33 277 99 224 325 280 337 148 240 211 27 126 97 7 118 230 321 297 9 70 85 197 281 348 2 112 318 342 243 194 112 183 277 171 21 132 205 291 184 50 316 215 45 240 182 144 352 81 259 106 262 95 86 166 30 75 0 341 148 35 177 319 224 113 79 5 93 251 23 188 57 217 211 42 329 270 3 108 167 129 295 93 231 3 51 106 110 302 260 83 233 288 283 217 99 213 67 2 187 234 262 147 283 98 183 134 60 104 169 121 124 337 137 17 73 139 75 341 23 58 301 212 174 101 271 70 355 326 130 142 59 40 193 180 53 328 161 129 333 74 109 231 344 331 191 309 143 23 212 23 37 280 63 265 62 58 264 332 124 275 225 283 136 140 36 56 125 167 22 331 99 34 288 268 95 189 291 31 154 247 330 138 303 62 205 15 161 155 210 317 11 23 4 273 63 38 340 111 270 
42 346
200 212 159 312 99 203 350 169 153 187 203 18 304 304 116 357 167 41 99 172 291 102 296 147 136 279 232 358 326 292 121 6 6 63 80 299 228 324 119 14 269 80 
64 124
87 286 98 317 234 193 313 281 334 59 132 167 284 270 144 286 90 321 15 276 123 12 252 135 134 352 211 264 229 284 23 186 257 9 312 338 170 274 10 178 295 230 53 225 205 233 100 201 294 129 296 16 76 39 18 144 241 65 138 36 149 53 240 207 
