92
121 168
12 8 24 65 31 319 209 299 75 181 171 263 188 122 1 222 78 18 331 269 24 182 202 342 332 96 15 156 290 49 139 5 111 328 14 43 178 153 57 332 144 15 68 327 115 296 278 191 26 65 86 355 22 349 286 36 210 91 233 1 232 142 201 49 135 220 242 269 108 351 23 308 323 288 225 42 108 205 313 127 58 23 71 339 302 28 133 45 79 229 53 297 251 32 247 192 228 132 328 27 15 322 180 56 26 92 293 339 7 122 288 151 340 349 110 309 203 55 201 275 145 
338 316
317 198 160 355 123 192 7 153 190 147 231 222 48 180 178 190 24 90 216 168 222 221 109 197 107 24 246 297 22 181 310 82 181 95 120 24 97 124 298 193 139 350 121 307 91 191 171 245 127 331 7 321 218 11 15 304 352 190 107 245 54 335 138 185 277 107 28 130 70 108 56 226 319 196 13 34 156 355 77 306 211 53 110 293 57 82 273 200 169 152 280 352 109 259 359 144 187 307 189 168 259 40 87 304 186 295 185 193 325 55 82 179 218 100 100 104 257 301 177 138 310 295 150 33 213 85 97 201 12 10 152 39 13 206 6 106 208 186 135 203 293 141 342 312 292 196 263 105 287 207 250 105 253 182 112 295 40 191 91 128 43 349 219 183 33 298 208 15 328 240 236 232 330 216 309 177 7 261 27 90 254 64 254 202 85 84 9 40 236 63 231 231 10 72 127 138 228 140 219 62 272 215 318 177 202 149 349 302 168 234 266 249 219 320 120 127 171 287 36 29 304 1 346 255 341 150 19 349 96 353 46 330 336 345 226 15 0 348 212 22 178 293 22 233 14 159 31 70 347 200 256 316 175 310 62 73 67 89 127 86 256 45 46 294 34 307 287 328 281 134 146 258 288 33 185 158 171 93 17 282 116 244 226 12 21 250 241 260 32 77 232 298 23 309 273 231 2 180 169 258 29 329 67 125 200 303 220 295 211 194 182 96 115 283 232 213 68 162 50 130 270 242 245 75 196 34 44 352 18 10 179 321 356 35 150 348 132 245 
327 54
37 121 285 257 97 307 310 153 315 11 231 295 48 76 53 98 4 193 278 71 301 307 11 326 115 24 234 36 262 60 337 354 341 291 261 24 312 182 18 141 130 26 111 301 1 313 50 301 80 263 322 169 279 143 33 77 102 169 50 276 93 237 120 124 61 120 296 229 4 128 318 181 34 317 22 10 226 130 143 47 114 169 181 194 324 3 250 215 175 254 272 24 314 42 113 56 224 82 66 84 310 188 83 179 81 58 322 56 190 133 266 319 234 238 253 227 108 160 296 163 163 10 135 244 156 26 258 183 8 2 224 206 10 255 236 354 8 151 217 228 269 239 195 240 145 120 67 314 246 13 83 242 307 210 312 34 83 254 145 105 310 301 215 57 314 129 21 187 216 352 288 356 320 189 143 150 90 175 80 182 152 62 314 207 114 236 342 314 168 52 14 165 128 22 129 271 110 14 153 148 138 26 191 182 265 195 232 86 278 258 274 80 2 238 120 88 103 84 122 44 284 295 124 35 13 108 357 262 107 238 190 247 146 268 125 133 69 42 285 262 105 293 232 295 120 332 77 84 147 47 276 195 178 253 205 201 206 301 192 210 62 302 274 340 260 114 76 335 195 231 229 51 116 93 158 152 14 13 41 157 11 261 67 320 323 180 84 260 350 284 162 161 15 0 330 8 290 269 139 235 2 14 145 76 154 130 20 24 245 194 16 70 124 39 214 67 108 34 11 158 147 353 276 163 158 148 351 
44 226
15 110 75 72 57 172 276 174 42 287 285 196 316 238 298 211 304 272 299 39 152 93 199 39 28 24 19 163 151 355 228 11 328 345 135 203 51 351 165 171 192 68 285 41 
339 261
244 237 18 318 323 3 207 300 64 16 87 96 131 165 331 282 56 152 344 97 60 60 203 285 206 252 110 227 296 44 6 99 119 272 77 336 262 219 25 346 44 256 296 133 325 245 284 185 355 292 131 298 115 292 160 347 106 255 39 0 193 319 146 309 226 137 351 54 329 344 254 296 30 202 28 134 310 84 47 297 170 313 285 201 237 149 337 286 338 233 84 216 125 161 182 85 177 187 336 105 55 268 231 85 305 278 292 281 314 340 209 19 286 200 143 35 269 258 326 47 324 347 33 81 194 69 306 13 197 207 45 139 259 63 292 142 244 13 293 209 173 308 37 297 352 3 140 132 148 20 209 257 336 81 71 309 123 260 138 244 311 106 289 6 350 68 207 238 13 320 110 172 266 127 95 290 158 282 123 12 115 297 5 224 259 276 256 121 280 292 345 100 25 4 265 138 14 117 90 58 267 89 343 247 79 290 135 178 246 34 307 32 323 206 61 277 316 340 215 350 242 327 70 47 1 61 307 142 318 133 134 317 148 133 103 358 0 352 321 141 257 341 215 300 255 249 357 301 338 220 42 230 356 233 169 1 159 322 93 24 173 127 278 244 292 35 171 81 195 258 309 331 271 289 277 263 26 89 183 215 60 183 177 106 17 144 44 344 173 247 211 25 98 320 251 235 258 342 27 340 174 296 30 208 34 116 319 56 300 0 325 6 343 166 275 314 61 315 36 136 190 317 7 295 279 119 299 153 95 166 261 254 240 267 251 230 140 238 136 
43 128
283 64 8 189 162 54 39 58 277 312 193 45 157 359 101 332 38 209 203 132 236 261 327 23 128 4 124 129 229 294 304 105 346 147 48 268 18 334 175 250 346 151 18 
222 201
173 42 160 31 101 79 71 162 295 322 151 3 304 247 316 63 3 91 282 349 320 277 129 354 18 102 336 306 155 165 255 11 247 271 190 345 272 353 69 310 52 142 314 250 239 246 54 104 43 160 161 178 308 336 270 204 252 49 346 187 66 181 324 40 257 23 337 270 30 6 174 169 207 192 56 0 313 98 230 290 181 233 98 333 277 338 303 279 328 121 280 22 299 29 222 264 124 100 330 20 74 321 212 82 106 287 346 24 305 28 352 326 122 273 172 132 182 313 83 170 281 246 312 27 264 150 114 350 247 172 145 87 190 80 74 215 318 352 287 325 105 21 98 325 262 60 271 136 343 24 353 281 166 228 255 162 237 191 182 229 269 207 166 209 135 229 200 290 115 140 197 39 109 108 55 43 338 340 300 3 111 12 115 220 141 82 346 36 329 56 169 223 178 212 254 72 296 248 18 302 197 262 213 229 280 232 117 194 182 54 1 321 184 191 290 202 258 184 261 62 89 73 
199 243
207 131 200 189 26 158 196 20 100 350 265 78 195 274 250 16 237 60 16 40 102 214 86 277 289 221 284 333 35 75 195 177 63 149 76 311 111 102 14 25 37 306 210 300 169 227 147 45 73 115 294 185 98 65 38 14 300 175 289 357 122 91 96 62 2 39 136 274 282 181 321 95 133 66 57 148 147 81 155 97 146 189 162 230 164 91 307 238 37 198 345 261 239 258 96 237 282 162 74 89 31 298 357 26 172 358 35 172 116 342 349 171 328 160 159 305 93 311 36 344 12 267 10 171 14 215 97 6 344 352 293 304 254 288 122 12 148 225 296 70 107 42 168 34 319 115 47 115 49 305 110 355 48 15 308 22 212 243 234 120 178 103 171 306 40 73 306 200 314 329 231 76 232 220 310 226 81 118 34 252 26 212 273 359 234 350 356 26 286 21 95 232 62 290 214 112 351 331 235 
47 18
256 228 72 351 232 307 337 13 277 227 4 17 325 26 316 63 154 138 302 65 242 84 304 307 292 251 65 234 19 172 322 40 327 23 216 218 180 284 129 286 193 147 65 138 232 302 243 
200 351
176 44 40 335 210 130 253 283 205 187 176 49 256 157 124 248 146 185 67 351 151 211 256 83 354 295 239 329 313 248 177 238 132 311 315 1 130 171 18 177 304 162 153 248 301 44 232 81 34 266 18 197 299 214 66 101 113 142 138 187 198 164 241 210 355 118 107 150 307 245 160 78 191 93 88 107 57 305 224 47 280 95 184 84 179 129 93 240 292 309 152 106 152 351 354 259 107 186 274 205 74 141 162 96 232 178 255 253 5 40 29 266 159 237 77 275 56 284 136 188 122 214 318 306 122 336 339 141 184 348 60 11 341 187 57 168 29 59 305 316 91 170 173 309 336 212 249 331 134 47 28 188 157 213 68 62 65 353 149 307 161 84 89 174 229 90 2 225 309 98 203 233 106 66 16 287 12 169 152 147 137 223 132 136 193 106 52 22 36 102 341 158 189 50 196 58 221 41 262 58 
330 341
248 213 43 12 4 1 118 61 237 116 343 161 183 243 221 95 146 135 13 254 280 229 117 89 150 1 337 88 81 184 241 281 290 141 158 338 100 121 173 294 237 158 252 262 46 319 155 105 141 45 177 235 17 5 116 225 76 346 186 20 211 37 5 260 90 48 204 23 359 128 56 70 261 54 168 115 334 9 156 73 167 123 159 53 50 9 231 215 61 99 342 121 234 1 82 111 321 181 273 176 168 27 12 302 124 17 149 175 298 230 298 170 27 288 245 359 275 189 333 65 348 244 179 187 315 295 314 85 177 167 258 39 265 180 211 179 31 256 23 299 57 99 268 284 230 298 138 321 344 166 35 221 120 88 317 345 17 353 266 288 181 299 153 24 201 100 203 346 345 331 25 341 107 35 303 64 322 184 158 202 60 327 324 195 138 76 308 142 311 55 68 294 271 2 243 55 203 190 121 172 51 31 23 339 1 128 265 142 232 322 336 219 129 153 61 94 347 280 290 80 86 73 25 330 134 89 7 179 119 146 7 83 114 39 356 107 227 287 298 185 28 72 41 325 121 301 355 288 68 185 204 270 110 173 43 309 96 74 174 12 18 123 113 64 337 76 289 233 333 357 51 223 150 44 134 4 354 242 164 275 206 171 149 189 253 211 282 338 242 235 306 10 334 313 199 265 112 269 124 315 339 185 346 32 150 12 65 223 243 201 34 207 167 288 32 182 199 166 282 245 59 206 352 64 266 39 320 23 16 247 
317 132
314 198 66 281 25 230 352 15 320 102 334 237 199 95 39 73 303 299 326 125 106 238 338 48 62 318 62 32 2 232 239 175 339 237 176 349 357 285 249 233 315 151 301 287 82 154 62 125 162 277 315 126 162 287 281 333 52 29 330 77 41 67 52 25 269 98 336 202 71 211 222 3 235 5 182 295 66 38 191 42 230 300 101 49 204 318 328 178 294 82 9 149 250 109 1 345 315 281 357 122 137 163 344 72 179 21 37 226 80 200 275 21 9 56 27 223 306 160 164 146 28 186 27 221 11 51 146 186 187 327 45 137 228 268 269 286 50 25 16 22 263 125 158 128 207 196 95 75 129 35 220 43 53 8 24 185 116 158 266 124 191 79 18 251 207 271 198 206 269 139 318 267 261 309 2 143 78 65 299 117 349 238 22 292 334 228 272 306 113 91 219 317 28 180 262 264 302 342 16 158 190 290 207 270 218 129 142 68 325 214 209 119 194 225 234 10 353 120 321 24 327 69 46 317 224 31 218 219 291 335 23 135 231 175 166 346 44 302 158 33 213 146 251 234 25 263 355 166 286 216 145 339 190 262 60 21 83 256 201 245 55 73 234 29 251 125 303 27 80 128 215 20 63 314 114 144 285 264 123 6 36 31 245 263 257 8 89 109 256 239 302 138 138 265 226 1 318 201 45 351 152 118 73 251 244 248 299 53 312 357 342 52 339 133 278 126 279 
130 195
357 281 33 275 270 183 205 237 254 19 308 77 231 198 123 311 249 271 302 357 23 331 138 341 215 236 97 319 0 132 50 24 27 120 351 337 176 191 275 55 188 303 276 8 351 312 189 231 202 12 125 335 121 334 252 352 115 301 75 253 75 328 317 106 233 345 232 258 297 57 237 68 182 53 320 221 45 13 287 216 141 247 326 302 65 338 230 118 0 292 203 276 60 226 311 270 240 229 216 333 0 158 321 108 66 207 9 273 35 320 155 273 83 221 79 289 112 157 348 316 250 41 70 303 251 287 65 66 120 199 
51 14
64 342 302 169 280 355 167 121 194 100 64 28 338 303 90 196 210 204 35 98 340 310 348 196 28 221 303 307 180 134 329 180 67 336 24 84 199 109 262 34 80 291 347 216 140 34 326 267 44 251 179 
42 182
81 231 140 82 336 315 200 216 33 34 294 4 101 267 89 321 148 43 54 220 69 222 266 151 315 29 152 174 120 64 7 215 100 326 22 244 67 53 147 62 209 116 
156 87
82 21 146 24 40 24 201 58 167 330 96 255 155 321 54 324 144 6 216 34 139 19 74 252 317 164 149 177 245 20 183 35 282 152 333 193 221 45 32 324 220 174 110 335 196 214 80 87 86 252 253 30 243 258 351 26 121 306 33 201 114 101 3 142 25 210 243 115 344 300 343 328 242 78 357 65 261 285 25 278 119 9 83 171 180 4 135 94 188 134 2 130 49 208 261 121 259 157 45 214 227 227 229 80 286 347 84 49 53 328 70 110 39 334 291 117 195 162 141 155 194 114 162 149 208 189 286 203 188 191 329 5 242 277 237 319 48 82 180 196 330 68 359 112 256 23 345 291 105 214 20 141 136 357 148 60 
246 216
200 10 189 132 291 54 284 118 89 0 22 208 359 162 208 80 80 23 119 107 220 143 112 309 185 154 26 262 4 177 158 292 354 182 242 61 79 124 41 2 164 47 53 116 248 247 32 126 137 310 121 18 308 348 37 110 211 272 98 280 319 66 153 65 263 86 201 140 290 21 205 75 358 180 192 181 89 310 349 24 39 331 339 184 86 322 236 231 65 121 357 145 189 295 345 185 117 356 124 228 14 171 237 206 357 54 56 232 213 252 220 275 298 40 219 246 116 18 320 58 354 217 179 21 246 1 132 162 74 28 107 154 358 36 107 34 210 172 163 353 104 72 124 285 285 275 26 32 34 89 101 357 214 11 167 306 340 53 179 70 182 292 140 28 311 156 234 295 352 67 83 145 28 223 336 185 327 304 355 10 100 20 51 154 289 172 343 296 71 204 63 349 233 259 128 78 160 337 338 165 234 72 215 291 25 253 302 256 298 196 232 328 190 317 278 12 159 5 97 357 36 195 242 328 297 96 228 98 186 235 166 185 193 52 276 330 185 152 162 129 351 187 35 11 228 0 
129 18
276 115 46 301 166 117 49 347 177 84 170 238 255 289 323 199 297 16 61 121 44 270 193 309 164 320 327 313 259 109 134 231 304 72 300 33 191 198 293 218 357 333 234 8 313 57 20 147 266 266 214 57 118 232 69 18 12 323 170 254 218 8 16 261 47 210 210 296 141 326 157 275 186 334 216 301 130 10 63 93 41 113 297 121 42 191 291 310 346 339 244 224 49 313 348 194 99 350 310 225 31 95 35 329 234 81 357 219 25 0 24 32 107 124 338 203 277 354 172 209 292 53 25 264 273 342 55 326 38 
346 165
300 327 144 325 121 322 265 327 41 128 42 334 253 80 178 352 149 252 36 0 54 2 0 124 314 198 190 144 341 305 46 308 342 151 292 83 90 305 295 141 59 87 31 105 56 259 134 0 104 196 117 348 213 196 208 75 91 225 129 50 208 276 9 52 151 256 8 139 312 205 320 275 321 69 263 218 88 265 198 186 305 131 114 245 188 63 2 78 167 331 191 30 324 102 234 329 45 217 349 311 287 114 147 71 118 52 169 92 72 56 304 230 216 147 278 293 93 248 141 285 171 296 33 123 3 52 162 347 26 230 109 303 266 310 255 147 111 224 299 101 334 27 9 3 232 283 117 211 109 310 303 146 181 217 188 234 80 294 89 92 34 303 38 119 228 274 354 85 254 160 72 22 101 274 70 26 234 7 108 64 163 176 22 240 49 135 337 131 137 317 79 90 118 284 133 104 338 195 248 344 145 30 189 162 70 127 201 119 188 24 322 357 19 295 119 311 320 314 108 73 23 289 311 235 334 273 300 129 309 105 88 168 46 350 57 145 155 348 271 209 215 209 174 265 193 58 324 202 313 262 279 61 248 209 285 136 126 72 115 331 262 159 185 111 264 77 213 223 297 55 217 148 54 96 150 143 276 117 99 202 35 24 262 341 292 173 116 348 222 31 157 212 20 259 88 211 5 215 86 177 27 24 168 294 274 157 89 48 87 313 47 263 126 355 218 259 247 273 314 229 356 296 32 250 206 35 229 322 248 163 189 253 47 154 3 209 155 320 25 50 125 9 357 288 53 119 
161 244
99 226 294 2 260 259 265 95 121 348 129 46 295 28 52 60 319 181 198 105 43 193 216 62 260 52 158 119 326 42 47 91 96 251 214 233 336 290 312 346 282 181 8 277 284 322 166 65 256 290 359 139 305 254 67 290 330 60 218 335 325 334 239 33 149 209 175 244 175 336 200 2 334 278 134 210 258 180 50 357 358 123 310 253 254 29 89 199 243 235 12 214 148 178 152 90 166 208 81 221 335 42 201 21 322 303 273 129 186 328 83 206 62 53 286 203 118 350 240 218 159 214 348 331 182 216 105 216 80 280 88 283 120 57 2 225 256 251 215 231 45 303 350 151 221 353 143 347 137 338 54 248 237 114 189 49 268 178 144 202 155 
134 140
278 160 281 217 93 187 230 50 297 351 60 125 119 199 230 115 144 43 22 117 224 214 158 87 99 126 59 179 278 21 212 318 107 63 148 70 159 58 77 233 312 23 111 84 142 19 280 144 199 213 60 275 0 14 146 25 261 349 317 302 90 157 237 306 307 227 243 323 39 343 342 15 57 203 310 129 266 243 108 207 301 50 118 335 83 20 164 322 279 279 268 263 220 31 77 36 174 53 212 276 317 307 256 160 17 264 59 111 55 230 208 335 72 319 4 316 313 112 68 226 307 169 103 205 71 118 18 272 137 306 314 40 313 292 
38 210
316 185 73 37 225 260 81 75 49 83 8 274 52 172 145 74 326 85 191 72 84 90 358 10 290 249 1 224 199 297 215 254 274 180 46 303 218 125 
90 345
341 55 223 191 344 57 276 351 70 118 27 57 81 321 258 174 126 194 269 324 108 142 103 13 359 344 35 58 20 248 14 248 19 353 343 295 296 251 19 321 282 86 169 147 54 124 266 350 297 129 97 244 341 79 90 328 352 356 67 9 266 283 107 262 194 345 322 187 135 152 310 117 133 249 20 318 350 21 308 24 276 318 298 150 139 219 314 258 55 148 
142 277
236 339 92 69 191 144 121 280 64 348 114 304 17 173 233 170 250 231 6 236 293 279 159 240 170 151 114 137 67 35 6 128 111 326 28 3 88 331 54 119 176 22 87 227 211 138 76 200 206 285 295 92 96 331 317 320 37 117 122 61 191 256 205 237 186 140 358 205 64 247 157 340 303 2 139 83 307 95 64 249 171 42 33 354 104 336 87 209 161 311 158 255 173 129 66 54 263 234 218 100 322 343 168 269 134 175 175 29 318 81 3 226 290 209 8 7 16 211 220 2 10 70 115 216 259 260 11 259 288 174 80 29 24 209 196 337 101 256 56 121 168 262 
354 65
325 175 130 14 327 3 114 168 156 343 127 300 169 289 93 250 8 304 319 331 283 182 95 229 117 162 138 237 216 199 99 20 185 75 290 100 139 58 172 103 292 92 168 67 249 165 181 146 146 294 105 8 207 263 191 351 16 135 281 128 355 58 352 291 301 157 211 160 93 315 304 317 43 347 143 350 272 24 97 37 149 304 201 167 280 70 349 160 199 224 323 358 307 45 98 146 10 77 114 327 266 4 355 215 49 198 153 52 61 356 141 317 274 156 171 351 242 149 250 262 239 11 271 199 135 180 227 263 155 293 318 55 212 91 212 216 249 101 315 291 202 190 238 134 229 356 203 13 287 59 218 136 310 254 344 321 335 209 322 107 53 17 245 15 318 78 167 358 144 6 238 191 22 344 323 62 96 270 119 272 159 227 258 347 204 0 138 309 44 197 232 266 46 355 86 285 176 338 284 200 143 338 36 203 45 83 359 314 38 25 323 50 313 99 186 296 187 319 170 311 351 265 188 327 27 235 5 181 100 48 39 59 90 330 287 184 23 87 101 176 215 336 221 353 193 239 72 24 357 319 329 54 15 68 268 39 183 211 120 231 62 253 142 159 316 117 57 135 331 114 358 55 183 199 33 276 216 75 245 116 47 252 39 224 258 246 230 75 111 339 36 257 171 39 122 320 40 314 104 158 124 359 291 301 147 320 73 205 356 127 228 233 152 260 159 51 254 311 299 65 8 56 108 51 121 344 185 288 34 297 118 214 307 91 206 27 166 190 215 153 145 275 82 272 317 349 300 111 12 284 26 75 71 296 
326 26
258 62 138 131 190 248 246 59 190 185 164 353 202 64 34 22 67 130 152 256 300 100 222 57 16 76 267 4 356 127 352 212 304 173 347 106 139 17 68 343 172 176 37 251 39 270 76 295 281 62 204 60 349 80 297 198 201 171 339 326 58 80 137 50 182 228 38 203 5 84 234 261 278 227 185 349 252 325 18 319 255 345 106 329 354 244 158 141 357 349 346 99 154 141 96 20 274 171 89 213 242 183 46 357 69 207 200 194 302 333 121 254 315 165 46 291 271 72 239 120 291 70 219 129 299 126 160 39 57 279 266 303 65 235 317 95 283 232 166 295 32 80 243 324 297 272 262 350 249 47 268 15 289 151 249 184 344 358 223 39 148 12 91 121 18 149 38 357 177 284 305 80 330 87 321 274 349 248 157 132 214 167 82 155 303 201 299 165 87 211 250 31 232 61 358 238 181 9 171 56 21 47 338 18 321 307 117 169 334 156 271 81 336 166 217 305 87 53 66 104 204 305 303 90 193 194 240 337 138 71 66 96 39 20 151 246 7 15 356 160 221 208 316 328 236 84 305 119 141 69 205 141 43 296 162 53 294 275 174 10 206 130 280 245 149 100 274 129 62 141 140 151 71 239 146 145 58 23 78 256 308 286 244 13 355 181 333 310 39 346 5 287 184 226 99 339 270 14 108 263 33 105 310 56 168 246 65 196 82 143 115 66 226 217 118 317 219 291 236 263 69 159 146 323 142 146 
238 83
264 44 55 60 132 355 217 286 210 59 159 211 352 216 97 224 78 36 321 22 341 167 38 292 91 78 22 239 202 67 117 3 334 151 141 220 144 281 317 134 137 290 91 188 312 198 313 2 197 215 323 137 96 175 276 353 334 123 277 272 38 268 208 154 252 55 62 213 299 168 86 200 229 299 13 154 16 88 325 196 313 251 164 124 221 16 125 55 68 198 101 116 218 26 175 73 46 277 188 26 311 31 308 234 37 71 25 199 153 157 332 121 259 291 206 174 240 264 250 355 28 352 299 240 122 233 112 49 102 42 246 5 137 298 271 116 168 202 198 314 12 159 180 290 96 354 80 342 215 359 169 248 291 84 85 38 215 293 285 231 231 116 176 327 185 245 176 226 16 307 26 95 341 323 181 317 102 275 351 63 112 208 253 139 125 200 185 249 44 132 71 288 195 195 316 199 59 261 266 322 113 148 167 158 322 171 92 9 169 152 321 340 74 95 149 303 204 30 195 340 265 335 152 72 292 100 329 254 5 73 32 200 173 88 326 283 175 236 
147 2
167 2 214 256 117 91 153 343 100 9 306 128 336 208 190 60 284 106 144 195 14 100 192 321 313 226 86 342 359 120 117 257 62 149 153 152 71 143 356 129 252 306 295 317 83 279 31 336 39 39 325 275 10 107 162 196 145 332 241 61 21 264 137 146 284 340 70 274 232 204 316 350 307 337 42 186 111 301 256 187 268 15 354 1 162 130 269 234 221 76 35 91 9 154 233 221 266 272 26 70 343 173 140 56 209 350 304 81 254 209 89 269 187 121 50 54 359 46 28 165 45 44 205 309 141 115 38 14 106 279 163 187 91 313 180 211 117 96 345 247 324 88 289 168 324 228 116 
281 174
109 351 326 129 289 192 324 290 339 330 278 271 283 131 101 318 276 238 111 69 4 111 163 5 83 222 57 233 193 193 315 303 6 240 19 52 133 123 59 119 272 93 152 183 320 68 267 232 223 93 345 62 179 37 279 192 352 163 118 307 46 77 118 52 137 326 341 7 14 352 120 237 341 299 317 25 220 170 327 123 82 337 154 342 280 1 87 337 179 124 146 207 326 157 292 167 200 329 312 252 185 200 274 283 182 48 13 231 215 239 350 124 195 125 160 239 42 78 355 326 111 264 96 146 333 3 66 358 110 23 279 283 333 306 23 32 180 193 175 125 330 21 13 148 222 267 123 278 253 110 90 299 66 109 301 208 291 294 86 330 168 329 174 73 191 197 282 130 188 315 60 12 180 83 14 10 195 320 313 286 132 172 346 70 128 178 201 111 208 184 93 172 166 40 187 284 247 172 311 85 324 29 7 319 210 111 40 189 246 43 188 162 23 208 10 193 358 7 220 257 116 172 11 51 333 85 83 135 121 51 113 27 186 310 227 68 136 132 280 349 286 290 208 82 242 197 318 213 101 338 343 197 161 175 68 240 165 341 294 160 221 306 236 58 290 116 91 191 293 240 148 169 110 354 199 324 131 87 81 304 186 
77 165
205 193 243 159 217 194 331 139 197 182 218 97 76 158 103 227 313 141 120 212 218 215 155 335 138 121 256 98 55 39 330 35 198 220 245 176 27 183 258 196 105 15 240 201 90 34 302 63 77 285 111 17 354 255 175 135 41 172 86 332 343 77 250 73 165 140 160 295 21 292 64 163 43 10 186 138 10 
352 329
137 243 107 122 167 192 357 176 313 74 275 271 97 300 89 63 351 299 218 313 345 220 258 301 163 237 91 225 341 48 173 204 85 42 57 127 35 135 119 109 273 349 87 90 25 169 292 264 255 15 316 163 230 339 133 239 222 171 256 303 346 5 83 15 129 267 300 218 117 40 131 4 46 14 337 90 12 341 222 185 24 41 74 240 141 8 246 227 126 185 28 225 8 302 87 81 53 54 334 334 257 318 220 159 351 29 310 316 24 129 19 84 306 25 205 5 25 304 156 85 172 242 199 277 121 10 10 98 302 21 123 147 343 62 115 88 294 329 154 335 278 234 206 22 124 328 218 286 232 19 213 250 318 118 257 196 29 17 78 215 107 178 354 155 207 26 6 250 119 89 68 203 354 103 345 162 152 230 45 51 159 306 281 188 340 9 282 252 49 2 304 321 111 272 52 161 130 2 32 241 284 62 317 351 225 225 194 119 112 239 49 91 285 350 7 272 201 176 324 168 324 59 188 250 118 327 245 32 175 211 114 188 260 292 299 336 126 257 291 109 219 104 53 54 10 149 55 200 103 109 109 83 180 321 94 93 306 108 338 255 273 158 90 39 289 345 89 315 2 252 13 109 350 344 78 198 54 7 127 85 242 100 266 172 37 209 248 135 225 95 277 180 107 293 192 16 349 191 130 160 256 113 27 168 18 0 217 120 224 183 143 116 355 306 83 104 81 230 68 155 319 43 281 295 275 146 79 223 262 217 109 146 344 20 149 215 172 127 68 128 161 293 216 68 190 26 72 45 312 240 353 145 
202 132
318 30 7 299 255 218 49 183 95 188 187 175 194 244 81 213 161 97 141 166 212 176 348 349 49 87 73 117 206 161 38 227 119 193 235 113 304 216 309 174 63 186 23 296 259 300 79 80 313 204 90 279 50 96 348 108 55 241 3 325 313 346 149 172 350 192 116 33 6 243 183 187 170 136 43 155 253 195 351 35 232 176 84 267 302 281 234 164 241 257 215 158 232 218 263 240 183 328 349 9 311 318 331 318 56 267 179 319 39 19 123 98 59 181 160 58 229 166 271 176 167 87 92 96 319 165 105 76 349 56 333 197 88 296 246 111 20 238 341 72 72 271 138 109 332 4 46 184 288 131 350 2 47 60 125 59 310 42 239 136 354 120 254 108 21 59 181 37 214 226 267 261 250 183 67 231 223 47 123 17 217 223 329 12 89 135 341 51 71 324 128 294 23 167 73 253 74 354 201 304 57 177 
258 20
95 114 322 93 181 320 17 19 164 334 331 256 26 27 193 22 152 251 80 4 286 35 194 43 59 209 204 256 106 192 206 122 29 167 67 148 119 167 115 104 287 198 66 187 307 259 265 347 74 205 54 293 95 134 128 351 65 298 141 264 328 198 140 293 124 58 265 141 233 213 105 350 292 230 311 194 312 31 190 339 64 10 250 157 115 154 331 37 135 28 86 78 239 294 339 133 136 69 144 55 216 80 342 222 108 117 69 311 31 194 174 34 156 226 151 200 99 343 278 305 321 144 24 58 356 183 137 241 262 94 287 256 120 111 312 260 173 235 110 151 264 141 215 275 42 30 255 180 275 61 181 127 125 92 268 332 41 89 187 168 111 106 162 245 313 193 145 169 341 271 255 104 245 191 128 256 132 56 210 81 270 155 222 338 75 240 110 66 352 216 244 166 268 10 328 45 201 333 108 307 299 312 250 140 1 324 311 181 311 303 170 268 211 155 309 188 83 74 84 281 246 330 183 25 263 350 192 231 97 335 173 304 78 255 185 99 240 205 44 178 123 17 140 34 101 106 222 19 201 90 167 325 62 299 133 293 337 189 
276 26
212 52 87 349 345 226 294 99 152 214 58 138 73 243 117 247 358 12 195 115 47 202 182 215 233 87 281 211 93 187 358 59 175 175 24 209 299 44 263 103 223 180 14 151 224 191 32 259 31 146 44 196 122 101 247 122 110 24 306 192 232 86 189 75 95 153 37 13 291 72 343 84 254 356 164 26 94 49 82 34 342 4 162 281 348 185 67 123 146 20 253 332 5 68 100 14 329 263 175 206 17 224 98 46 114 196 343 339 102 295 101 135 72 202 293 204 220 18 289 179 194 259 245 330 134 216 126 255 344 68 202 216 199 291 109 114 299 209 219 208 67 35 115 291 250 114 54 167 244 233 249 137 159 106 84 243 122 10 31 308 218 60 301 244 218 278 343 153 335 179 302 38 52 191 103 289 273 106 47 193 74 98 181 215 37 211 17 17 253 117 123 128 18 291 227 155 8 16 145 50 220 162 2 53 223 33 241 216 49 95 251 128 51 42 354 62 156 3 260 282 31 142 320 89 227 91 198 24 116 223 68 305 218 77 207 268 64 272 48 209 245 126 6 325 325 139 314 320 23 199 268 16 174 111 60 313 239 315 17 12 4 55 285 259 6 119 117 264 276 278 21 105 115 56 142 69 
98 270
168 35 315 289 280 299 314 233 333 87 113 219 74 158 3 266 46 231 36 142 245 165 330 320 125 46 186 37 123 196 294 144 251 207 134 112 113 78 248 28 359 225 319 181 82 303 20 209 295 319 147 247 316 215 335 34 286 348 7 165 190 180 124 214 286 258 70 45 348 66 160 242 318 181 67 193 87 90 62 262 143 234 293 355 223 52 256 232 73 79 166 349 133 276 305 225 151 152 
63 241
165 143 263 194 307 270 122 240 355 264 150 82 190 73 264 256 318 154 214 325 71 230 120 263 126 345 201 170 151 219 95 353 57 123 318 105 197 93 318 95 140 161 1 352 346 344 324 150 284 219 276 357 267 109 342 295 34 154 56 123 140 76 58 
177 286
120 225 312 65 104 317 85 235 100 140 163 269 192 192 190 260 338 95 242 281 42 240 205 355 96 257 314 148 194 297 139 90 346 41 299 343 286 244 122 31 304 139 299 131 145 54 356 110 292 112 136 46 143 133 241 241 313 53 89 270 313 211 95 231 194 66 171 2 9 26 270 91 296 80 22 35 331 252 279 91 235 161 17 201 96 63 33 348 130 319 288 332 184 123 63 305 21 245 91 66 107 328 18 244 248 262 25 286 15 86 26 191 87 308 271 248 323 50 174 232 347 355 174 66 212 261 279 100 103 19 186 231 156 197 150 310 273 183 301 267 183 76 295 103 65 201 116 271 123 98 168 76 120 104 351 186 153 85 113 248 9 292 257 179 56 4 42 50 69 153 112 43 10 107 52 134 323 
37 145
349 320 27 263 194 347 338 205 328 88 357 298 179 99 288 40 223 210 73 235 89 139 318 124 74 210 163 65 10 275 253 204 329 186 193 352 133 
29 173
226 113 274 24 261 2 304 259 121 82 1 179 89 55 75 155 171 292 70 72 358 344 302 43 175 165 11 35 332 
313 260
297 130 203 255 334 304 125 70 166 109 69 52 358 347 357 340 92 96 208 49 306 292 314 99 316 349 29 50 33 132 265 330 210 233 52 191 37 336 85 60 81 200 149 83 120 245 158 32 342 112 201 234 183 315 195 258 265 265 134 276 333 200 20 75 336 306 162 152 58 246 63 194 235 178 60 201 256 258 129 172 152 325 260 95 49 288 53 305 77 121 21 63 40 303 268 45 74 262 40 163 193 262 170 148 323 209 353 79 247 197 62 127 243 126 320 37 96 306 198 173 96 95 264 60 144 270 151 69 346 63 65 177 142 282 319 243 177 69 111 207 269 15 42 183 3 242 128 22 236 299 30 272 50 153 195 252 43 305 177 249 282 199 261 301 285 108 285 210 61 130 1 349 284 343 31 9 327 166 249 86 337 309 62 353 237 120 253 358 65 182 208 139 49 34 271 282 14 114 251 31 56 8 15 74 96 177 237 3 286 88 260 240 134 323 77 82 127 126 51 145 60 186 117 304 313 321 209 234 113 279 22 27 216 259 298 294 203 42 318 59 122 67 184 127 179 288 187 287 291 356 65 351 54 152 343 0 64 123 100 109 132 166 215 124 228 15 112 98 210 152 227 210 201 244 330 112 275 283 312 97 69 116 203 235 304 139 48 341 202 269 71 288 223 280 172 92 21 165 74 81 283 74 304 206 293 260 355 167 339 248 240 102 326 
317 59
207 84 263 263 137 30 194 299 182 192 193 64 97 247 326 163 174 158 156 97 212 146 0 206 128 12 93 163 99 140 212 157 352 246 71 208 196 28 145 355 184 10 68 183 74 316 115 87 34 55 276 124 119 130 43 229 337 338 282 45 187 280 66 62 166 263 78 347 359 241 189 176 51 183 244 96 161 199 201 53 159 185 53 113 9 281 269 268 107 28 210 58 204 15 353 230 301 85 206 308 322 29 95 169 274 191 323 79 210 41 181 350 357 92 334 308 205 74 354 127 48 183 272 135 188 327 357 9 242 147 79 24 303 35 247 130 266 260 214 3 22 234 73 136 49 44 301 295 352 340 84 221 117 85 293 212 232 100 73 10 132 286 88 158 276 222 86 344 167 66 134 271 43 266 183 255 305 150 26 119 177 168 276 351 48 189 277 350 207 272 172 65 341 122 133 333 120 338 0 262 184 306 46 256 182 119 338 40 98 344 241 162 154 85 98 58 193 193 321 0 171 325 255 312 131 112 198 170 356 278 34 343 107 174 156 88 358 43 131 79 144 42 29 286 153 347 322 285 341 105 121 143 354 187 61 186 301 180 48 254 185 334 352 308 17 17 184 288 342 287 90 121 206 165 225 205 39 137 301 231 114 11 2 293 171 85 305 69 341 52 181 283 144 255 243 333 193 260 110 269 1 12 342 344 347 238 311 102 342 129 136 329 26 344 252 28 272 
232 229
285 201 16 232 299 166 217 131 242 1 228 225 267 272 318 85 179 50 239 176 337 87 145 161 84 71 126 132 143 164 188 47 90 210 200 293 108 150 301 292 65 39 131 262 87 118 13 37 7 291 233 92 79 242 286 213 238 287 95 61 201 225 343 122 197 309 289 23 7 62 253 308 333 35 151 284 6 343 77 264 65 21 349 280 149 24 270 89 187 28 199 210 2 95 33 222 320 142 312 349 277 45 222 23 303 202 321 320 116 328 340 163 167 356 155 296 257 320 32 35 316 170 92 185 220 264 166 62 305 113 206 55 121 305 133 284 322 319 92 34 44 240 11 353 223 309 91 317 98 276 291 343 230 91 316 294 229 263 256 302 90 174 331 231 164 103 268 92 22 152 232 187 313 77 177 70 353 312 262 156 302 297 219 180 93 112 190 24 255 301 95 70 168 294 333 119 31 152 10 206 116 190 329 197 62 10 70 346 201 261 32 225 354 98 73 114 72 37 50 336 356 194 248 101 149 330 347 164 56 96 268 223 
234 152
234 339 340 190 167 93 305 132 48 152 207 214 357 320 227 183 276 288 47 181 280 352 147 163 102 79 139 149 274 60 120 304 139 271 29 71 52 93 196 318 349 349 141 29 49 77 144 112 265 166 57 103 224 92 165 161 323 261 259 101 108 68 30 170 301 221 85 6 101 7 112 207 126 125 356 300 343 227 113 64 220 183 167 295 193 334 174 81 346 99 97 92 161 41 353 344 128 22 149 215 85 291 137 173 102 276 298 2 164 352 188 125 345 39 318 345 227 98 222 73 99 215 246 346 39 332 286 67 92 53 250 202 164 224 10 302 325 72 189 321 315 232 177 83 115 157 292 16 67 7 225 118 242 264 266 213 134 159 315 155 276 349 337 345 357 246 79 264 63 7 77 128 246 204 24 249 303 168 200 202 6 289 153 293 330 197 92 102 45 83 96 334 304 59 4 25 194 199 47 52 205 138 2 28 202 245 69 273 262 189 16 305 51 309 51 65 18 278 61 30 144 311 137 66 269 38 29 115 230 14 91 152 224 7 
132 126
156 81 110 311 40 109 221 93 173 69 122 38 332 274 152 202 252 261 300 209 23 124 81 52 286 314 226 41 220 280 133 171 237 105 229 115 326 113 167 65 292 80 142 63 140 120 181 300 235 301 238 346 114 224 112 22 320 60 122 104 256 95 243 94 273 304 334 326 312 190 218 196 68 211 146 305 279 349 332 85 214 307 270 56 140 349 41 321 110 81 75 37 220 153 297 31 164 328 258 331 344 228 102 39 313 139 164 34 255 92 98 45 123 67 50 22 353 177 61 0 295 275 334 317 151 86 36 49 255 125 328 69 
101 143
182 169 270 277 292 196 27 75 330 340 239 164 14 115 261 194 357 249 348 72 320 280 117 50 221 19 26 293 68 276 262 192 35 221 301 169 9 285 51 211 95 15 222 87 145 249 341 343 355 226 266 101 90 183 30 180 75 342 126 310 296 325 287 43 271 4 161 348 125 71 218 29 342 305 146 68 29 156 334 82 293 94 351 53 105 262 313 124 32 175 87 234 88 283 263 73 53 129 198 45 70 
128 247
206 26 155 305 109 324 74 223 221 118 248 206 0 168 238 273 124 154 5 247 304 256 18 326 252 284 225 244 286 153 269 74 69 253 37 332 17 229 321 208 283 120 230 182 54 253 44 56 280 78 321 311 249 130 278 232 170 93 252 101 51 143 27 153 29 148 103 14 286 219 166 210 190 329 130 24 274 229 267 90 121 171 305 75 224 312 308 194 145 110 228 79 191 11 211 127 273 24 144 237 2 129 140 40 140 65 5 102 121 148 43 144 295 56 339 160 326 94 74 273 165 101 61 32 92 7 338 227 
27 161
295 75 49 142 252 164 277 323 96 281 335 38 203 175 140 60 36 319 91 277 128 264 159 130 220 24 178 
328 284
29 238 21 228 167 224 267 26 83 319 173 90 227 86 11 172 34 23 136 211 245 181 242 359 87 359 178 223 218 262 92 13 140 140 222 24 278 67 315 359 133 341 136 113 0 302 102 34 220 25 147 58 326 297 24 110 258 270 70 223 355 55 289 308 273 343 27 265 238 197 285 3 267 339 312 96 139 160 214 273 270 165 11 131 22 274 358 346 192 227 181 154 310 44 12 223 252 298 179 54 218 92 306 226 232 291 6 195 155 86 187 122 61 134 234 341 13 132 288 168 172 85 156 184 176 291 168 28 316 145 175 238 352 15 152 110 197 87 238 114 12 56 250 230 208 128 95 171 65 302 42 194 21 62 280 229 28 273 184 109 105 241 105 207 264 285 305 1 308 118 339 46 103 288 359 200 239 140 115 32 179 172 315 232 245 352 230 106 53 244 354 186 76 252 37 260 326 63 297 99 144 351 154 105 201 358 65 104 308 86 143 209 37 73 186 202 296 2 243 305 138 178 225 219 41 221 58 161 236 88 225 349 4 17 95 41 179 312 225 62 91 271 75 109 5 88 316 19 118 195 96 45 114 90 185 238 131 314 143 359 149 21 325 293 54 168 343 191 321 332 204 293 19 91 353 238 86 147 160 321 201 146 63 136 100 13 344 355 77 152 132 90 254 91 222 204 152 225 137 141 165 306 72 258 44 346 251 337 208 327 54 177 260 278 305 76 211 284 278 223 39 320 294 203 125 204 44 266 
339 182
135 97 284 222 252 60 352 59 253 287 321 198 340 181 164 35 178 156 92 288 292 207 278 125 120 68 278 93 149 262 297 157 153 92 99 349 288 96 1 357 323 46 100 337 213 251 157 316 94 210 275 101 121 296 239 226 296 295 237 115 162 55 30 238 97 150 50 175 116 234 243 342 86 278 235 68 183 199 151 245 110 268 196 70 227 23 157 148 69 149 305 144 103 253 318 146 40 130 300 322 165 225 301 146 323 75 76 172 187 117 54 91 281 123 176 98 250 188 180 348 131 86 230 295 216 223 118 298 318 136 321 296 72 49 99 55 143 266 221 162 263 343 301 343 175 171 93 359 333 164 240 177 157 261 130 118 142 65 305 210 229 231 332 104 346 149 290 192 162 270 231 169 182 148 105 218 218 246 121 279 136 339 17 200 184 52 286 92 63 213 53 193 143 211 239 206 276 221 309 278 259 214 269 261 102 136 287 154 7 44 343 353 189 14 43 1 14 210 42 336 289 1 308 200 240 19 286 252 269 45 124 284 151 19 62 200 316 183 138 182 81 283 272 254 154 247 319 234 145 52 213 280 271 101 43 334 84 166 220 224 110 141 104 202 161 79 148 172 257 67 56 48 200 236 28 240 85 268 228 133 316 351 176 258 23 32 268 80 6 149 280 298 106 297 151 125 185 323 37 81 180 278 351 69 158 25 82 277 140 248 56 211 216 246 210 51 18 235 68 2 159 201 343 205 356 223 105 80 225 89 309 120 173 289 320 339 310 74 267 
228 96
76 304 200 321 135 127 138 269 282 178 212 173 127 257 153 18 20 52 304 19 26 170 112 178 256 333 51 132 199 263 109 249 237 87 312 314 320 284 167 309 6 124 148 308 54 285 222 261 63 204 150 114 46 169 213 218 97 26 273 10 78 291 103 24 320 1 352 206 184 153 243 36 324 237 131 287 1 44 217 215 91 284 109 154 337 69 48 224 99 309 342 329 291 88 83 358 312 113 179 52 180 158 15 209 93 14 6 60 152 111 226 269 282 80 284 109 342 270 107 32 58 290 52 101 270 46 126 40 355 75 164 200 353 26 218 279 264 71 121 353 266 116 210 339 126 246 138 298 268 263 208 73 323 20 22 311 332 12 111 52 12 341 250 190 222 114 356 54 231 4 292 177 138 131 222 98 15 131 63 296 320 50 317 247 225 64 110 166 248 31 118 286 99 78 235 71 309 302 3 8 179 280 329 112 334 139 25 342 160 311 154 336 66 23 208 78 323 333 355 294 124 22 7 228 285 342 94 213 
34 255
90 305 306 14 142 12 288 327 282 101 340 263 61 333 15 105 90 118 160 273 150 89 169 359 356 294 260 84 193 91 110 2 333 247 
37 84
66 261 51 297 223 103 87 64 263 347 231 76 28 341 353 224 238 356 304 239 205 201 238 285 145 233 25 64 229 77 13 94 351 111 19 175 1 
76 323
343 213 204 345 145 152 133 347 72 112 49 322 277 61 203 27 236 10 201 329 79 35 358 342 286 80 354 56 140 263 219 76 101 204 208 136 278 41 163 124 265 91 65 108 305 229 6 192 136 31 175 139 102 32 203 208 289 192 213 302 67 36 343 57 249 170 20 311 336 82 196 152 58 130 167 297 
55 112
244 276 350 299 328 273 108 320 292 53 240 310 0 123 65 171 353 61 250 66 255 164 41 166 323 56 358 132 86 99 94 36 15 195 85 332 55 114 341 201 125 112 84 7 103 239 33 40 204 154 336 174 93 215 171 
259 38
139 149 139 297 127 50 231 117 286 178 186 77 298 314 248 219 132 221 106 92 251 312 29 192 151 276 293 14 0 110 344 9 357 160 219 268 125 357 234 81 37 269 217 203 66 127 294 30 314 304 127 208 52 199 161 353 161 65 189 291 352 294 250 84 347 97 119 218 24 142 287 267 143 36 323 149 191 187 342 341 289 226 295 329 1 253 141 307 259 50 284 249 13 181 88 72 49 29 83 249 92 0 251 164 339 271 186 269 116 317 27 187 113 214 311 323 355 95 306 326 340 323 24 44 107 197 104 302 61 35 95 241 232 28 147 327 137 173 203 38 91 45 285 4 89 12 10 230 113 321 117 251 246 155 331 50 71 305 220 96 353 11 341 37 153 352 95 193 84 18 56 34 313 309 172 352 298 310 349 289 314 31 340 13 279 300 307 132 213 195 252 270 56 75 232 106 174 206 248 324 79 309 45 331 315 112 336 48 305 90 275 221 60 209 26 339 11 188 65 36 131 168 282 305 31 272 258 166 80 199 233 301 15 349 198 238 93 313 210 284 183 57 183 115 190 259 322 87 311 147 264 39 357 193 294 183 16 316 118 
187 59
100 254 89 180 14 156 128 343 303 211 252 95 307 328 273 237 40 109 299 127 227 314 94 46 311 258 315 104 187 293 349 168 132 227 56 89 255 4 18 88 100 25 161 143 292 186 40 74 358 321 3 49 271 186 18 356 96 200 152 243 287 265 92 303 86 46 209 249 147 263 170 357 31 273 61 281 104 46 215 161 353 132 284 167 305 237 110 284 249 11 342 201 266 294 83 292 319 316 270 71 208 234 312 279 214 196 300 329 304 275 98 18 304 88 150 192 145 306 233 251 149 212 200 80 33 119 87 8 226 57 257 159 138 167 104 25 37 37 166 51 122 265 3 62 312 110 329 135 226 339 129 73 2 116 81 97 268 130 38 295 65 262 3 278 238 164 148 304 300 153 21 121 224 200 212 1 266 178 164 29 294 84 310 19 313 309 80 
259 37
8 181 216 262 98 160 2 282 242 160 296 49 234 246 133 146 200 140 301 242 111 281 68 148 266 297 61 59 307 304 133 299 318 336 144 142 60 184 320 53 93 296 140 299 323 130 131 171 343 264 243 190 353 92 184 51 278 158 247 7 94 60 73 307 269 9 114 36 335 314 249 114 36 136 203 215 273 337 272 91 67 176 54 42 243 352 310 192 149 261 25 268 346 222 343 249 330 198 320 328 256 291 353 5 331 12 33 291 325 190 257 8 265 111 183 69 9 279 200 26 79 63 178 225 134 82 255 100 145 108 176 125 74 200 159 51 198 25 154 126 128 257 115 184 118 107 193 271 87 52 258 265 257 1 199 25 39 139 122 336 35 8 154 132 206 317 26 253 295 109 173 154 222 30 1 134 265 129 180 65 265 71 262 129 248 88 97 106 173 252 358 11 308 83 221 332 31 246 342 79 330 142 343 238 317 273 229 107 3 281 87 140 16 78 213 78 313 10 151 89 304 205 83 99 193 25 130 154 139 203 291 174 5 265 264 36 280 15 218 240 297 232 94 242 61 263 7 230 70 117 260 147 165 100 174 97 249 180 121 
77 169
59 155 77 182 296 201 16 310 336 83 334 60 274 102 50 128 294 103 258 84 143 70 273 212 81 345 36 334 155 72 30 162 127 70 45 96 37 291 136 83 349 291 308 191 180 138 91 276 300 13 349 142 44 267 124 145 78 300 102 98 113 7 262 128 228 5 187 41 324 32 140 303 335 168 261 302 119 
302 298
359 144 322 88 237 97 243 64 210 125 54 62 301 76 65 80 173 229 52 161 80 214 338 149 180 247 185 343 306 162 224 247 147 19 145 275 297 33 9 351 104 57 161 53 333 132 76 38 237 74 296 124 222 197 314 330 191 85 196 159 334 197 274 286 96 260 283 124 69 315 67 165 142 299 280 70 308 91 7 151 345 194 234 21 228 283 303 155 220 61 285 132 180 98 249 93 299 36 0 230 323 244 132 353 127 256 314 174 130 199 189 332 335 18 105 62 192 347 329 238 74 74 50 191 299 56 96 188 245 123 132 7 266 272 48 255 253 282 351 153 257 29 313 272 19 58 201 229 269 228 169 49 342 122 146 56 335 190 172 252 195 30 93 33 270 81 165 101 327 265 346 276 9 0 294 182 329 149 311 294 133 286 11 218 186 208 352 306 313 267 272 70 316 160 298 198 134 7 122 356 66 295 177 175 343 74 82 224 123 77 239 298 143 357 269 90 65 176 182 103 106 49 124 333 195 203 17 4 148 357 136 33 316 178 346 73 104 31 10 18 49 190 207 204 271 61 153 12 119 320 14 38 271 209 64 305 176 213 37 208 305 230 238 199 10 125 42 312 142 183 36 228 47 174 44 6 263 331 65 91 7 13 62 4 48 198 353 55 318 24 164 56 24 231 184 77 116 127 337 174 84 171 
358 193
131 93 74 246 231 144 225 336 30 164 254 86 217 298 308 88 189 189 322 245 189 108 149 32 65 95 195 161 86 290 250 43 56 230 109 350 65 7 43 194 96 224 326 248 50 336 220 63 137 317 58 329 288 133 216 318 139 133 280 36 253 139 203 92 330 218 317 312 267 132 277 168 318 159 60 347 103 172 306 205 57 178 128 294 60 4 77 131 114 13 220 41 239 285 346 172 148 192 11 164 355 299 138 55 186 236 12 205 100 241 222 151 52 234 235 34 186 43 155 304 290 313 9 212 157 207 167 185 35 121 244 157 275 69 5 180 245 196 12 215 140 35 196 119 41 61 65 35 345 140 241 312 195 247 217 205 180 240 240 252 215 43 174 137 77 86 225 133 23 174 299 279 196 225 41 93 211 154 335 266 179 140 165 18 109 255 273 160 196 120 298 120 319 186 105 162 14 287 325 234 104 5 98 309 66 135 233 54 323 202 268 320 88 205 158 256 81 115 317 47 218 92 355 116 158 205 277 276 140 103 250 309 344 146 5 238 131 166 40 327 106 215 259 104 78 287 31 326 126 16 333 73 47 39 179 67 102 342 58 193 118 91 226 35 282 264 12 156 0 77 240 89 274 221 126 270 83 354 218 324 340 130 49 37 12 136 56 68 193 137 74 200 62 153 315 311 227 315 208 210 187 166 23 169 110 307 190 130 154 204 67 206 12 107 131 245 275 302 6 242 265 286 342 355 277 279 135 262 7 65 46 191 44 196 148 125 71 39 99 98 144 353 103 329 178 93 154 165 99 299 18 309 196 249 88 347 305 101 
330 345
279 81 283 166 112 18 349 88 2 178 147 153 27 32 208 103 317 96 61 200 33 134 76 125 188 57 250 286 172 321 155 242 195 304 327 349 238 176 3 232 248 116 330 210 233 48 67 27 252 260 225 92 164 335 143 311 10 234 206 208 64 191 82 208 104 216 329 100 247 339 35 262 189 118 162 294 323 310 75 234 111 101 126 357 123 167 3 133 174 200 109 51 0 176 28 297 141 265 132 318 178 112 141 148 108 300 307 16 48 73 75 173 359 23 90 116 149 292 0 246 152 141 97 103 119 53 352 231 336 10 89 337 219 335 107 31 179 139 8 223 137 61 93 325 257 309 272 225 344 207 49 43 69 239 12 41 61 226 325 91 119 359 308 280 314 163 151 329 268 58 17 205 159 317 96 53 96 278 249 26 36 294 248 320 241 117 223 195 258 175 4 45 85 280 141 196 8 236 72 232 109 147 142 305 313 76 261 25 138 121 297 203 48 355 41 87 44 330 225 158 274 134 277 228 190 183 222 276 136 40 348 15 160 120 131 283 246 135 99 337 145 222 263 2 244 227 206 68 27 300 229 118 199 326 306 346 66 356 217 261 283 177 349 175 126 0 295 172 318 132 259 76 153 39 274 257 187 2 245 210 313 181 158 300 71 201 189 205 139 311 309 54 143 22 291 190 340 44 133 98 336 211 308 218 187 286 345 339 189 59 322 4 341 22 55 67 171 65 26 51 11 359 134 227 339 77 9 47 214 33 
15 45
356 314 278 245 115 264 87 40 118 104 321 72 321 229 128 
259 124
186 180 337 0 88 104 184 191 313 215 222 229 27 183 96 204 126 41 241 247 103 276 22 148 37 320 133 111 346 144 77 355 74 101 199 206 177 214 325 41 98 56 20 215 4 344 41 100 118 161 208 224 141 198 119 287 99 186 317 281 353 258 352 300 295 128 204 141 120 244 23 73 238 98 181 127 354 97 243 337 25 195 100 42 190 244 2 1 136 197 256 33 219 174 100 89 65 98 328 205 158 188 102 266 290 200 250 27 143 174 157 311 82 31 353 312 152 352 334 285 301 44 207 158 249 87 354 320 55 131 100 320 146 314 13 143 59 133 157 109 144 298 293 324 342 268 126 232 344 258 294 205 301 347 262 114 300 92 293 44 287 247 29 259 346 295 169 119 188 234 193 138 204 24 84 36 315 17 230 123 116 200 0 3 238 65 73 65 321 314 273 77 139 105 282 14 216 153 117 37 85 142 272 195 313 93 96 300 237 303 337 278 101 223 83 221 6 172 154 357 30 326 192 211 321 113 332 222 90 65 52 35 17 272 203 105 211 27 281 205 116 266 258 31 205 322 49 104 246 252 43 47 184 209 318 15 261 299 170 
77 275
132 230 159 348 129 238 74 303 130 358 64 95 144 83 151 312 159 223 120 262 228 36 30 85 318 271 58 174 251 209 337 297 209 355 181 138 42 117 33 212 110 95 32 107 45 338 115 133 283 207 269 154 271 154 318 313 25 76 268 193 35 315 179 226 311 273 247 253 136 329 166 124 129 263 138 216 254 
206 336
242 238 150 1 246 94 151 130 87 35 354 131 93 121 10 32 161 99 36 334 196 184 201 151 118 88 258 281 318 144 354 305 197 22 204 271 16 4 355 205 324 103 159 354 300 22 297 183 83 250 257 223 35 356 313 208 82 238 7 79 328 24 64 21 199 197 124 31 223 141 132 304 12 135 59 50 158 10 178 76 220 66 37 174 95 82 253 284 354 224 80 252 293 336 319 132 329 83 144 107 329 245 317 65 130 268 252 353 276 45 40 12 158 186 167 237 116 167 255 350 334 355 335 252 148 218 64 292 226 22 14 210 181 134 20 174 113 1 263 77 71 1 144 271 38 278 282 52 334 268 354 206 316 234 282 84 24 222 62 109 315 116 340 192 14 64 247 184 224 227 358 120 210 197 80 282 298 244 62 325 42 24 339 155 169 324 357 20 315 347 47 94 53 280 346 248 179 294 210 28 128 6 139 235 8 38 
45 60
63 166 29 154 358 48 83 122 44 329 149 320 27 7 104 114 306 58 191 108 153 301 257 297 73 336 334 187 143 303 311 169 32 294 87 150 353 218 299 231 101 157 332 309 91 
13 17
159 50 105 261 324 166 171 276 322 235 307 66 294 
127 276
48 25 82 16 29 101 44 219 13 11 200 226 352 116 265 350 358 258 63 235 205 280 84 147 22 240 292 100 102 189 276 89 5 283 111 308 248 128 187 92 92 20 210 244 250 201 0 259 264 294 200 216 59 215 253 264 263 243 76 201 156 324 34 278 289 345 87 143 294 94 304 36 65 311 66 3 167 155 280 176 69 92 118 204 145 67 136 124 301 216 14 29 253 290 50 16 245 224 270 107 70 359 100 339 334 228 53 294 308 97 126 292 336 155 353 336 118 150 18 97 91 244 156 307 215 4 271 
164 331
285 352 70 109 308 152 254 46 67 222 261 0 83 256 81 352 36 250 160 288 293 246 355 82 98 217 167 164 189 234 311 122 300 308 25 131 259 168 279 132 335 337 236 21 271 239 155 222 36 79 292 39 281 154 349 201 11 330 241 184 150 196 328 250 93 26 309 77 298 308 50 251 94 158 77 128 300 110 161 158 309 19 92 332 330 177 159 26 196 106 352 195 101 182 274 169 325 253 45 346 103 25 265 327 5 340 234 94 341 221 204 300 95 115 223 330 342 147 338 110 131 271 69 111 287 205 83 83 298 108 51 113 212 22 265 220 337 266 1 336 234 166 66 206 355 322 300 232 257 197 220 242 37 247 209 122 215 302 82 358 255 236 19 64 
31 58
41 23 83 269 104 84 255 294 66 21 130 354 267 223 130 274 321 35 246 231 280 333 181 82 37 111 276 224 157 41 349 
251 86
9 42 265 302 178 302 263 35 65 3 261 341 257 184 303 85 359 359 84 179 30 346 101 145 290 117 288 100 176 20 108 184 86 80 140 110 156 123 51 207 136 334 298 118 59 222 353 85 186 222 35 338 198 200 150 191 301 250 337 23 63 180 89 267 69 168 48 126 133 219 175 181 20 72 313 253 131 37 158 333 84 102 243 134 309 84 133 307 227 217 41 271 115 167 32 99 108 346 327 156 269 165 331 234 221 24 21 234 137 235 279 137 166 87 334 134 239 264 91 299 310 286 12 107 264 150 170 200 304 93 329 98 177 291 346 29 13 126 308 125 24 155 177 80 328 296 297 229 341 351 112 184 131 27 84 106 347 72 94 334 113 143 297 8 349 51 316 324 255 149 299 63 213 23 35 196 82 304 343 16 130 3 35 330 87 331 312 354 131 98 261 324 97 329 100 264 18 120 279 341 128 270 208 351 15 92 19 192 183 3 14 313 319 204 17 151 80 39 226 125 311 9 320 103 297 151 209 335 36 172 331 313 276 353 343 228 257 309 132 164 122 12 155 153 244 207 241 166 12 70 53 
275 121
302 200 232 189 282 334 1 25 119 45 229 25 351 275 219 239 189 155 119 283 128 337 192 292 347 206 77 66 345 288 24 138 52 4 153 346 20 47 232 32 132 196 222 49 323 327 3 270 341 237 286 65 57 273 222 52 43 294 342 301 262 101 245 178 262 30 282 211 185 118 7 112 325 175 165 220 151 197 326 272 236 222 24 41 78 292 85 179 261 270 151 172 355 142 297 330 175 46 299 316 20 21 31 241 152 151 80 238 192 74 29 80 35 143 48 233 21 320 63 307 340 112 162 128 274 24 261 258 0 266 142 218 284 137 173 160 332 308 34 63 1 35 14 36 60 347 259 94 321 251 316 93 338 348 67 133 353 25 236 359 93 260 174 303 299 272 308 104 240 234 186 158 17 106 250 236 69 191 319 99 76 188 167 297 54 318 54 117 148 153 34 106 160 326 38 221 203 275 3 134 246 347 107 301 319 306 240 104 165 251 317 216 212 0 306 286 327 216 45 356 202 167 7 261 291 166 133 224 254 67 132 109 55 151 196 63 152 150 176 232 82 262 177 163 324 256 90 300 322 348 252 284 296 122 340 205 355 47 169 319 196 166 122 278 315 26 132 276 156 45 43 278 233 23 247 
265 317
127 42 48 91 165 315 101 73 351 206 60 356 100 128 120 310 266 331 262 267 154 41 311 41 30 272 159 175 246 138 314 294 162 112 89 151 183 62 85 210 212 74 255 115 61 220 196 318 186 134 15 77 138 277 23 212 346 197 156 58 155 266 151 71 24 181 251 176 96 146 229 339 22 279 308 60 132 22 182 221 130 81 300 245 249 89 128 47 2 328 331 166 215 323 119 49 172 168 264 124 274 331 2 274 345 104 123 187 163 259 61 355 81 305 225 121 244 29 305 320 234 296 167 166 113 172 96 329 175 188 4 146 214 283 308 220 344 144 313 45 336 160 336 190 206 149 123 139 191 264 331 235 237 39 186 248 301 155 168 1 51 308 155 169 306 213 14 25 212 21 330 329 359 80 183 40 235 256 353 171 46 247 3 357 278 6 154 131 76 277 185 7 322 6 79 153 244 88 13 303 177 156 107 191 157 196 330 45 90 186 299 262 290 151 95 304 186 92 312 119 168 83 134 283 309 53 190 178 314 173 206 85 296 61 252 103 341 97 102 113 24 148 177 318 222 94 200 27 142 189 141 50 68 222 249 133 327 273 231 174 286 271 225 171 61 
58 211
81 167 208 211 182 153 5 313 222 209 14 305 256 131 194 126 203 90 301 283 117 270 267 198 203 221 231 75 147 319 354 205 290 207 147 243 81 329 48 141 79 66 330 165 3 69 304 161 160 262 210 147 7 307 320 266 52 190 
339 193
123 132 209 40 116 248 114 185 42 70 14 256 324 338 94 308 293 239 248 349 250 117 84 56 74 279 194 345 325 186 69 61 115 214 143 76 228 336 245 145 100 39 347 35 119 31 11 297 21 114 346 344 79 176 232 286 136 205 202 316 178 2 180 16 99 268 130 64 9 143 266 126 305 298 171 102 88 263 140 277 74 264 57 304 126 281 165 158 209 60 202 134 6 173 262 76 119 334 139 277 198 205 0 198 158 309 216 60 35 115 160 217 203 156 310 30 322 172 172 184 52 190 240 357 348 73 114 160 356 151 177 298 155 75 162 110 142 26 239 107 81 272 182 82 296 239 90 101 123 165 338 288 183 75 26 265 93 246 61 200 135 289 312 123 137 6 190 312 56 275 76 18 169 38 3 256 137 179 292 44 193 195 127 177 205 245 334 290 100 142 147 311 124 86 242 68 232 287 64 245 254 292 154 236 247 296 75 186 110 201 4 73 221 311 346 266 95 193 353 308 152 51 212 132 99 209 17 217 24 211 101 258 124 257 117 84 167 282 92 157 344 76 111 24 252 94 39 183 288 323 198 233 356 173 226 270 90 331 138 272 227 72 353 183 290 179 211 213 267 9 309 279 99 165 245 96 193 307 267 130 93 72 283 173 285 90 316 205 54 322 293 310 45 140 137 209 155 296 301 280 146 198 15 261 187 83 277 220 31 313 344 156 345 204 68 296 336 85 242 43 260 326 91 197 120 58 351 344 328 49 157 330 337 187 280 262 17 204 182 
6 66
86 55 343 189 190 13 
324 274
147 261 209 168 297 51 209 281 34 298 341 123 150 307 202 90 257 37 64 316 184 109 173 106 263 342 66 129 195 233 268 315 238 160 177 148 235 218 282 319 307 39 86 190 313 141 236 71 197 142 346 149 153 219 9 27 298 107 86 345 151 135 154 337 60 0 150 118 84 251 95 331 168 32 225 193 163 155 115 93 287 123 269 216 108 176 7 26 55 255 227 50 31 84 70 336 64 357 153 1 118 180 324 201 227 73 107 130 170 287 0 324 285 31 319 103 25 337 222 80 98 283 113 312 169 282 187 340 28 263 175 151 311 71 24 71 242 355 274 344 211 168 195 110 136 272 232 260 269 105 19 331 204 192 330 220 64 290 356 263 13 202 20 226 35 180 327 97 243 248 156 336 155 203 267 208 157 203 183 61 334 111 16 32 196 66 357 247 52 351 107 115 170 224 223 342 216 293 97 156 354 254 232 194 48 226 110 160 114 29 8 45 239 98 68 30 118 317 164 102 163 170 349 221 340 293 192 74 106 50 24 177 333 72 328 254 219 6 304 321 346 196 97 338 337 243 222 26 278 236 27 285 34 291 155 60 16 243 351 307 28 186 305 89 120 293 270 227 13 278 24 158 224 255 175 176 242 6 111 36 113 315 221 314 24 180 145 269 292 350 90 247 260 299 217 208 117 84 342 330 253 343 71 180 220 198 165 102 65 20 222 250 169 320 107 88 141 177 124 77 226 10 352 343 
232 34
207 215 149 320 270 72 223 225 11 186 10 182 320 30 146 168 290 75 125 5 332 70 37 116 315 95 103 180 177 166 312 177 275 82 74 89 261 117 267 133 222 84 335 100 238 177 314 201 121 260 220 226 181 309 82 141 111 190 124 58 280 276 233 287 119 167 152 116 157 144 131 283 332 4 82 320 60 69 44 355 334 215 358 190 289 186 55 190 119 275 351 32 116 143 92 314 7 96 330 134 334 232 102 234 194 301 311 155 43 182 139 145 167 209 52 176 201 39 312 154 297 74 236 136 51 281 107 332 160 143 329 279 226 150 235 67 149 127 73 49 3 285 166 2 143 202 6 86 228 107 152 17 226 132 303 71 78 224 234 304 201 261 127 308 34 140 77 299 80 199 315 57 177 244 12 340 91 65 215 169 296 71 101 45 145 51 191 206 349 88 115 122 67 150 215 350 188 169 190 190 126 73 326 296 59 240 133 48 226 50 341 342 85 340 126 82 302 117 74 51 3 239 31 29 79 110 307 19 198 239 55 352 
348 321
35 355 3 287 49 245 115 325 225 238 154 115 91 31 108 215 76 117 265 311 176 324 20 310 209 270 157 301 116 5 274 337 36 286 197 147 220 314 99 224 46 149 164 246 76 236 17 305 282 209 357 311 75 145 214 327 110 224 82 222 259 245 109 111 17 117 166 324 22 199 57 336 192 332 63 188 247 172 190 187 69 142 278 335 276 183 317 67 147 356 49 332 300 330 77 356 32 326 260 193 329 164 31 126 10 165 236 27 286 125 37 332 153 121 193 311 77 65 197 4 168 124 106 306 304 239 84 221 178 339 294 148 319 248 314 114 94 143 261 272 5 300 65 31 336 240 61 24 59 132 260 9 236 98 214 185 252 176 231 16 141 20 173 172 321 182 41 118 165 86 345 186 77 128 220 276 50 221 117 1 23 319 210 32 258 306 344 279 88 17 354 61 167 275 41 101 64 19 54 241 219 44 34 83 267 109 122 323 193 162 79 104 114 17 270 108 95 112 184 335 197 253 274 7 125 255 11 319 62 265 138 310 23 241 82 155 202 281 280 12 296 59 75 99 316 351 65 179 33 94 346 12 71 203 99 357 123 328 45 108 323 243 102 33 45 98 345 112 60 0 249 175 29 351 69 192 315 180 331 68 186 282 59 44 333 177 358 245 268 322 333 246 269 359 154 67 288 207 260 32 9 266 287 321 307 285 303 328 121 58 336 38 213 13 217 6 152 248 147 103 273 7 109 187 232 252 148 123 273 65 70 34 280 199 10 90 293 273 59 111 223 235 138 121 140 346 322 58 
349 281
237 266 55 96 75 92 11 216 18 252 82 74 105 119 305 330 51 123 111 289 126 84 330 138 93 315 72 24 348 207 309 309 335 177 259 11 294 308 74 6 129 1 14 64 306 19 284 81 80 79 117 97 93 245 205 269 112 131 76 322 210 108 71 93 12 108 262 330 65 255 126 298 319 204 220 157 292 315 51 30 236 53 0 227 292 196 169 215 12 201 282 112 309 0 246 126 306 203 170 94 319 19 143 249 34 58 61 174 183 122 154 82 147 155 117 220 193 19 89 308 134 229 222 188 129 191 2 308 84 63 213 296 249 308 87 11 176 302 15 163 146 273 344 7 217 234 246 93 343 277 95 297 292 143 203 189 170 248 327 135 151 323 356 282 97 15 237 143 79 334 179 19 263 128 94 174 242 149 201 58 355 56 167 122 295 268 325 7 73 77 319 96 124 216 131 125 53 305 77 310 252 158 15 251 170 335 136 344 124 199 229 48 152 3 335 172 99 86 260 247 254 303 327 36 326 267 354 55 149 354 60 109 259 152 249 6 23 331 241 66 147 38 26 163 111 283 336 55 276 76 309 355 11 138 355 310 327 265 229 32 30 25 171 36 295 142 359 36 244 7 37 98 212 283 148 329 351 239 19 280 292 285 237 107 38 17 269 308 264 67 102 183 71 153 15 248 174 317 23 330 161 210 243 77 282 61 230 310 134 13 243 304 248 295 309 308 183 76 288 186 117 219 69 103 297 359 284 331 211 112 326 332 15 228 67 307 213 2 304 125 114 95 115 169 145 251 248 118 119 
356 90
46 187 198 168 129 234 93 237 2 116 205 155 330 143 17 121 256 109 179 102 214 129 136 165 178 107 151 312 353 42 233 285 66 217 192 341 183 303 143 335 189 71 228 358 247 257 261 178 241 174 335 249 29 326 38 166 350 25 339 293 70 62 188 236 6 266 335 343 152 325 196 138 276 146 230 306 70 267 301 179 251 314 223 23 43 179 60 157 37 133 258 224 285 36 296 245 222 249 258 205 205 124 4 265 156 324 146 340 237 193 309 335 352 59 322 102 333 193 174 348 45 282 149 323 303 173 340 253 342 120 98 262 151 94 288 188 326 338 120 252 37 109 102 303 288 310 358 357 104 275 42 28 50 277 2 269 271 42 212 70 160 47 198 7 51 309 285 328 126 267 274 44 166 60 231 265 233 311 144 158 145 63 162 143 179 244 6 219 193 223 355 289 108 297 332 323 172 283 117 258 291 344 172 210 77 96 163 357 293 171 344 328 210 40 200 359 263 235 110 105 312 111 274 264 204 71 77 58 316 28 15 189 174 333 295 91 269 357 21 185 136 271 13 208 295 334 195 297 342 272 31 322 326 82 82 224 43 180 78 72 17 176 352 220 96 165 115 294 172 260 120 55 23 229 99 353 311 216 97 220 346 149 73 29 111 198 331 207 350 297 257 119 97 315 187 270 245 299 27 217 87 274 65 303 102 297 7 206 92 252 305 54 41 284 111 287 307 219 211 118 256 204 277 32 54 267 135 3 276 169 109 273 85 221 319 184 202 288 286 346 138 239 249 131 210 250 153 318 76 5 127 234 308 295 298 51 
128 151
79 98 206 13 90 301 225 179 44 10 223 229 352 147 25 263 349 83 295 154 327 100 324 69 29 25 121 298 212 125 141 201 34 356 221 20 68 284 147 94 0 341 177 104 188 118 349 330 182 166 183 4 296 104 240 341 164 61 357 112 36 328 39 316 139 82 53 226 157 107 329 65 325 338 24 66 277 198 256 29 245 113 117 72 277 171 130 30 246 155 285 124 288 107 84 321 163 4 266 160 41 201 207 33 29 293 111 95 72 179 41 191 208 147 125 234 316 136 60 223 263 190 195 134 30 117 174 209 
81 303
201 218 82 345 162 29 98 299 205 271 209 132 223 77 24 306 205 159 133 21 75 341 352 34 346 168 193 124 142 3 8 67 284 64 147 310 33 332 184 184 49 160 228 287 266 52 39 212 62 40 199 75 244 357 225 335 341 29 195 351 255 292 329 65 359 308 18 292 174 185 196 230 62 118 190 341 15 292 103 51 252 
67 177
331 178 163 262 87 225 96 21 51 171 236 101 131 223 348 282 117 149 312 168 176 218 269 18 240 266 191 296 230 9 194 29 320 203 137 163 13 105 54 267 196 306 211 17 6 131 17 232 91 220 74 47 14 157 285 221 138 124 332 191 196 258 290 99 243 272 324 
76 110
66 45 120 91 8 78 126 145 168 175 260 223 264 107 272 357 26 81 53 244 168 39 231 19 325 156 357 15 113 5 103 289 24 6 324 137 74 275 96 146 228 283 197 60 169 73 245 315 331 173 61 277 91 193 93 224 79 38 307 50 291 155 181 156 313 173 111 318 118 302 114 293 315 278 88 241 
323 19
78 285 327 354 1 99 213 121 172 295 334 288 221 279 15 259 52 267 91 38 77 236 99 92 326 36 50 37 263 103 235 34 98 266 314 6 189 355 87 55 23 115 221 24 310 339 18 241 154 356 113 55 18 182 288 18 37 137 317 94 288 339 181 87 134 284 104 17 165 9 299 304 207 238 289 49 18 32 273 104 91 92 259 263 153 342 338 339 103 140 98 305 192 130 156 7 250 23 21 248 230 187 35 109 63 31 284 272 42 238 61 311 98 77 227 11 171 183 197 48 25 351 145 130 320 183 49 196 341 11 39 239 298 317 250 259 40 202 291 113 231 116 136 165 10 161 105 140 54 313 282 81 307 148 76 229 74 302 283 250 150 14 137 357 203 244 175 268 274 336 108 312 295 127 72 288 121 172 183 146 265 341 89 212 161 102 107 10 337 138 7 3 288 276 329 125 144 301 280 79 111 292 116 76 108 134 347 27 96 265 212 282 244 307 285 70 90 47 161 90 335 206 166 2 87 12 27 350 356 228 171 216 252 178 296 273 142 136 332 252 298 307 312 22 337 138 253 47 236 305 191 149 215 308 139 216 274 75 255 75 305 314 274 197 52 66 104 92 108 57 100 27 45 353 134 51 1 19 350 268 286 237 341 238 103 340 147 274 45 320 323 145 185 93 161 145 317 221 78 320 161 281 65 235 338 274 239 34 158 160 106 243 43 331 236 293 159 20 195 70 229 303 123 
233 245
231 81 15 156 331 352 53 121 92 4 196 217 162 262 352 113 120 48 308 122 133 355 303 129 13 332 95 184 210 350 245 2 137 119 303 75 26 121 133 65 25 2 270 343 81 149 125 212 326 328 227 82 105 356 281 239 27 331 223 247 178 18 91 143 326 114 358 358 2 242 48 296 181 7 260 27 340 202 193 103 186 144 264 285 188 8 83 184 149 137 187 140 247 289 18 275 191 119 108 102 287 149 139 295 98 290 49 326 29 167 58 311 335 211 326 60 288 282 65 146 152 262 344 191 286 78 160 267 312 130 87 175 42 217 116 57 232 177 198 338 305 204 135 33 272 109 274 180 103 4 225 72 350 322 4 229 88 169 294 169 242 241 308 328 24 329 316 36 26 198 77 159 253 203 211 281 327 50 50 312 129 240 116 142 281 309 102 47 221 83 76 96 325 113 318 359 110 287 172 114 300 217 303 170 72 40 196 130 90 336 143 246 133 281 58 246 342 219 127 20 0 345 276 320 207 184 242 319 320 223 310 221 298 
32 108
73 142 122 152 225 83 313 217 172 314 42 285 326 240 153 309 165 120 190 348 341 4 15 127 117 256 96 93 67 101 300 294 
118 337
174 225 208 265 279 204 223 271 296 340 101 138 281 87 210 348 310 314 298 113 7 86 269 323 157 125 14 77 117 329 192 339 208 341 293 310 123 342 335 205 243 214 148 327 58 270 340 36 118 354 30 53 293 215 176 268 141 150 195 257 22 357 86 173 139 339 195 276 231 345 163 324 324 19 26 76 59 73 78 21 47 299 160 121 318 32 350 73 351 94 234 267 122 189 311 132 17 343 83 199 294 20 153 34 338 215 145 325 292 285 150 310 48 80 82 151 268 74 
100 174
272 328 264 238 341 293 194 1 322 44 167 126 203 53 136 76 150 74 182 155 351 299 222 115 13 71 282 208 215 203 149 71 278 80 212 123 31 11 31 23 278 326 292 92 188 39 42 54 68 100 318 267 307 136 210 319 150 209 274 332 353 346 358 69 332 195 57 246 319 5 108 100 155 178 41 54 305 136 326 127 236 255 131 48 17 79 192 321 73 233 58 293 23 165 77 71 273 174 152 296 
195 150
176 177 214 323 191 125 51 320 223 234 255 356 260 207 64 124 192 159 245 19 119 189 349 165 249 318 213 276 233 210 345 324 205 115 158 62 321 356 313 51 190 86 39 65 9 321 254 45 91 82 148 256 257 135 200 223 112 31 207 193 77 127 349 347 321 199 235 68 65 152 102 348 207 330 215 225 13 156 317 203 345 350 216 257 320 299 0 109 297 54 246 169 85 242 104 29 284 349 245 197 149 335 359 93 322 306 213 335 263 88 98 106 283 237 353 235 89 204 186 197 345 228 102 182 156 243 258 24 172 165 318 83 39 187 302 263 55 54 88 125 269 291 196 15 40 209 10 18 153 296 297 116 128 45 173 182 263 207 120 204 98 329 8 125 269 237 115 262 67 317 35 110 81 25 117 359 260 314 41 124 208 271 16 158 195 18 124 319 40 161 37 131 236 240 79 
128 347
243 293 91 223 224 35 176 212 81 67 157 189 29 113 303 348 21 98 80 168 300 80 31 312 2 275 348 329 354 1 106 97 291 226 160 24 71 173 92 298 212 247 272 95 322 187 210 229 16 327 46 155 246 133 50 153 91 253 16 230 183 118 27 96 30 151 174 135 128 347 101 327 213 224 83 321 277 77 72 147 116 182 27 15 206 83 225 298 177 197 25 18 278 248 262 105 54 207 190 273 210 148 166 300 220 307 203 68 160 74 108 190 13 34 95 40 327 325 114 223 257 142 92 230 256 290 282 356 
