75
351 90
197 171 260 204 259 334 70 41 79 345 292 29 122 320 334 282 141 2 223 144 321 319 103 312 29 265 257 193 157 35 155 341 328 8 146 351 112 122 171 169 180 112 312 127 237 14 199 85 213 108 72 160 316 159 338 52 81 301 110 214 193 201 15 291 159 102 174 188 133 49 311 0 82 311 136 343 126 201 48 344 146 6 198 29 357 26 284 231 93 327 136 233 299 99 68 289 97 42 28 179 81 52 299 230 195 73 341 145 292 79 212 3 33 7 344 9 89 151 24 196 266 124 210 108 30 2 154 67 0 93 263 160 333 357 197 355 134 72 158 57 176 285 172 302 83 351 78 162 29 335 320 73 324 28 291 170 304 250 207 93 86 3 91 284 270 126 279 282 210 342 302 22 201 287 345 292 327 334 215 184 22 109 176 307 256 189 348 268 113 212 111 172 313 173 103 90 280 125 132 183 248 285 352 53 237 351 233 88 110 348 178 148 176 30 345 327 262 69 128 353 345 177 78 182 286 38 105 303 241 59 86 153 192 89 270 59 13 99 189 209 84 21 152 33 316 213 45 351 197 245 175 224 8 80 128 114 94 106 4 252 62 179 60 103 164 159 55 134 259 197 58 144 131 142 56 316 106 38 157 122 264 170 280 339 178 335 88 206 308 47 278 289 140 195 6 92 276 138 96 207 162 150 270 234 327 224 279 40 15 344 196 233 331 210 186 36 191 61 116 185 38 335 19 187 137 15 295 349 15 267 18 26 174 273 244 275 75 199 245 163 245 170 27 341 99 92 109 90 72 35 97 
241 135
348 169 165 73 304 289 86 323 227 123 242 81 47 136 44 258 246 200 174 320 162 312 295 322 211 266 343 352 271 116 181 216 9 188 189 256 313 146 275 274 348 319 249 294 325 46 328 169 311 344 125 169 245 187 62 215 249 60 127 201 84 36 83 259 88 133 3 275 341 286 264 12 79 294 111 213 122 291 103 66 338 11 19 300 21 0 330 263 237 153 80 278 63 209 22 42 173 278 235 89 348 137 58 38 206 331 4 60 291 109 177 120 305 40 87 92 225 193 216 200 154 24 105 12 170 116 257 59 7 328 144 47 337 126 24 252 255 21 135 52 307 66 125 325 324 259 313 116 334 158 222 148 29 353 184 17 239 340 207 323 128 187 341 68 126 281 68 48 28 88 135 312 124 51 123 209 210 109 177 86 278 146 97 175 18 196 245 17 328 245 185 27 11 344 207 119 44 324 5 29 149 95 129 27 335 194 191 90 199 36 87 231 260 168 118 282 0 205 158 161 124 22 343 141 90 40 134 1 345 160 257 259 224 263 198 43 253 280 40 4 200 
29 65
55 88 79 285 219 80 43 207 12 264 250 144 173 76 174 147 253 22 149 119 148 124 221 2 229 239 184 3 87 
101 190
14 134 71 38 266 29 250 357 217 228 324 93 83 324 357 195 84 288 102 87 18 76 265 25 46 218 348 180 266 310 134 93 219 83 49 204 146 319 109 313 319 145 260 278 106 294 317 3 232 86 15 126 280 226 133 140 2 359 100 91 350 180 39 336 152 108 11 228 178 186 171 97 353 179 88 181 52 329 9 117 185 198 31 58 276 235 82 264 317 308 206 139 335 227 166 130 226 130 231 184 159 
220 199
39 158 52 343 301 40 244 209 238 159 50 25 165 317 297 6 155 73 96 138 38 283 141 96 15 342 340 61 304 344 304 343 141 234 134 170 328 286 74 190 251 339 184 155 144 177 230 133 70 338 182 50 105 291 210 298 42 338 355 3 241 323 25 1 37 111 175 83 105 355 198 220 83 1 164 336 358 27 249 118 56 316 159 314 131 40 280 217 116 246 223 156 71 351 81 26 39 202 52 78 192 174 210 327 166 148 35 198 65 40 73 82 155 337 316 161 23 267 258 192 324 258 168 201 252 71 1 346 130 212 80 168 3 9 46 353 348 118 171 110 246 27 26 124 215 335 121 53 179 190 100 292 295 349 358 47 347 299 243 76 117 339 192 98 331 215 258 30 158 53 87 198 240 75 326 21 225 42 351 232 333 246 107 264 105 259 227 293 257 108 86 9 264 341 118 285 234 41 352 198 321 284 240 323 284 195 98 114 141 2 53 225 71 179 190 346 225 15 344 133 
36 67
23 39 48 88 355 320 299 111 11 10 42 181 31 339 157 84 194 228 126 345 35 215 298 319 131 359 268 293 239 292 59 276 96 38 277 104 
185 183
38 94 117 115 4 150 359 125 149 13 118 219 4 232 191 58 268 335 63 307 285 136 8 326 38 165 181 242 247 351 36 200 73 235 352 143 183 275 119 235 26 118 272 325 1 245 352 30 270 74 59 126 225 272 182 74 117 111 161 255 260 55 159 47 113 168 116 151 355 39 306 205 125 115 353 109 142 324 53 340 31 262 64 333 312 50 229 106 334 347 108 55 9 58 182 4 201 53 318 183 136 70 318 0 281 240 113 298 171 113 45 309 4 238 174 220 97 328 76 285 79 220 341 45 344 277 59 230 3 265 269 168 138 151 45 231 207 30 65 257 41 13 305 76 89 359 62 205 12 206 205 218 147 47 315 322 338 206 287 28 99 241 286 213 223 343 290 93 191 208 124 250 134 321 158 132 177 324 84 286 253 9 144 139 189 
173 178
66 3 321 65 48 191 7 62 113 119 33 234 331 179 33 292 279 6 152 162 292 258 300 99 25 242 47 152 175 109 323 235 328 167 68 204 80 22 130 60 249 24 108 49 96 84 42 238 278 265 325 154 183 269 260 155 222 18 239 218 333 110 168 140 258 110 198 11 57 97 263 306 357 197 17 236 74 307 95 94 358 206 179 19 162 205 96 178 90 114 326 302 17 271 63 230 238 17 302 255 71 269 161 273 249 164 13 323 28 174 331 348 10 326 161 94 202 339 188 185 17 292 264 68 331 350 217 309 307 298 112 323 148 270 268 329 341 215 152 29 275 116 205 278 275 48 94 174 216 293 155 359 316 162 276 219 293 103 167 273 291 215 170 50 337 234 154 341 316 154 99 328 237 
207 343
175 14 318 159 11 106 31 249 60 81 252 47 216 145 65 147 174 121 222 64 205 194 339 228 210 116 258 52 211 248 122 313 254 349 354 125 71 66 307 288 102 90 106 238 197 108 51 265 126 285 82 337 98 117 338 239 143 195 238 246 208 164 309 293 173 300 307 210 308 270 113 95 98 25 226 278 49 114 320 302 2 109 235 137 301 14 328 53 168 110 38 212 155 12 55 23 111 216 235 296 267 84 181 14 108 97 57 89 101 90 70 118 59 83 237 229 334 243 181 62 248 114 82 235 9 93 166 78 250 5 173 310 49 15 137 57 101 42 171 57 282 219 339 66 103 197 261 113 293 145 166 47 132 122 26 99 295 175 297 73 134 313 233 308 107 104 345 169 20 301 16 136 233 180 46 91 108 67 233 37 326 143 133 25 313 327 109 12 258 209 111 118 105 172 305 119 278 47 310 314 204 90 141 19 359 70 185 
105 62
177 76 30 37 66 22 297 326 294 175 199 17 320 144 207 144 132 290 182 279 139 242 77 332 359 338 102 147 140 24 106 282 268 267 8 98 62 351 161 176 278 257 98 88 211 346 83 249 348 125 56 342 99 302 339 323 110 276 345 45 277 126 165 347 332 243 354 339 251 355 111 231 233 281 279 266 45 262 5 338 298 243 131 151 253 14 43 50 15 72 296 134 87 111 351 219 351 75 312 340 272 251 119 324 53 
219 121
156 300 265 240 289 187 259 331 311 301 74 99 110 258 67 291 139 39 328 296 206 245 339 42 137 341 159 350 192 42 18 318 113 223 339 69 93 129 178 14 291 186 350 276 328 251 312 296 182 116 186 183 274 98 152 35 352 78 180 299 276 344 34 232 148 44 139 188 214 290 286 127 358 4 112 74 267 122 59 133 63 271 280 32 243 178 289 158 355 127 113 29 198 252 61 329 201 329 26 241 47 64 93 145 106 212 133 356 219 83 211 208 310 332 296 54 233 257 134 281 279 41 223 72 317 81 66 349 107 257 33 56 113 121 139 8 37 250 75 133 161 274 255 272 296 355 35 266 28 359 99 134 202 120 75 310 123 168 245 125 55 178 112 28 356 162 113 30 178 205 280 23 248 165 176 253 56 135 293 313 303 269 274 134 153 286 79 240 138 245 10 122 310 246 318 187 338 266 10 207 357 20 337 19 58 1 193 326 79 27 130 306 102 322 290 176 141 52 195 
177 167
287 279 40 290 61 181 75 273 159 130 13 355 224 87 118 238 93 80 148 105 256 193 330 234 200 75 115 141 167 239 102 27 144 5 356 173 286 11 286 242 20 244 50 314 266 297 332 195 209 159 89 157 137 352 243 262 44 6 48 277 69 214 148 47 16 54 189 195 199 31 291 30 30 48 340 14 292 167 312 79 140 48 34 88 326 48 307 281 158 297 153 248 141 26 199 356 236 336 264 188 42 46 209 349 141 161 179 68 64 338 62 185 215 268 215 337 113 118 47 0 358 194 132 339 28 69 199 300 273 325 348 304 241 111 55 237 295 181 150 216 269 25 309 300 110 173 114 204 209 35 230 178 111 285 234 254 28 11 123 203 221 94 295 251 255 342 284 187 182 323 119 84 154 112 89 264 91 
197 291
213 72 140 182 328 182 276 213 182 177 152 118 27 192 218 203 295 120 55 225 264 67 81 344 81 355 11 207 156 60 357 311 180 59 91 201 117 149 352 119 17 86 147 63 94 340 302 172 300 303 351 232 342 267 19 251 238 144 106 320 121 288 146 130 269 186 55 306 318 208 186 126 259 157 298 262 41 175 1 233 4 121 224 163 265 9 13 88 222 278 206 274 337 263 175 183 114 97 69 183 110 50 235 208 59 201 352 125 60 16 46 331 193 358 207 96 23 180 46 264 183 255 289 321 183 355 242 117 18 340 54 121 198 236 296 71 345 26 75 194 197 225 102 117 80 114 271 166 107 224 19 258 314 107 315 255 255 147 257 65 115 212 83 24 210 274 227 122 259 133 185 129 218 78 303 48 184 107 303 61 313 296 322 319 358 72 32 140 311 265 305 68 160 137 236 104 5 
309 331
336 153 303 207 201 332 297 173 214 159 129 222 95 264 66 192 220 249 299 100 316 120 210 157 12 301 20 141 343 5 254 282 329 28 148 64 22 207 110 119 346 221 218 218 130 223 92 343 280 90 337 22 302 346 154 309 331 65 144 353 42 139 333 84 64 139 358 330 241 9 177 247 200 148 193 341 272 84 237 89 63 137 269 75 333 295 166 268 227 7 10 257 243 123 23 206 117 160 61 109 242 253 347 205 204 126 123 78 137 83 300 86 180 142 240 158 242 220 218 257 74 137 183 344 248 131 202 188 226 69 274 191 292 158 311 268 26 255 1 294 294 135 246 238 72 46 6 328 80 125 111 47 88 85 27 189 8 356 265 273 60 19 80 352 224 221 95 255 74 128 190 336 307 83 348 239 148 152 112 237 24 225 86 127 332 188 284 353 29 273 212 267 31 30 58 139 41 30 181 263 162 85 286 246 322 186 103 281 230 60 115 156 6 237 22 117 217 163 85 159 197 302 330 257 136 307 333 7 29 13 89 340 100 215 189 110 331 43 68 7 66 324 33 273 183 51 326 304 88 135 121 292 257 310 182 316 180 138 185 324 108 84 33 301 300 16 133 211 167 135 233 252 9 74 196 27 177 56 328 176 147 55 345 86 48 99 313 311 65 279 13 177 95 160 134 139 259 306 30 57 250 33 91 100 222 181 303 171 56 
53 318
233 51 284 155 172 217 6 349 150 120 249 123 333 252 295 359 323 161 338 307 203 34 314 318 152 216 89 152 304 107 109 340 139 33 242 287 258 88 191 105 290 209 223 225 97 14 344 16 3 86 93 158 4 
35 166
99 223 226 25 318 195 95 156 182 262 226 151 247 228 261 92 50 345 261 221 10 225 284 21 185 36 297 352 288 275 102 257 261 44 297 
277 116
172 98 67 304 346 31 139 257 314 88 332 95 156 327 57 318 271 299 27 281 97 79 116 249 99 34 314 85 335 155 7 229 200 305 31 197 264 60 306 58 244 172 190 52 282 359 184 342 100 332 292 318 3 329 188 136 305 60 4 262 317 241 317 302 19 75 307 332 107 135 228 308 31 37 38 265 86 339 63 66 160 125 216 321 317 141 298 353 25 46 248 129 74 40 14 65 49 48 323 262 336 240 140 305 204 245 209 20 258 148 311 92 281 298 275 251 205 171 126 218 22 37 76 308 155 284 311 269 198 75 135 326 58 246 80 275 40 57 209 183 306 253 10 228 268 56 98 150 194 84 23 319 20 252 312 307 348 21 355 117 276 257 265 324 310 352 297 280 96 11 83 126 271 235 331 63 165 265 26 64 192 277 92 319 200 52 152 297 127 87 91 274 222 218 260 225 279 68 334 193 194 130 315 201 47 347 297 279 227 101 21 175 29 24 173 334 305 358 186 101 297 297 173 83 1 60 211 59 253 145 242 306 140 138 242 234 355 17 118 263 139 219 66 1 146 207 326 279 160 115 80 213 356 120 63 256 101 328 326 266 288 229 241 23 47 316 318 59 266 303 359 187 346 250 20 93 118 
126 135
15 195 174 272 2 303 237 333 199 357 287 243 302 27 70 282 212 184 97 63 358 269 161 224 236 280 160 245 276 145 88 127 331 268 20 268 247 321 204 314 202 152 316 276 332 145 334 213 115 75 194 8 331 165 85 113 39 197 8 42 182 327 214 39 82 252 274 325 75 178 220 342 197 255 12 82 217 349 69 99 72 44 309 202 203 274 331 0 102 184 158 149 34 54 166 146 180 97 213 191 3 2 280 90 200 228 109 178 128 262 160 111 203 18 342 42 195 264 215 147 66 283 47 216 300 113 
48 97
88 315 311 282 229 249 73 44 92 179 246 97 230 269 48 273 169 154 274 211 245 294 207 107 245 291 34 163 112 238 325 44 89 278 193 120 282 303 31 319 355 246 27 179 270 342 7 260 
328 336
251 274 36 31 39 298 241 177 170 116 321 199 345 107 88 201 111 237 74 47 247 320 330 177 24 118 308 356 94 238 200 206 162 218 303 60 61 272 60 69 304 307 59 21 187 314 178 84 341 275 120 160 46 307 342 283 4 359 188 253 73 100 352 290 304 91 129 125 322 188 54 64 32 282 132 347 199 162 103 344 174 100 285 85 302 85 70 215 238 200 320 225 167 217 73 350 279 137 293 240 209 108 16 38 114 3 323 247 277 121 54 45 116 179 75 182 64 271 260 120 238 74 296 218 2 307 327 25 353 340 359 263 221 245 283 344 187 107 189 170 267 251 157 326 211 163 222 48 119 85 251 71 129 299 194 187 79 334 298 87 111 288 273 230 38 356 69 151 204 295 161 35 156 255 27 37 35 221 163 307 338 37 268 342 136 91 49 128 281 351 89 173 297 255 89 358 52 315 184 124 91 202 216 244 173 61 262 65 238 53 208 148 186 138 249 89 188 310 18 5 132 172 46 86 39 259 162 7 17 185 168 215 227 247 24 34 351 344 64 115 153 311 148 354 135 10 57 10 5 249 334 131 152 337 0 198 190 333 225 171 105 31 46 77 92 296 155 12 57 42 84 159 291 42 15 83 47 289 36 86 230 205 86 336 321 83 215 287 104 104 114 80 205 31 289 10 266 214 200 54 89 269 48 123 286 336 253 15 74 214 77 246 217 130 291 303 257 271 304 353 152 312 165 336 22 186 247 166 
28 354
347 140 301 224 183 331 278 313 99 245 152 174 99 203 343 148 11 168 143 176 196 0 164 144 17 337 143 261 
247 95
140 272 84 284 23 92 357 214 144 32 87 43 79 314 14 111 136 277 208 138 258 243 175 40 212 246 275 186 172 140 36 77 31 182 220 175 99 197 175 78 39 162 95 150 279 106 236 120 35 148 13 311 238 277 67 41 128 348 338 161 121 2 293 305 266 314 69 125 235 12 230 332 144 261 251 303 240 75 239 72 93 158 326 160 49 236 32 332 125 93 253 23 326 293 284 343 80 258 152 152 203 297 89 323 79 163 142 305 290 348 294 343 232 227 328 266 55 7 148 249 201 144 243 321 150 230 44 165 65 213 155 265 227 36 63 185 242 348 17 160 49 270 282 312 326 202 25 35 327 296 67 110 19 215 93 55 22 55 344 58 161 163 102 74 57 216 268 292 225 249 66 80 182 282 358 181 26 94 139 44 309 67 262 358 181 231 63 40 149 164 143 169 205 206 17 15 50 334 153 116 112 23 39 244 90 89 183 57 64 15 239 293 316 41 313 246 331 294 142 59 108 36 30 202 308 33 138 264 168 76 122 96 302 102 75 24 93 237 355 248 157 25 209 194 134 109 9 
129 135
143 72 331 152 84 73 251 320 199 290 158 208 198 338 144 128 194 305 239 249 147 172 323 192 257 174 27 161 312 294 219 314 253 281 313 31 129 226 206 71 106 274 343 246 197 290 27 275 92 225 201 44 206 315 147 274 230 236 59 47 12 201 92 355 212 261 215 310 287 14 104 223 187 287 198 79 311 326 128 318 112 159 46 162 171 108 123 283 224 22 138 23 84 26 167 304 64 105 22 156 167 319 159 263 139 166 257 342 346 0 270 68 56 166 184 357 12 306 142 160 229 244 251 136 72 247 90 146 357 
290 261
258 106 20 82 352 86 218 121 257 123 17 23 113 335 61 76 162 234 132 84 94 2 140 82 287 21 152 84 3 183 146 103 190 348 10 101 201 311 351 262 312 350 205 59 302 187 300 116 344 149 181 309 224 313 274 259 267 90 28 209 337 248 70 47 321 36 254 191 24 106 84 81 211 176 279 56 77 60 221 335 354 341 43 124 43 307 151 329 108 14 243 319 94 255 212 49 284 57 180 129 81 298 274 43 317 295 160 239 88 101 58 327 268 8 114 273 336 28 183 180 131 309 309 263 291 76 295 341 282 74 169 178 328 50 10 112 191 209 284 219 55 164 332 69 355 185 256 46 100 240 183 66 237 317 123 189 112 125 358 153 209 213 218 218 28 19 315 241 211 288 133 99 323 230 47 73 260 6 162 123 307 190 213 64 224 283 210 232 226 221 305 209 215 229 115 123 296 55 357 353 106 33 259 298 309 68 301 357 64 61 207 37 112 115 107 186 21 151 340 301 176 350 123 178 30 337 305 180 334 325 93 212 6 166 321 223 246 312 127 263 62 87 329 298 183 212 297 144 280 184 175 336 234 86 321 17 351 245 117 356 78 326 306 20 177 12 244 156 219 218 312 153 236 300 343 52 69 38 335 333 247 203 276 304 318 123 94 93 6 52 
170 278
227 227 150 354 141 229 104 264 194 244 205 270 178 129 241 256 178 342 219 71 129 59 128 92 27 317 131 164 138 158 319 232 121 59 188 236 24 6 240 194 255 219 192 34 325 316 60 287 181 247 44 52 259 198 33 290 256 354 256 318 354 63 304 210 328 136 17 151 236 346 349 318 305 138 164 236 330 250 0 35 238 196 157 7 330 217 216 190 1 140 334 158 287 212 107 118 335 112 243 135 106 333 158 83 134 86 96 147 108 277 35 1 119 90 76 14 184 272 162 318 300 272 149 38 279 302 227 272 45 189 80 237 176 21 144 25 167 263 66 254 71 171 101 244 178 89 4 136 90 106 32 242 291 359 27 177 82 139 126 251 173 166 304 88 343 319 212 345 294 292 
278 356
351 152 198 94 178 28 349 157 167 240 116 124 253 85 15 285 306 193 328 152 46 239 299 182 56 328 97 136 249 138 131 116 346 117 316 7 316 119 139 328 280 50 243 1 21 180 198 96 358 114 59 295 299 349 312 187 277 118 71 235 334 249 314 120 179 320 80 256 191 176 224 194 322 154 245 177 44 159 218 190 31 283 235 176 136 76 191 176 319 56 289 299 357 331 359 238 153 90 346 109 133 11 274 187 90 236 334 209 281 111 271 299 183 338 3 174 199 264 180 25 101 6 110 123 339 245 120 302 28 272 120 288 130 356 314 0 294 134 147 140 202 236 322 327 187 299 14 286 351 2 283 54 347 42 92 260 298 154 325 164 319 314 60 10 254 141 22 237 191 232 79 45 307 203 142 28 149 198 148 259 350 186 145 31 49 77 118 153 285 282 238 36 136 62 34 335 292 225 54 173 43 57 38 22 355 178 274 220 315 186 349 332 267 49 136 199 232 56 340 304 275 62 352 200 233 24 164 287 359 27 241 139 192 91 65 281 26 147 342 258 54 22 328 115 337 288 175 98 14 121 53 306 58 75 357 84 352 183 154 289 113 111 211 129 306 261 272 133 293 272 99 116 47 197 34 248 26 297 
124 245
143 141 237 97 178 318 143 61 76 38 66 92 61 262 39 39 327 311 31 125 196 46 160 155 14 13 320 16 344 294 106 261 194 111 59 224 6 145 236 350 308 337 91 191 291 44 176 74 12 20 126 175 352 130 15 134 71 16 29 145 160 104 238 81 143 39 347 283 136 299 256 291 169 351 218 166 243 177 111 106 206 26 184 259 23 293 316 170 294 345 186 220 8 145 155 206 228 181 355 153 262 156 75 146 348 359 212 197 73 320 305 337 195 244 68 53 176 189 209 106 308 359 274 359 
341 271
241 101 14 204 169 357 315 206 322 150 60 82 327 133 231 206 346 90 159 341 261 45 49 133 292 312 6 191 264 240 204 269 238 254 71 122 132 314 43 197 138 279 337 34 293 307 8 27 196 311 193 276 292 92 100 241 45 247 149 3 137 252 200 41 73 76 337 86 84 5 219 198 323 210 299 271 288 78 234 177 32 302 59 258 338 100 290 306 109 359 108 61 43 27 273 220 81 104 155 169 223 115 133 151 164 128 173 20 48 93 223 202 298 265 359 299 298 27 269 67 170 5 56 116 44 205 55 342 229 245 322 218 164 288 99 17 232 143 274 123 227 148 341 127 179 335 31 36 153 331 134 52 210 352 68 15 217 205 156 94 82 239 333 69 44 128 89 118 209 209 174 23 278 106 303 90 83 295 252 247 165 21 303 325 291 218 255 230 59 130 248 126 178 316 323 65 13 249 269 240 321 261 178 113 131 139 57 69 163 201 117 163 288 7 250 276 14 248 47 349 270 8 118 353 123 157 341 182 350 43 80 244 303 60 65 255 101 247 35 67 104 227 357 130 96 264 137 26 38 301 305 241 202 9 279 304 251 154 214 298 233 184 74 202 25 320 81 285 5 114 186 56 223 348 139 23 164 10 333 291 259 187 30 182 156 142 64 56 251 188 264 6 237 19 140 98 106 323 157 8 256 101 150 22 51 164 329 197 174 223 293 343 280 202 342 44 266 46 112 55 12 162 284 315 51 252 138 319 29 82 330 199 192 160 22 257 150 163 341 216 173 
88 69
244 171 40 236 154 314 82 143 54 355 144 262 356 325 269 318 283 183 320 160 4 157 264 90 228 73 191 127 75 12 172 205 257 129 29 189 240 92 295 173 59 36 119 70 234 149 111 55 108 196 35 169 324 302 115 158 69 212 234 297 3 230 254 126 227 245 296 281 183 121 357 320 332 299 235 247 359 45 32 340 58 276 359 112 241 132 72 292 
47 127
102 59 332 294 69 302 191 9 343 1 151 179 345 225 317 283 66 56 31 137 220 179 171 132 212 343 201 297 261 198 294 162 359 38 9 130 322 104 95 299 137 259 318 246 147 8 107 
132 249
127 73 26 178 293 207 346 330 346 274 233 57 307 132 110 84 300 231 282 235 343 224 142 120 321 78 200 23 101 354 7 98 172 290 175 109 167 171 109 68 359 167 299 286 285 301 331 186 229 64 253 108 197 174 55 341 81 293 120 287 251 200 336 341 76 65 54 210 16 226 228 264 335 27 323 67 88 280 21 5 203 95 90 200 231 24 264 240 334 84 87 182 358 193 305 215 128 228 164 188 138 4 28 285 79 31 222 275 315 230 287 159 97 50 38 325 319 88 210 5 285 346 95 118 125 221 11 155 178 158 278 157 
237 163
351 160 298 281 52 108 287 238 239 166 175 187 273 89 192 18 82 91 118 13 142 268 197 176 323 132 33 359 310 48 215 38 329 149 88 46 20 136 330 59 119 60 314 352 182 138 357 212 232 277 298 267 300 24 281 15 19 127 24 29 76 283 322 120 45 287 345 98 45 246 27 230 127 308 127 333 161 358 205 248 352 48 71 303 82 177 274 54 281 99 198 164 334 213 38 218 28 134 340 163 135 87 98 320 10 158 340 50 337 349 182 22 52 289 214 128 224 270 36 92 174 180 255 134 308 114 181 256 342 281 136 82 60 78 256 293 83 154 230 348 300 337 68 41 74 45 193 28 251 52 49 32 14 90 202 76 185 51 75 132 235 124 236 294 199 82 108 304 35 210 8 243 37 347 217 60 93 61 207 341 264 84 318 337 22 7 281 160 0 286 340 196 213 114 287 240 29 24 131 151 133 275 273 30 353 243 106 200 153 278 156 83 240 217 275 328 247 76 101 222 112 103 39 10 168 249 207 19 153 142 240 254 198 109 266 65 152 
227 173
117 61 40 195 175 247 309 277 86 199 280 32 301 136 286 326 325 30 71 343 16 163 194 78 353 153 349 222 299 212 263 354 239 331 42 204 53 339 309 146 33 277 309 50 253 328 167 352 182 58 346 25 156 359 121 256 239 138 147 218 331 6 19 192 328 19 8 134 71 274 15 288 179 298 217 337 201 55 58 281 274 84 126 269 77 4 350 13 338 318 351 193 217 98 19 0 43 345 308 86 359 98 79 204 266 93 25 342 175 114 298 305 174 114 121 114 153 175 299 30 132 182 89 61 66 191 202 48 332 204 139 286 140 233 97 264 69 341 89 176 153 72 258 10 201 72 268 10 140 270 100 68 68 281 11 322 72 198 273 88 203 359 6 256 196 32 277 190 61 46 191 142 217 121 357 223 338 305 67 170 319 316 131 115 294 332 140 331 199 78 157 30 98 163 98 323 233 314 286 216 184 124 75 343 91 51 253 315 11 99 259 22 341 120 213 210 10 342 322 70 316 189 204 148 71 35 119 
139 76
314 344 224 102 157 333 142 238 255 64 349 114 292 276 94 188 267 61 15 238 307 278 60 228 188 336 339 198 238 183 156 245 172 57 18 186 57 26 77 337 325 228 351 150 102 110 131 265 269 237 164 166 344 342 101 274 215 118 105 280 142 48 165 309 234 242 163 207 237 141 115 183 118 132 95 92 160 160 108 32 169 217 175 227 198 80 169 184 351 152 83 248 1 241 18 38 213 53 43 354 39 344 305 226 284 235 160 37 283 98 126 136 322 184 290 326 169 174 188 306 341 260 77 295 340 238 72 141 43 197 111 315 315 272 227 189 333 359 271 
350 43
344 33 279 61 75 195 64 249 26 93 158 261 132 285 61 2 27 18 61 297 94 90 317 288 24 255 184 187 306 244 350 301 62 199 95 233 145 290 17 118 0 23 204 339 298 143 299 259 100 273 151 355 230 42 245 67 90 111 27 266 215 18 70 101 26 83 245 302 316 6 300 55 328 78 14 189 104 43 61 34 354 269 18 287 92 189 292 173 339 285 26 37 175 128 92 306 89 356 319 141 314 297 359 97 43 24 321 353 50 183 181 3 259 193 358 131 146 242 51 28 242 100 223 354 13 174 318 295 82 311 118 231 206 229 50 139 341 178 153 19 83 29 232 55 73 277 123 25 226 177 125 249 62 182 165 155 165 353 106 256 120 41 51 145 199 184 14 130 70 238 89 131 226 313 355 99 202 141 61 338 248 103 120 263 24 253 105 154 7 277 328 86 342 349 250 352 253 158 209 73 310 69 346 41 90 119 152 283 135 287 120 253 40 292 92 239 353 8 141 227 322 192 353 222 140 243 296 99 218 223 247 172 159 293 321 283 80 128 153 307 51 37 309 130 304 145 327 25 86 204 189 128 248 338 283 292 111 102 200 330 130 292 182 217 288 335 318 243 74 200 101 301 321 283 36 221 269 232 322 354 187 79 130 171 265 256 321 237 266 225 334 25 264 255 316 230 106 157 193 309 279 305 158 249 188 151 176 243 86 229 55 102 337 231 285 138 148 288 195 35 262 163 55 174 223 45 110 273 344 236 184 289 248 43 166 107 153 346 30 304 259 240 131 85 4 190 186 29 92 13 
308 244
71 42 35 147 183 79 240 12 147 133 299 269 96 135 268 340 169 192 23 82 235 236 151 174 136 325 336 225 266 75 178 1 222 134 155 56 150 315 75 104 191 65 298 197 54 304 352 251 131 213 155 42 164 35 181 77 148 183 336 194 329 194 23 271 63 87 158 71 353 165 149 267 275 274 307 275 264 294 323 318 312 81 135 150 330 281 223 100 245 280 149 99 25 108 178 216 135 225 233 248 343 87 347 164 97 342 303 242 67 338 118 224 160 165 22 29 125 205 29 287 147 127 44 59 153 232 288 293 264 224 163 22 172 51 248 20 305 142 122 294 76 91 243 16 343 24 86 1 114 147 95 174 167 340 70 72 256 272 303 333 321 94 240 120 301 61 43 279 126 299 200 157 313 15 106 203 269 356 334 273 176 234 126 166 121 113 326 279 196 145 137 34 79 229 153 41 149 346 50 39 69 273 261 92 300 269 171 245 23 335 300 135 173 177 165 206 334 324 132 336 161 254 276 284 102 222 45 225 217 146 174 104 70 169 294 205 343 263 268 301 71 222 107 16 124 296 237 351 164 262 269 11 281 118 339 41 332 164 183 35 59 208 182 214 51 281 39 183 297 129 229 321 336 275 187 254 241 31 78 111 249 359 136 345 254 222 178 66 63 116 304 30 334 121 208 88 66 157 132 228 300 161 25 171 109 226 295 333 
36 191
233 329 335 153 56 26 116 167 62 251 306 215 26 36 168 37 50 232 226 21 149 183 323 100 317 290 174 138 276 126 273 221 340 17 119 154 
48 2
318 255 264 348 321 39 105 15 118 342 122 58 297 355 354 185 214 279 117 160 56 45 218 273 124 136 248 50 343 36 246 169 57 170 250 354 56 201 113 316 66 261 160 27 79 51 257 99 
35 354
19 71 340 64 150 16 98 320 152 112 345 41 21 179 310 335 206 220 94 146 330 190 144 173 300 40 268 98 19 295 348 5 205 209 309 
99 6
45 103 333 143 248 31 225 89 146 265 166 82 199 181 291 318 164 212 12 304 229 116 352 172 104 245 294 48 40 332 55 341 3 183 164 243 214 345 271 308 226 286 349 48 66 289 142 12 213 87 128 276 167 180 334 175 42 298 136 101 80 35 179 248 155 127 293 192 237 177 119 328 99 45 122 242 238 10 174 14 204 88 180 337 186 46 53 77 3 202 359 276 275 233 347 353 148 217 29 
349 242
165 322 164 167 225 201 99 325 20 290 124 140 220 223 193 350 226 191 125 338 224 222 89 24 325 325 242 160 316 169 314 25 45 173 68 232 320 330 50 77 357 158 260 284 50 236 190 6 255 157 215 241 230 230 107 82 92 265 111 81 189 137 246 22 47 44 101 315 273 321 272 291 322 130 278 287 176 112 199 339 247 327 261 102 60 303 50 256 51 102 147 184 59 103 190 6 160 162 8 29 225 293 75 324 162 232 163 36 351 298 95 37 316 311 1 283 240 183 213 115 326 261 248 176 149 127 248 87 123 210 69 269 91 117 140 13 232 117 289 265 79 199 7 191 83 183 235 299 303 8 146 347 239 112 109 345 299 200 70 86 192 264 47 246 49 16 341 286 341 138 296 190 82 95 319 191 116 21 102 25 297 291 284 136 92 171 2 334 181 191 18 336 131 253 176 335 45 345 272 281 96 322 341 55 210 348 230 318 46 184 296 165 338 106 233 280 12 269 322 106 250 157 88 29 205 180 326 10 223 129 256 152 1 36 338 207 231 321 136 298 71 88 135 355 20 16 216 308 302 97 53 237 164 53 12 0 224 283 38 274 300 317 31 149 303 198 184 346 110 226 125 119 102 74 214 98 222 135 141 340 229 31 100 275 338 217 298 180 89 102 276 294 186 135 314 179 7 234 241 280 106 12 174 89 258 34 52 129 103 329 248 109 257 38 262 289 22 35 341 195 49 86 302 136 260 120 36 128 101 190 27 229 273 100 106 190 226 71 177 260 94 203 206 123 114 222 170 57 74 
279 290
359 340 48 297 38 231 240 64 111 96 86 139 171 191 152 116 320 107 269 328 71 339 218 156 345 132 275 232 252 60 348 323 166 105 109 263 266 304 301 20 313 190 175 346 223 69 24 180 244 324 245 237 338 151 2 352 127 15 211 223 145 305 145 319 242 87 208 243 337 284 347 4 42 163 95 318 326 37 57 159 186 111 292 194 344 99 332 218 217 32 25 8 84 165 160 25 142 102 280 157 150 203 34 229 62 70 156 188 64 212 42 86 318 253 284 238 310 37 204 147 272 34 122 188 94 283 165 211 108 253 113 250 329 34 26 144 181 245 9 206 332 121 337 6 190 67 317 168 212 292 27 272 251 168 39 301 287 220 180 289 154 77 337 90 10 129 127 282 280 147 186 205 1 35 212 1 173 178 208 135 336 82 130 207 250 257 129 355 14 128 31 169 295 323 31 188 98 134 359 195 321 5 6 2 124 265 253 259 111 192 138 281 161 19 89 45 76 241 29 176 173 216 138 38 245 307 198 288 20 327 59 226 274 334 277 274 326 273 304 183 10 116 202 123 195 30 198 52 183 355 275 102 236 253 279 316 242 105 91 181 134 252 143 349 79 309 174 343 265 210 177 30 190 265 132 334 77 19 96 
162 302
8 74 153 112 69 61 174 135 76 264 146 52 308 56 215 225 242 30 354 37 9 226 177 115 176 17 127 2 67 12 62 116 229 353 207 327 155 202 244 318 58 131 253 132 155 328 319 158 95 307 239 255 357 266 274 355 215 316 207 74 248 331 12 314 86 251 4 46 331 343 301 172 242 341 334 206 71 4 28 4 171 247 192 265 16 312 326 272 272 285 179 267 19 88 52 90 176 223 253 66 312 111 193 79 345 211 175 221 276 295 149 257 278 352 234 56 35 352 228 352 217 181 40 245 150 54 257 58 207 294 129 192 76 48 320 0 248 95 138 187 87 160 154 160 350 18 315 5 24 258 222 107 214 224 236 55 200 285 334 312 212 115 
168 286
256 35 62 175 170 147 169 4 32 64 120 243 19 295 29 208 339 42 83 234 124 14 8 156 207 86 296 206 315 269 180 230 56 168 68 342 286 358 251 129 222 358 293 159 56 332 191 116 13 239 228 235 144 237 80 291 41 298 54 206 263 89 330 353 29 329 71 100 134 112 215 303 125 116 91 327 289 181 297 315 243 225 258 313 66 168 328 352 340 344 354 24 52 181 92 189 112 98 270 247 272 229 141 47 164 307 148 64 70 21 123 307 152 336 202 110 121 253 111 188 27 66 92 154 310 141 113 318 344 271 104 350 344 66 256 154 220 220 145 217 294 188 40 214 266 45 309 246 153 141 22 26 351 280 269 15 91 247 1 256 158 131 225 209 70 125 160 85 
293 194
251 198 150 115 180 111 224 5 20 295 157 244 211 86 139 74 139 214 350 348 95 20 240 246 122 215 264 117 151 10 355 290 3 279 154 34 74 29 61 122 125 200 264 53 189 350 348 253 39 322 219 186 242 197 232 150 25 77 79 12 342 309 327 71 275 77 130 34 284 66 131 135 186 194 169 46 229 63 88 209 106 203 166 60 320 252 246 244 71 306 62 311 39 35 211 153 116 272 48 110 86 139 137 331 318 257 132 94 12 306 107 290 61 191 48 125 71 139 168 44 215 80 357 75 326 171 260 185 217 185 284 44 342 134 182 99 147 162 216 220 59 119 3 246 118 320 86 105 73 246 173 280 177 11 152 255 348 319 344 131 88 169 237 125 351 149 273 68 112 16 324 46 277 28 211 111 326 178 97 31 4 91 251 35 298 335 85 35 255 214 229 212 88 263 175 197 194 213 21 78 150 303 49 152 9 102 149 207 341 118 21 46 98 157 343 104 66 248 285 144 90 69 146 56 306 168 323 309 135 72 33 355 53 146 94 297 31 154 9 356 106 83 98 305 140 63 198 290 199 35 354 111 328 304 281 238 101 264 43 338 300 17 265 35 304 44 127 74 205 138 173 353 20 207 125 258 235 327 30 65 95 16 255 59 129 215 167 65 356 125 77 44 188 
20 60
117 195 311 128 165 135 343 16 5 319 259 357 46 185 267 312 342 21 170 245 
237 207
288 326 242 327 272 118 110 95 289 94 224 226 198 358 289 38 270 15 118 151 222 90 187 220 4 330 42 112 193 188 54 187 84 275 307 108 103 36 95 205 319 95 201 76 300 349 273 275 219 181 157 101 3 194 128 0 282 300 174 357 85 33 3 264 119 42 281 91 43 342 80 203 23 36 203 53 323 14 38 320 1 212 334 275 9 87 108 1 151 87 27 111 160 251 77 301 328 299 288 156 75 329 303 80 229 76 98 342 142 266 119 359 183 245 217 17 200 209 331 46 122 244 62 291 11 140 58 60 114 98 310 149 146 229 249 134 356 168 343 259 341 243 20 279 119 318 149 31 31 222 326 315 172 46 254 315 306 116 197 62 161 356 276 51 82 20 169 258 135 230 40 94 288 313 0 31 188 143 240 148 127 110 0 94 316 31 330 311 118 313 155 279 43 69 248 115 70 289 84 232 128 300 253 7 34 179 242 215 182 84 335 215 116 340 111 97 48 236 93 231 7 84 154 235 137 269 154 211 337 347 228 38 350 298 267 123 52 
41 157
59 28 36 16 235 126 117 131 296 170 40 233 292 249 61 246 95 147 223 64 69 305 137 12 227 302 70 27 240 118 80 76 219 239 205 300 184 33 282 27 111 
139 242
247 0 83 57 163 4 298 195 351 305 298 273 202 247 31 30 323 115 146 176 21 318 28 329 186 243 218 56 199 11 252 66 251 86 237 284 187 204 86 117 206 164 160 289 88 136 73 93 185 137 182 21 108 22 53 189 190 258 99 63 172 99 188 112 184 64 81 71 131 63 8 201 146 81 319 308 3 152 146 205 317 50 18 240 223 248 40 88 317 350 121 289 2 175 6 248 24 15 13 338 244 44 257 157 189 101 50 69 9 269 287 139 20 55 359 256 14 259 208 286 183 330 9 33 309 199 132 152 342 323 149 4 105 113 302 245 33 289 132 
142 231
31 319 57 184 42 5 153 336 1 300 233 77 207 252 155 297 359 299 144 286 56 135 246 18 213 244 165 123 123 243 25 3 345 294 311 54 47 52 302 127 338 313 193 61 5 21 253 209 259 179 261 256 150 16 100 107 99 215 175 261 323 73 135 261 293 39 62 66 99 131 321 202 150 161 243 139 56 274 260 27 135 255 112 84 103 258 322 114 100 282 58 193 56 214 138 339 358 287 284 214 162 279 247 87 284 133 200 223 250 194 294 255 222 111 256 294 131 355 272 148 48 117 255 71 333 187 337 16 166 351 76 53 176 143 265 215 111 172 101 282 18 250 
169 210
111 118 253 17 38 120 333 223 201 0 187 138 280 176 251 67 330 29 107 346 103 282 40 117 137 33 28 307 349 103 25 17 126 349 342 111 81 73 218 7 196 86 87 31 343 92 33 150 29 326 326 33 216 351 155 147 299 320 34 93 228 14 239 301 129 356 304 39 82 18 103 83 174 37 193 68 289 331 102 191 110 166 131 41 236 33 301 275 16 32 107 108 79 82 170 191 206 353 301 67 252 162 326 255 257 358 314 27 253 308 334 256 243 275 52 136 144 148 60 326 308 77 136 3 140 212 111 306 249 251 200 147 63 293 134 218 141 154 266 320 246 166 67 328 139 30 345 183 127 241 350 73 334 25 247 238 319 157 320 77 24 43 35 24 62 185 31 101 292 
179 200
180 269 314 205 148 299 265 359 141 110 213 1 19 267 149 332 358 177 162 152 184 81 340 342 53 137 123 91 116 178 264 323 96 334 46 14 343 210 325 352 114 156 354 165 159 63 163 340 249 288 273 347 240 150 96 259 119 68 323 152 209 353 111 268 245 286 241 65 310 7 207 123 310 270 346 11 285 349 316 308 131 234 310 301 232 197 112 240 282 69 198 271 245 34 196 117 290 64 204 54 220 61 28 253 22 321 203 124 266 345 318 164 184 43 253 334 6 8 329 282 230 145 147 254 294 41 320 75 290 137 305 342 298 31 220 126 322 342 274 272 272 256 266 185 336 60 302 58 243 186 106 168 236 159 17 322 49 205 39 184 159 218 258 223 205 231 70 156 155 355 72 178 28 272 264 155 157 160 70 
346 275
289 162 231 191 98 304 13 251 351 310 166 296 42 76 333 317 234 356 45 127 176 87 217 234 313 181 354 80 105 261 272 137 21 331 43 68 207 169 18 318 325 338 294 105 103 333 324 117 89 193 253 335 204 216 161 121 39 150 352 70 189 66 147 11 31 222 278 235 221 24 244 121 165 142 72 294 100 226 177 171 291 261 230 124 85 251 354 197 126 98 184 253 294 114 42 48 149 17 211 331 138 84 357 297 120 239 167 53 155 243 283 52 241 101 91 254 35 234 0 8 75 220 352 224 343 77 152 7 153 344 356 178 341 114 7 321 153 268 309 9 193 336 135 302 291 68 208 225 203 64 354 32 49 167 56 100 311 320 110 306 351 183 36 30 149 298 192 325 26 224 12 303 197 246 274 250 133 67 237 31 0 188 173 88 310 226 17 242 240 232 267 359 56 170 12 64 299 311 208 332 70 19 249 247 173 172 95 34 162 100 96 243 320 274 148 35 292 98 19 196 1 48 332 222 329 219 321 183 61 138 220 1 213 147 91 146 57 348 217 104 329 180 63 166 300 199 346 236 157 357 231 18 206 342 81 342 118 314 179 345 82 255 222 283 170 352 345 223 195 210 276 230 24 137 10 256 339 270 337 29 63 39 307 0 68 35 344 225 75 287 251 161 59 303 316 143 265 11 291 34 353 71 253 350 164 101 12 118 285 235 2 128 47 83 65 110 254 11 104 78 196 116 170 198 85 311 6 229 118 308 272 257 199 267 163 218 30 36 33 336 291 190 41 86 275 289 
44 360
104 140 284 172 139 36 317 281 72 135 170 174 345 189 44 280 179 222 282 357 331 139 229 72 108 253 327 308 286 159 76 356 126 264 288 172 175 298 47 39 284 336 15 8 
238 53
244 17 193 236 286 157 223 250 129 207 187 85 74 69 60 82 35 129 308 268 351 186 303 182 12 317 39 345 269 309 80 263 29 84 324 25 4 200 281 254 72 252 96 240 38 197 169 67 223 124 327 110 254 78 26 146 359 111 58 251 248 88 196 344 197 28 84 269 231 25 7 322 243 35 133 229 126 122 220 198 165 16 114 8 181 295 167 211 230 269 314 276 305 150 184 226 120 289 0 279 173 177 44 225 165 69 215 22 160 319 190 73 77 206 203 251 49 7 90 56 7 273 187 204 335 85 296 115 131 140 128 224 10 58 53 29 327 32 123 285 189 359 169 220 210 299 101 254 69 276 215 256 127 156 85 34 69 304 147 20 326 137 317 215 118 233 163 182 189 316 220 261 70 195 250 91 165 38 303 24 13 280 326 282 288 259 124 83 332 46 31 109 19 68 263 25 277 75 76 126 215 63 38 96 27 200 344 18 233 96 47 265 252 17 251 248 216 200 13 247 258 87 177 253 137 343 200 122 96 247 313 283 173 110 337 10 105 294 
199 203
124 217 334 89 249 160 321 47 94 41 27 345 165 73 342 7 94 52 270 1 167 158 278 305 26 273 206 178 133 336 117 333 177 206 188 331 190 141 82 14 128 73 107 259 84 327 346 188 294 51 340 172 86 223 248 48 190 341 250 166 139 211 141 178 168 75 3 228 319 252 214 46 144 233 173 336 164 341 150 335 40 213 319 158 347 22 317 32 272 21 343 144 309 63 329 79 23 41 279 336 353 21 44 295 57 253 241 269 59 58 315 323 286 214 117 216 17 316 119 279 291 312 117 78 204 247 174 65 177 340 350 192 271 353 172 223 36 110 161 137 151 241 156 123 273 187 239 185 129 206 172 121 357 31 72 272 140 5 236 125 26 96 264 236 262 261 134 98 356 173 316 232 51 126 138 201 252 38 200 260 96 36 357 290 135 143 127 355 280 75 48 148 204 80 218 91 261 138 173 
25 297
228 218 214 152 180 65 82 36 213 312 307 182 252 224 29 87 83 291 32 87 344 182 338 204 17 
255 212
35 90 278 23 291 5 343 269 20 214 3 129 137 169 307 286 224 281 356 42 261 155 280 172 68 17 125 173 194 310 101 284 161 40 197 315 206 303 137 224 225 97 347 133 285 354 295 237 346 313 205 84 136 51 296 152 239 291 302 245 113 62 34 334 8 258 49 209 10 345 234 357 98 333 25 192 177 61 272 112 304 106 96 57 254 305 46 131 321 143 61 261 124 114 137 326 16 74 174 67 164 335 283 66 66 279 168 21 59 215 162 320 86 44 302 292 33 227 325 211 115 224 145 173 90 27 273 344 299 105 320 89 192 158 248 85 339 339 99 276 247 55 63 318 84 0 58 81 279 208 200 206 133 185 80 178 243 58 221 252 284 16 80 207 166 235 191 290 300 51 308 84 188 102 182 294 132 29 246 234 288 281 250 142 110 302 188 52 1 38 0 146 271 90 196 151 345 272 304 296 193 316 214 235 89 117 125 36 242 323 313 215 170 283 123 223 102 182 325 158 100 7 308 349 46 84 334 170 268 261 118 161 141 266 34 330 234 109 82 237 311 189 351 235 345 156 164 202 343 302 246 141 68 160 316 
317 86
84 308 233 177 255 236 87 113 2 311 65 216 202 128 75 217 18 251 193 345 203 278 43 88 160 111 204 11 230 239 206 29 164 343 139 124 15 46 349 240 312 42 163 19 352 269 328 330 264 74 56 161 152 110 290 212 267 106 335 126 150 156 112 158 121 309 22 93 41 265 308 293 112 233 301 159 155 294 277 217 238 109 26 111 118 293 77 154 256 29 297 38 352 161 248 137 69 2 162 240 148 100 270 29 166 177 232 7 60 252 136 5 186 22 126 122 299 284 229 5 87 343 269 194 240 292 350 358 269 324 320 189 124 317 278 189 273 70 102 323 328 42 268 99 269 184 194 334 326 280 212 144 23 37 352 237 356 1 39 276 125 196 338 33 130 311 344 190 52 201 18 76 304 77 218 179 314 58 2 130 218 357 267 125 177 169 334 91 214 211 224 314 169 167 44 235 93 204 284 39 71 171 63 125 166 217 130 185 321 283 141 27 11 69 263 232 328 307 84 270 251 147 345 298 272 346 109 6 100 137 67 28 19 301 79 193 285 255 97 10 119 208 78 221 80 143 211 351 259 109 339 303 321 75 204 61 356 258 154 131 189 31 158 195 41 186 118 251 208 282 174 212 94 143 108 200 43 84 241 47 202 192 87 68 18 329 29 329 344 329 3 342 47 98 36 264 228 88 156 296 259 61 227 343 158 11 105 160 68 317 324 290 171 189 155 349 47 
152 174
52 144 334 17 40 139 81 199 16 359 45 187 67 329 193 185 288 49 199 335 266 177 131 11 112 203 45 50 185 138 82 309 280 88 133 73 290 232 121 56 107 294 277 179 18 228 277 357 59 64 38 136 84 249 54 173 336 247 2 104 244 46 85 296 19 32 246 61 284 254 22 197 351 20 264 150 327 117 160 139 11 255 177 218 183 309 212 237 138 356 237 134 110 331 222 304 155 264 142 164 113 74 261 119 326 45 59 317 233 222 263 36 238 263 317 210 197 4 213 89 319 140 183 167 131 32 103 268 285 352 54 218 107 221 127 310 310 175 220 0 314 165 139 311 128 314 21 74 213 169 105 2 
104 204
296 130 64 186 217 328 103 222 219 212 170 117 272 60 252 221 304 266 191 324 274 337 110 49 329 350 280 87 215 343 34 19 312 352 0 11 5 163 181 318 172 138 10 163 26 155 290 266 263 33 115 96 3 21 86 296 237 202 28 308 126 6 276 101 357 164 53 20 277 82 33 51 148 8 358 183 149 18 79 342 147 253 159 151 324 64 49 110 20 7 278 132 149 179 145 109 112 124 3 252 15 243 144 131 
337 195
66 236 355 327 30 169 334 172 291 151 181 16 13 101 50 128 255 326 274 313 206 301 275 226 65 257 283 198 321 49 201 227 211 261 343 12 281 18 92 236 200 311 205 310 184 289 63 61 150 122 128 141 144 187 33 314 90 212 349 152 173 343 311 346 111 4 347 110 231 141 269 282 207 305 30 235 158 294 66 254 313 128 341 113 238 15 129 328 216 79 60 138 264 100 256 90 165 2 357 307 337 177 319 156 328 336 195 259 157 203 90 99 248 317 36 223 318 115 33 290 312 288 207 96 271 297 166 269 49 2 93 321 90 196 183 254 58 108 101 317 100 82 352 171 315 6 162 40 171 245 240 42 8 25 35 166 197 266 121 242 283 255 261 296 214 106 238 306 238 297 69 192 43 175 180 286 254 237 217 307 47 75 192 343 310 130 104 26 337 222 103 337 314 122 251 260 30 24 27 8 357 159 355 27 256 220 154 124 117 103 26 98 356 221 148 169 183 247 166 207 313 319 133 154 139 154 36 283 322 100 34 244 214 127 149 22 226 337 231 117 316 72 331 102 23 97 66 100 197 205 173 127 56 151 9 179 99 308 258 142 132 132 153 159 353 298 160 123 82 187 251 158 249 274 343 293 143 184 142 290 199 71 234 346 282 185 325 66 166 310 175 265 25 95 195 66 204 318 294 338 225 352 64 118 217 51 108 205 307 98 142 106 67 319 54 322 314 311 164 220 277 209 317 92 15 15 35 128 248 341 279 315 8 242 296 78 342 
326 28
47 224 14 164 165 166 321 246 38 37 241 316 233 145 241 64 7 72 358 284 297 270 78 130 104 279 313 24 319 113 153 335 357 67 266 250 108 195 344 269 248 352 133 182 27 232 213 199 336 343 26 294 88 25 39 13 193 145 330 207 102 144 113 182 281 222 188 17 146 117 116 40 339 110 84 60 241 105 247 8 105 132 151 289 340 295 190 339 27 87 111 142 183 327 345 352 275 47 293 91 113 81 193 304 169 301 257 318 242 234 217 101 18 64 241 175 285 336 5 70 2 79 10 73 57 249 327 154 222 335 293 212 194 307 123 287 59 24 213 176 195 308 229 90 235 315 270 339 62 220 151 71 72 325 139 0 135 225 344 183 16 39 307 237 26 295 221 324 263 55 297 192 199 172 306 133 178 16 358 227 325 292 257 337 145 311 224 307 337 13 295 41 66 11 110 6 54 116 330 44 217 114 278 128 29 228 48 73 33 21 4 95 293 290 318 242 137 125 179 270 230 46 117 25 69 345 256 148 293 58 173 78 314 111 191 256 277 278 61 5 336 196 11 307 303 102 161 205 323 283 258 228 4 298 190 294 61 299 69 356 15 242 138 179 268 17 3 46 114 52 64 229 341 218 303 100 83 235 243 268 16 227 356 42 135 259 198 192 161 329 295 254 282 357 277 330 163 150 171 240 37 236 221 92 68 212 315 188 265 334 284 171 191 288 315 319 319 358 339 103 149 120 12 15 111 69 
240 303
284 292 173 345 289 172 289 314 142 162 297 26 128 63 335 174 269 145 355 4 238 262 58 296 116 319 236 66 87 77 301 284 113 53 265 280 214 350 193 210 68 319 329 201 125 159 3 193 326 272 89 260 137 75 261 221 343 72 190 93 179 252 283 159 239 0 283 264 148 0 179 276 35 359 293 133 0 16 271 86 95 81 130 228 144 86 191 342 30 234 258 210 49 326 35 340 338 182 178 354 250 137 129 86 35 59 35 208 336 70 158 151 34 289 141 5 22 212 257 187 62 311 198 265 104 169 319 152 110 274 126 220 229 176 266 186 98 288 61 170 334 249 357 58 258 351 221 230 51 249 36 240 20 147 11 38 190 358 225 237 100 53 299 341 348 145 344 278 91 133 287 128 111 125 17 330 219 58 308 265 327 353 303 63 22 232 200 53 14 291 84 196 53 334 298 351 192 30 28 44 152 10 171 340 337 313 359 129 268 200 311 7 85 99 220 353 246 192 57 302 17 168 50 183 212 69 239 1 99 237 207 298 28 114 278 315 164 201 259 6 
300 237
6 0 113 14 180 12 52 268 278 88 196 133 203 245 217 275 296 187 205 177 110 237 316 24 203 233 353 236 8 164 187 28 328 239 298 93 146 281 73 110 246 226 227 130 214 91 159 255 135 200 108 24 110 183 222 308 336 230 354 265 219 334 223 358 14 240 143 81 247 226 196 277 84 205 354 321 210 291 145 138 258 137 250 297 212 96 231 194 168 67 224 334 135 160 269 95 163 305 43 235 196 158 19 148 223 241 280 56 357 105 183 212 137 164 150 263 143 213 213 217 282 82 120 304 202 43 99 37 231 191 181 87 286 63 154 157 39 48 305 47 106 128 18 198 189 67 99 315 337 359 71 72 85 224 20 151 245 186 339 215 146 77 31 162 117 79 9 189 356 353 34 49 65 270 143 207 314 292 276 216 344 121 9 39 91 238 32 305 290 42 0 110 0 194 172 346 27 47 1 15 319 318 235 254 205 232 42 55 208 260 240 81 59 188 85 85 8 47 18 77 131 86 116 359 350 83 33 61 172 5 327 120 90 88 98 33 314 258 13 342 236 324 197 79 326 337 139 189 346 113 240 181 93 275 83 201 129 309 356 246 297 248 258 72 86 338 203 84 116 313 317 206 228 72 228 359 350 228 19 287 359 85 9 52 275 183 21 138 235 144 198 310 127 254 277 235 41 256 137 349 
303 102
264 106 250 317 332 326 0 282 225 11 8 264 130 80 154 12 306 165 283 169 36 239 303 124 354 194 341 260 288 60 54 243 227 256 91 44 313 21 26 335 9 17 327 36 161 215 1 272 84 249 267 187 63 35 183 212 12 190 210 314 40 59 229 113 25 82 36 212 171 193 135 334 231 251 271 33 50 137 52 321 236 326 120 245 24 138 347 179 114 88 240 349 325 297 176 345 206 318 270 239 159 278 153 91 241 144 350 284 331 287 266 70 274 319 349 113 19 329 86 48 343 87 341 170 176 271 240 256 284 62 201 116 114 36 161 47 185 267 280 170 121 73 227 173 168 75 218 163 182 81 255 321 201 187 311 202 200 219 200 105 119 351 131 286 202 161 246 55 177 143 238 252 18 272 73 198 258 51 53 114 280 254 206 255 235 32 160 76 183 285 130 58 57 217 161 286 153 278 131 1 217 49 327 47 139 48 352 3 239 16 344 243 266 150 158 318 117 86 214 83 232 151 276 236 268 243 338 33 151 122 131 304 54 11 213 29 77 50 254 262 228 274 313 99 353 273 145 212 251 325 96 151 269 154 283 57 104 330 297 323 60 318 117 160 6 281 22 15 305 273 229 26 303 218 139 175 228 105 195 156 295 175 219 183 245 340 13 358 198 281 10 30 189 247 86 253 144 54 88 357 320 122 228 
221 189
203 343 147 350 14 349 61 307 80 288 260 0 285 221 299 23 101 14 283 193 117 243 143 174 26 211 269 55 252 300 106 235 138 323 289 75 96 158 23 328 293 193 17 268 295 343 162 328 48 157 326 301 11 153 190 333 175 194 218 295 94 243 121 64 39 270 292 197 359 199 325 237 14 321 301 222 205 86 83 146 204 5 173 237 334 323 137 66 274 174 214 143 336 241 73 299 281 112 258 277 126 259 103 218 146 331 358 174 192 191 53 114 37 268 66 196 225 271 230 5 177 352 92 5 324 315 292 260 294 239 339 264 324 301 159 152 184 179 319 91 232 339 283 82 232 1 145 50 173 355 350 320 348 64 303 263 279 100 147 250 258 192 148 82 198 69 139 125 71 19 319 335 334 194 171 132 72 238 117 259 256 30 328 228 332 103 226 6 325 111 114 358 78 89 177 331 242 191 24 184 189 117 137 128 315 32 19 323 7 73 64 205 110 87 186 345 312 169 207 286 251 
6 26
341 291 268 325 133 305 
309 323
60 143 115 28 345 161 111 132 96 97 78 99 359 228 223 88 149 95 52 225 209 211 44 307 265 316 188 352 59 21 3 184 170 56 359 109 227 11 317 8 288 96 70 35 150 86 29 229 205 329 328 335 264 346 292 255 30 81 109 209 82 329 65 89 62 229 131 347 287 148 264 264 57 285 235 240 126 304 285 281 228 55 345 3 343 71 282 45 24 167 308 231 282 145 137 136 100 171 55 265 297 63 229 285 32 64 335 264 137 28 268 114 29 141 263 217 86 238 310 28 314 122 117 352 356 124 67 120 329 229 95 21 262 188 164 106 5 204 158 108 164 301 145 190 58 84 226 127 337 240 130 189 338 280 180 354 6 317 111 258 260 197 59 348 245 292 28 20 196 70 307 232 336 127 300 251 247 168 235 107 195 338 326 89 250 298 217 155 249 219 173 226 273 306 235 308 156 261 61 342 225 246 344 71 112 228 340 158 310 268 282 97 45 55 304 43 140 104 29 177 113 69 67 315 8 27 136 282 175 80 57 50 70 113 138 158 220 52 200 344 169 341 167 201 65 238 28 150 197 241 110 252 252 4 115 33 272 162 89 263 151 171 327 212 223 145 84 332 131 51 97 44 177 36 29 333 329 200 333 302 36 20 211 83 286 284 305 181 259 108 27 239 271 3 30 332 18 261 257 354 126 319 132 356 204 1 220 94 106 
146 314
86 20 141 284 31 33 133 208 147 354 343 351 226 65 133 69 145 0 304 350 64 329 167 60 137 145 174 184 141 49 157 24 329 194 88 206 142 33 197 137 282 113 81 42 32 218 22 148 327 145 277 255 231 71 326 209 192 240 318 157 14 286 170 341 246 163 259 350 6 97 222 329 100 237 304 45 319 251 140 8 342 62 150 268 108 143 335 114 192 246 136 125 32 352 294 147 301 68 84 75 177 105 295 26 50 106 56 47 1 278 298 118 86 358 167 91 244 47 71 66 4 221 177 17 332 33 242 219 55 131 212 27 133 344 137 242 114 307 82 31 226 304 62 292 189 156 
39 198
89 253 114 328 17 210 252 83 112 223 157 177 164 150 227 230 21 217 84 285 238 270 107 83 105 89 346 213 126 284 119 139 352 135 310 198 206 190 282 
33 272
355 305 345 265 314 201 188 111 134 153 237 83 215 297 238 84 67 39 15 147 208 49 336 101 92 335 67 145 39 330 229 265 74 
314 7
155 211 165 182 325 199 267 328 278 324 99 245 235 239 286 36 102 304 287 74 180 214 127 143 331 139 231 202 116 267 26 178 17 295 148 137 310 347 256 212 41 270 163 308 143 85 262 265 261 124 210 326 166 25 359 268 332 339 94 131 38 266 251 155 65 348 190 355 114 240 285 121 101 301 337 150 45 45 2 140 219 209 148 240 215 97 80 166 358 115 139 7 80 205 92 133 56 245 357 228 45 204 333 131 88 26 223 258 295 246 171 170 81 32 176 194 159 147 119 29 297 194 100 280 268 70 199 33 350 116 198 294 51 227 304 90 165 276 63 263 52 334 157 167 192 153 258 279 37 207 0 5 58 122 251 97 288 228 27 8 340 296 124 192 354 223 179 248 102 166 17 186 225 198 185 98 87 21 346 155 325 120 39 14 228 291 311 135 41 117 137 16 217 217 25 321 138 234 72 257 84 45 131 214 195 71 137 179 53 354 145 243 45 281 56 291 355 348 73 319 30 6 207 195 69 61 311 19 19 186 117 264 285 177 178 215 320 157 162 280 296 32 160 139 151 142 119 259 220 55 33 214 286 272 109 121 153 56 276 1 10 257 126 173 358 185 44 245 58 228 3 161 305 340 167 13 138 223 206 245 73 316 208 90 218 248 332 214 105 74 67 40 305 118 279 315 180 45 215 290 183 38 96 220 216 245 294 181 4 142 142 38 327 191 
276 95
358 314 302 63 261 144 65 134 44 333 139 174 174 287 47 103 259 75 288 345 18 330 166 229 134 311 3 17 289 337 165 342 127 356 314 202 284 107 67 57 167 217 282 62 206 70 87 101 163 242 303 220 153 268 175 266 265 241 137 258 258 2 136 176 211 245 317 5 151 228 17 242 297 189 334 218 115 235 18 333 13 93 118 26 260 33 133 294 169 28 174 85 61 249 113 90 174 240 274 187 139 7 128 147 57 286 270 316 246 195 251 130 204 242 139 169 263 80 340 143 55 93 324 74 103 118 32 25 39 86 230 143 12 97 200 345 268 345 142 82 289 273 128 281 273 42 132 356 346 74 19 18 21 190 231 269 290 128 61 130 192 350 285 320 160 146 41 296 161 193 358 41 267 213 59 3 246 339 294 347 113 10 19 104 55 330 285 303 343 146 282 287 166 91 84 36 269 333 301 99 355 248 286 98 311 191 217 318 9 120 126 353 354 251 242 285 245 299 246 168 52 147 131 200 113 70 77 84 111 258 313 224 147 194 244 134 199 347 269 210 120 258 353 103 217 38 334 5 325 319 221 304 24 191 312 164 82 302 303 232 169 44 180 22 80 357 327 251 93 29 142 97 233 208 350 207 
27 260
335 150 162 320 216 307 108 185 295 338 317 102 265 232 310 343 339 256 89 156 128 217 232 43 217 293 153 
