49
104 283
70 322 191 100 127 42 302 118 9 35 155 108 176 324 315 127 76 149 14 89 22 163 84 146 49 324 261 267 175 155 151 11 128 92 113 240 214 201 309 100 331 312 316 207 29 253 101 263 349 233 202 342 224 48 317 259 3 235 156 327 114 325 266 14 236 19 346 85 284 153 329 147 262 183 104 147 350 162 21 73 6 262 200 150 56 253 292 169 43 290 348 16 91 136 228 5 110 150 23 8 77 275 94 199 
121 139
4 230 76 88 317 13 198 220 226 183 79 1 3 321 244 289 308 52 23 187 332 19 283 237 102 240 262 132 146 264 45 8 226 262 7 290 54 20 263 203 150 150 193 209 124 305 67 47 189 188 301 284 131 270 62 327 270 92 92 20 46 327 53 85 109 227 229 78 57 126 159 289 183 333 91 350 41 228 12 261 304 79 23 40 288 219 35 249 5 168 124 8 8 65 175 290 266 39 284 112 157 358 191 343 224 234 11 190 243 29 287 201 110 32 51 100 79 141 310 36 200 
39 339
299 93 85 88 6 289 34 45 289 119 3 254 39 138 46 168 68 182 8 192 160 242 20 57 120 87 221 174 164 195 313 292 49 332 281 266 281 269 107 
106 233
53 5 174 72 162 345 133 214 224 265 265 30 99 176 338 358 332 60 285 262 179 257 62 288 67 110 210 21 63 327 201 150 343 127 200 8 93 347 197 108 296 255 78 278 326 335 256 49 312 186 23 198 11 219 152 237 192 66 94 176 252 42 198 176 267 302 266 3 145 124 176 43 288 224 147 26 243 273 173 237 112 230 107 204 355 115 92 340 350 180 0 289 353 275 6 317 201 348 10 105 79 225 212 88 273 147 
181 234
279 175 267 119 138 62 355 299 235 322 65 193 50 13 216 328 111 68 198 326 0 176 110 352 14 66 347 290 114 209 330 194 248 225 53 198 196 198 249 230 198 331 16 252 38 147 257 158 223 43 221 339 331 262 89 243 287 218 178 247 39 309 266 39 150 147 324 221 41 269 174 151 220 110 283 318 107 14 232 328 229 104 47 170 276 181 98 112 165 14 85 340 309 62 61 73 239 96 335 1 104 25 222 224 118 276 337 217 177 322 200 3 52 26 132 262 239 355 237 301 92 32 221 218 291 310 216 71 187 307 274 51 158 23 354 6 49 196 194 159 296 34 46 146 320 107 66 257 218 4 100 222 48 275 124 291 301 236 17 181 145 63 168 327 336 303 184 161 113 185 226 241 118 242 150 16 300 195 296 283 328 
199 209
92 228 296 17 98 216 166 173 298 95 313 203 63 103 291 92 120 204 227 328 164 152 187 343 16 263 18 282 161 59 321 185 171 121 286 140 102 308 240 89 76 317 359 61 282 182 169 309 293 357 330 336 271 102 182 203 84 205 291 315 132 240 325 122 74 144 133 173 132 121 66 121 72 131 261 204 100 233 149 227 157 292 254 338 115 261 117 208 51 187 239 98 21 160 331 243 46 221 13 216 75 346 94 169 223 275 188 103 304 211 132 251 170 120 32 189 208 137 249 53 43 317 321 352 59 265 214 225 30 96 302 219 86 50 255 105 250 329 69 44 350 108 116 59 303 192 295 241 125 181 313 315 18 50 203 65 182 98 288 247 333 333 354 212 33 79 291 10 294 0 298 338 16 316 350 342 271 133 126 257 103 222 173 84 355 262 339 316 236 166 210 103 2 325 321 193 91 84 48 
8 318
78 179 328 128 285 75 40 293 
274 166
354 338 227 306 301 40 126 60 106 249 354 62 63 353 35 315 94 53 188 346 353 97 220 135 229 19 297 151 194 151 321 96 103 311 267 354 89 349 13 127 50 233 341 229 125 34 35 271 305 8 6 318 34 139 231 115 347 20 43 255 166 302 249 54 248 24 178 12 340 56 136 308 34 251 98 138 87 139 162 131 153 300 53 311 98 4 190 69 33 317 125 116 221 264 207 230 27 312 309 94 276 129 299 174 322 351 263 4 30 18 146 3 66 273 39 68 209 56 124 318 85 5 192 169 267 182 171 239 60 65 12 193 253 183 2 162 8 45 66 113 323 246 336 132 28 314 349 188 82 283 183 287 21 314 209 138 83 179 270 295 252 114 120 33 31 212 319 359 182 57 50 153 14 147 62 119 67 257 74 142 152 17 23 179 132 110 284 141 26 339 215 282 181 336 61 260 171 178 83 196 272 111 333 283 251 326 129 96 41 211 303 10 132 245 338 243 238 230 230 225 167 200 84 354 320 154 99 288 13 62 230 52 83 110 173 297 262 94 19 143 354 245 323 81 29 342 163 43 326 16 164 60 5 202 103 241 208 208 301 311 40 277 46 255 139 132 194 318 26 130 93 108 107 75 
37 290
131 65 191 252 23 271 166 43 349 321 10 130 322 110 159 322 208 159 58 17 287 323 112 181 327 106 220 359 21 79 324 68 234 27 249 251 226 
333 251
190 201 154 25 192 152 144 300 340 336 203 211 24 247 64 129 57 274 357 260 204 124 108 177 164 40 333 266 8 117 358 230 320 320 127 229 113 214 266 266 301 140 313 304 281 304 288 344 114 291 111 132 142 26 12 205 8 199 206 49 353 192 328 155 129 55 77 53 352 242 265 271 151 87 262 322 235 201 295 154 319 133 7 172 347 355 175 194 128 95 250 327 75 11 145 123 46 43 231 173 158 47 210 181 195 160 148 171 274 208 38 323 339 63 132 242 265 247 353 7 305 60 253 57 328 138 182 22 124 265 40 155 249 344 258 132 307 277 223 232 39 333 120 326 106 24 218 92 296 250 32 133 357 207 214 315 175 176 157 317 107 150 27 3 34 168 15 262 254 86 40 64 3 185 181 123 272 123 358 111 78 182 96 220 113 263 273 349 112 268 92 291 10 172 37 26 38 321 106 232 248 59 269 97 37 2 58 100 205 87 245 307 275 71 126 290 215 281 170 5 81 93 107 330 174 86 12 178 318 309 258 272 288 324 343 82 342 320 129 14 352 342 31 87 31 117 26 179 93 107 4 336 358 268 192 63 222 54 163 199 61 310 37 259 337 186 257 169 168 19 69 233 141 288 336 36 62 64 127 45 202 287 286 165 341 276 169 175 209 279 277 265 121 323 219 43 44 5 356 123 103 93 243 28 348 249 299 45 265 354 168 238 224 274 178 175 299 151 180 249 345 183 180 45 286 333 176 126 220 344 67 207 284 
69 269
224 210 300 161 303 171 272 178 307 57 127 136 270 10 14 44 155 2 289 346 157 83 203 199 137 344 46 144 258 139 110 132 225 74 82 140 303 131 244 3 29 72 281 96 91 39 132 47 174 65 200 241 172 20 69 294 37 104 192 300 292 358 105 293 51 65 17 95 144 
44 304
270 340 184 286 188 267 31 145 359 153 65 285 178 218 9 271 229 0 243 313 145 127 153 281 260 159 288 197 218 131 190 98 348 40 44 90 155 81 350 219 320 177 283 70 
227 105
147 122 65 99 205 284 339 247 349 141 316 310 67 68 11 10 213 50 186 200 331 135 326 355 292 48 18 99 358 326 110 215 97 12 214 239 187 234 204 256 187 52 20 53 267 126 54 185 346 347 291 341 278 219 269 193 155 330 144 300 200 260 315 220 237 120 157 270 251 261 132 115 307 243 216 323 4 194 110 111 105 240 316 82 326 22 248 214 8 58 35 39 71 102 229 164 151 175 119 225 211 357 311 28 288 20 32 207 7 329 160 28 140 127 319 118 282 159 55 217 61 327 29 53 111 226 35 157 232 327 54 116 205 236 283 147 5 256 273 120 286 237 271 132 35 68 25 199 110 333 69 221 321 241 356 3 246 207 258 83 155 70 29 328 290 332 79 67 303 264 106 87 68 128 167 215 255 158 155 251 16 280 81 337 103 137 51 211 306 71 219 175 308 202 32 179 269 26 155 302 54 211 182 144 317 86 169 104 138 311 156 116 162 21 263 169 59 13 273 227 265 57 256 221 102 59 196 
2 67
183 103 
351 236
231 339 299 333 268 275 128 353 231 346 119 47 356 70 92 252 283 300 102 280 101 221 231 299 68 103 19 232 269 109 156 59 34 97 143 234 171 262 141 241 161 4 78 353 142 50 59 235 270 232 155 234 155 73 133 143 155 226 178 299 228 122 35 294 289 88 171 88 15 326 75 74 65 339 233 268 242 67 27 154 107 267 82 82 144 231 74 157 333 81 36 352 313 151 57 312 11 30 272 324 330 274 251 173 234 257 4 311 336 229 203 21 306 347 182 92 4 310 205 247 95 282 45 246 248 317 246 197 194 319 104 108 60 205 103 115 264 46 217 338 351 307 349 216 27 286 305 243 219 226 20 70 12 174 200 27 309 97 340 235 38 90 109 160 156 81 187 354 23 115 309 101 337 28 339 297 356 310 198 127 71 290 218 187 146 213 201 257 297 37 25 339 293 359 299 114 123 179 14 248 143 188 22 330 3 263 248 109 217 128 67 145 210 303 317 267 71 184 62 68 38 257 308 260 323 279 309 351 81 49 316 356 251 317 180 183 306 90 276 239 320 28 74 199 289 359 221 177 5 98 13 347 206 332 310 267 135 286 294 48 334 238 354 299 217 284 18 62 254 72 162 331 281 132 117 62 225 114 200 351 212 111 222 85 26 314 178 263 3 102 7 43 229 41 175 142 151 131 332 205 60 322 27 32 119 215 350 208 109 157 223 170 154 103 5 62 256 348 33 285 14 100 69 161 253 242 9 78 65 107 318 210 108 289 158 304 331 149 36 57 142 307 18 335 277 43 345 267 353 2 225 
97 297
67 12 204 133 269 194 139 68 220 205 95 266 261 177 254 101 261 107 165 50 148 172 211 118 72 191 348 341 140 261 4 169 161 217 103 47 317 62 123 57 327 227 79 262 309 292 33 184 346 107 162 341 105 102 85 54 69 37 234 10 217 185 242 297 87 136 64 359 90 152 144 143 200 72 201 295 271 274 224 36 79 39 151 221 244 12 338 39 306 333 274 64 75 330 306 226 85 
22 211
194 298 31 22 353 305 244 301 164 298 31 327 26 322 72 352 230 155 344 30 350 194 
50 319
10 167 250 179 100 218 127 242 211 278 250 65 75 204 110 171 53 281 194 355 178 252 269 283 75 69 317 61 59 147 216 44 284 225 85 12 93 42 7 343 54 170 226 290 79 325 321 36 245 101 
168 277
53 314 62 36 346 154 46 183 31 340 257 164 21 131 76 128 343 312 32 36 357 236 131 182 293 353 160 90 284 107 202 86 282 200 24 297 86 344 221 335 97 52 271 222 232 111 27 98 14 83 133 255 253 26 311 60 123 355 148 180 143 279 237 227 217 346 231 302 10 244 352 42 158 107 128 183 306 125 354 15 193 33 183 171 123 76 57 229 100 56 48 209 211 110 291 293 275 207 250 219 351 31 340 300 113 231 47 106 187 272 3 189 176 299 17 134 269 61 277 0 38 96 8 190 219 186 12 109 302 142 156 121 64 345 32 269 33 241 96 149 145 127 357 249 8 215 78 279 22 260 324 169 354 206 23 204 106 325 221 4 321 308 329 229 220 328 231 315 
107 315
230 33 7 202 96 175 235 15 257 109 212 158 210 208 196 275 102 278 139 262 325 285 266 225 45 359 336 300 68 305 215 49 213 83 224 85 59 107 153 10 55 41 198 112 98 353 10 77 0 52 132 17 73 188 331 87 64 61 95 134 142 323 256 84 335 65 263 116 49 249 11 213 13 343 337 219 108 308 250 288 136 320 312 348 5 152 290 139 78 161 219 15 220 236 294 267 162 226 270 139 242 306 309 358 322 332 356 
302 104
42 353 291 174 327 71 67 301 121 54 80 262 238 77 144 168 289 295 44 295 19 75 73 102 268 26 31 206 298 167 86 292 168 91 10 35 101 127 2 344 221 65 7 148 311 277 227 291 135 99 94 56 71 46 59 195 311 345 330 229 178 225 139 172 217 348 264 128 327 266 48 253 98 91 52 106 45 225 173 256 61 119 265 336 248 94 143 325 110 143 116 288 335 22 46 240 77 276 115 119 323 191 230 196 344 188 37 320 43 215 181 17 252 327 319 26 195 266 94 228 193 133 72 335 313 269 312 269 19 167 120 333 75 259 54 342 174 116 146 233 156 240 205 354 69 203 213 223 92 188 182 344 15 267 357 182 155 291 66 90 39 176 125 141 8 222 317 345 112 132 337 13 329 119 101 116 43 67 62 72 59 242 206 352 77 272 269 6 117 131 197 255 126 127 90 94 346 26 43 185 305 342 151 122 42 258 130 148 136 97 82 329 305 181 161 17 81 276 269 21 302 28 98 177 107 197 311 87 274 260 43 68 249 115 270 138 338 324 298 53 50 249 313 38 42 109 298 283 307 77 174 52 42 164 188 319 320 263 232 333 89 68 282 127 276 268 128 83 237 168 341 287 221 16 345 114 194 211 99 277 51 69 104 335 51 18 117 138 36 41 201 156 220 124 300 179 11 22 270 77 118 106 
358 211
243 180 19 181 352 59 194 72 302 165 120 113 105 275 1 292 90 56 107 50 114 150 53 243 75 48 20 343 34 138 134 273 182 1 66 294 276 213 151 37 270 313 64 115 218 356 334 253 336 125 170 161 300 51 262 283 260 286 78 337 243 232 184 205 322 324 247 192 95 225 49 194 302 166 267 353 336 13 173 242 305 141 141 220 164 193 192 331 259 84 256 349 167 41 48 284 347 178 113 290 308 307 163 176 103 36 204 24 279 92 189 234 168 263 205 17 277 118 324 228 52 136 231 241 183 117 86 38 350 339 122 305 288 113 109 340 46 180 148 272 118 165 55 270 291 127 278 202 131 193 112 221 6 263 339 182 323 138 26 205 277 308 132 274 174 16 166 200 347 10 323 283 100 112 141 226 183 145 170 47 306 100 333 178 197 72 116 71 243 218 243 17 284 197 216 179 295 273 140 230 264 171 46 69 346 70 204 252 1 174 159 185 88 159 325 303 153 62 290 254 197 77 274 64 355 116 68 140 352 168 0 79 177 78 175 15 279 72 169 284 329 229 200 107 137 175 319 200 13 66 355 67 59 23 257 270 246 224 138 152 122 355 10 283 327 35 222 306 64 9 74 343 94 107 164 31 130 17 306 107 230 55 53 301 13 48 277 14 172 34 216 347 268 321 181 113 267 11 305 66 146 75 96 53 109 281 280 236 140 139 235 222 270 266 357 27 24 194 314 187 134 243 256 222 161 312 116 3 227 284 206 3 307 141 164 77 237 13 144 348 322 233 207 51 299 289 297 347 272 301 84 164 105 349 292 272 264 305 
247 137
291 216 339 304 253 246 93 253 227 45 215 188 24 68 13 172 306 259 40 128 233 143 85 162 235 179 186 178 176 303 109 68 195 187 46 343 193 310 197 303 54 359 213 144 106 218 198 184 294 281 33 329 179 149 317 102 342 174 52 355 11 101 91 51 355 169 268 68 23 104 225 294 265 101 167 180 116 285 33 19 111 107 200 56 353 168 312 242 207 169 175 258 353 45 14 228 305 261 33 156 321 224 214 184 170 123 238 25 304 107 240 255 77 7 316 140 200 249 113 84 64 22 165 320 323 321 199 315 329 307 129 188 34 153 68 150 144 346 347 349 254 206 90 37 28 343 160 150 77 332 127 99 22 269 77 189 52 79 205 273 278 263 351 189 47 254 323 12 194 300 90 287 95 81 43 210 300 23 357 274 356 145 132 177 50 258 158 35 49 0 248 334 147 157 66 160 138 301 200 45 292 17 116 125 65 308 77 165 15 344 111 269 242 89 76 76 197 0 197 284 81 215 115 81 272 34 152 52 238 306 25 228 247 230 254 172 35 349 110 32 154 137 112 202 227 288 31 
58 54
89 291 203 325 23 141 74 140 198 178 202 246 248 216 343 281 200 140 272 0 32 81 33 315 298 153 225 43 109 20 355 225 349 236 192 41 245 171 284 208 159 25 89 352 134 233 180 172 127 332 4 324 138 129 180 187 143 232 
324 260
122 88 55 247 30 339 159 180 286 131 261 212 354 29 325 170 58 299 31 303 193 267 62 335 149 279 69 254 117 305 290 194 246 354 78 291 22 342 38 90 263 149 197 182 183 176 348 335 49 272 152 115 353 187 276 275 1 353 99 119 180 294 49 251 255 31 271 314 34 92 170 291 167 37 293 17 151 359 210 108 294 274 168 42 311 82 206 357 243 181 82 109 333 201 355 61 313 118 286 86 281 99 255 135 39 292 186 279 351 243 21 22 233 307 141 171 211 272 46 70 248 80 222 290 125 350 135 132 115 53 260 40 333 349 93 124 83 112 144 103 325 154 303 341 86 30 39 129 103 294 352 291 287 253 183 65 312 352 278 272 88 143 119 229 249 77 212 225 180 111 188 219 51 230 47 192 206 344 297 54 241 357 107 314 235 215 257 243 281 292 76 62 220 101 338 306 232 292 64 271 289 133 95 274 311 64 182 14 196 17 278 197 52 154 95 100 63 220 197 230 225 296 358 208 264 61 150 115 292 320 335 325 139 307 209 187 214 57 286 202 236 7 129 246 162 185 0 78 141 216 200 258 248 128 138 156 237 76 104 25 220 103 107 34 224 259 289 201 333 59 271 95 155 15 187 350 197 168 23 97 57 207 31 346 65 87 159 311 308 197 34 283 183 238 132 56 18 217 41 165 316 348 190 264 100 288 319 185 334 351 121 295 98 115 253 303 220 180 104 101 208 234 152 232 
264 281
59 278 275 277 330 113 248 209 110 25 43 280 261 273 158 133 219 300 2 310 216 260 351 312 183 312 233 70 290 231 272 39 50 167 207 138 272 21 14 243 238 177 122 330 69 342 40 206 341 183 319 310 1 111 307 312 84 336 12 73 152 219 303 255 46 236 189 233 187 308 246 354 336 151 224 67 112 14 65 29 308 273 346 167 139 126 326 3 271 273 264 217 139 29 88 6 234 20 93 87 290 213 56 183 225 250 329 289 205 88 261 38 186 212 258 230 192 335 87 12 44 296 120 0 331 163 126 65 288 125 215 195 157 114 279 302 320 70 169 222 40 7 262 208 315 289 270 149 156 29 74 3 242 134 336 195 4 229 39 58 329 32 110 234 201 42 79 253 105 335 308 41 81 319 211 138 288 132 328 9 3 310 160 45 16 294 249 30 272 274 60 191 25 340 46 215 30 250 35 39 290 212 327 281 249 54 93 266 222 93 48 260 150 208 9 35 103 189 74 296 262 191 351 25 233 334 193 229 26 329 275 5 108 153 194 118 118 99 172 267 146 329 324 81 206 213 220 288 321 305 289 42 315 319 177 66 12 107 293 205 316 5 65 101 
21 76
357 318 18 79 89 139 301 231 225 153 252 18 345 69 240 299 205 55 147 167 87 
58 293
18 269 182 256 244 178 353 122 188 156 348 288 252 230 269 166 237 296 62 291 144 299 349 38 292 241 282 294 191 296 318 229 20 70 113 278 17 139 121 311 112 186 282 171 252 144 259 310 72 311 176 197 74 355 273 112 140 3 
267 346
161 192 277 0 356 215 13 299 180 315 349 109 94 124 279 276 314 100 174 112 53 172 199 210 337 152 175 293 318 103 92 333 352 332 99 45 133 61 23 284 88 265 162 128 62 126 181 275 71 203 299 264 134 288 53 171 6 213 88 212 293 39 296 255 301 188 352 147 305 9 51 163 162 169 315 320 297 98 4 94 231 268 162 322 160 320 73 42 210 237 105 113 248 208 132 122 75 139 322 248 23 332 242 353 343 119 330 76 218 174 125 23 224 38 254 1 207 357 195 240 93 204 57 141 151 253 300 164 230 240 1 54 92 302 95 110 54 91 24 230 132 108 169 98 116 220 328 44 335 238 180 17 65 25 135 197 52 90 223 93 118 90 27 271 32 260 266 263 59 329 134 353 273 191 311 17 19 302 93 138 147 321 135 209 84 35 358 299 203 257 146 173 311 141 330 263 340 284 81 134 273 127 20 288 187 123 288 127 50 308 166 196 7 113 331 281 81 95 250 139 256 119 168 59 41 10 183 315 76 55 34 148 236 44 320 210 178 255 62 20 49 31 276 202 96 331 273 244 164 102 338 270 117 138 271 206 90 194 217 81 178 172 134 125 60 143 87 
157 177
199 187 338 343 90 245 34 68 81 214 8 315 6 17 277 81 235 183 185 240 95 272 218 309 265 243 130 306 353 179 209 356 78 269 279 326 16 38 255 31 29 78 54 270 255 16 158 275 143 56 258 8 221 162 5 270 15 131 121 320 355 147 61 2 312 47 286 306 122 20 358 329 304 148 266 178 117 186 213 358 39 227 93 251 287 4 229 179 85 88 250 137 140 18 189 8 157 345 141 115 0 236 21 251 329 310 138 69 353 76 265 328 250 4 151 81 348 250 293 309 117 220 38 28 335 287 127 103 99 282 208 281 63 202 344 239 347 142 344 167 335 233 88 127 213 3 106 50 228 242 63 354 90 196 240 45 203 
159 72
286 48 155 270 251 132 252 128 66 128 115 118 42 193 13 152 68 213 239 100 351 229 50 290 116 140 71 85 355 173 306 218 310 247 120 112 292 47 322 10 246 277 68 229 194 42 104 80 161 175 132 111 8 88 225 124 2 111 186 301 16 350 211 138 299 38 249 173 146 109 206 205 292 250 281 83 6 167 323 68 147 132 311 355 97 297 231 323 348 318 183 134 78 58 13 316 37 204 320 329 293 102 132 292 296 28 57 173 108 7 181 138 156 175 9 347 130 226 81 10 117 341 286 350 18 10 14 81 200 147 184 318 142 287 263 206 167 239 119 139 103 80 145 164 194 35 352 180 44 218 0 183 349 92 187 38 252 20 261 
269 49
90 279 350 261 337 151 165 32 306 337 163 296 297 250 141 169 247 327 265 110 176 105 268 86 92 348 243 124 284 164 77 56 221 103 323 191 101 155 38 104 88 326 168 140 63 107 186 355 104 325 154 142 315 43 129 56 195 32 241 74 184 217 248 116 206 198 56 142 15 187 94 244 170 34 190 286 91 54 228 197 226 274 224 76 337 317 210 132 27 331 264 235 6 118 125 350 68 159 295 277 297 21 3 289 304 103 25 130 172 63 80 356 340 76 117 157 237 48 302 233 185 213 340 358 185 128 55 306 273 350 182 304 228 153 135 278 353 100 337 220 39 302 225 82 101 143 57 300 61 201 271 183 28 208 198 38 313 52 47 103 251 224 40 65 209 334 109 175 25 205 359 30 44 235 179 346 356 95 136 254 90 301 91 19 71 346 146 298 49 47 355 108 143 316 255 201 183 71 109 298 66 270 32 104 311 66 193 331 322 325 107 128 120 79 154 173 258 128 126 120 348 356 28 323 87 196 358 288 129 94 2 124 47 49 208 262 30 221 345 247 307 175 155 299 154 120 39 113 243 261 128 321 15 256 1 221 331 50 169 20 15 135 231 131 205 177 347 6 333 
226 264
202 233 359 2 58 206 227 38 70 148 268 151 59 233 63 157 294 170 339 257 99 196 313 290 76 320 91 35 231 262 359 240 321 88 195 54 27 89 51 171 338 267 137 80 265 244 285 348 128 337 156 67 155 31 223 23 78 208 209 69 340 89 207 72 316 231 211 145 334 313 103 189 313 337 355 218 5 176 125 5 34 184 306 40 340 135 221 182 203 57 100 155 220 26 22 253 255 212 208 114 219 103 210 161 202 0 29 139 0 327 63 138 246 272 201 286 348 256 309 205 135 200 359 126 73 269 331 56 158 120 351 352 277 55 296 128 131 153 107 236 324 186 257 359 256 359 30 208 315 171 183 112 116 9 131 215 173 161 202 340 15 182 78 234 280 242 200 28 326 284 5 102 103 204 3 296 15 238 20 176 155 164 122 79 286 3 88 221 56 269 236 292 50 263 6 96 359 144 17 159 350 144 178 162 17 340 89 121 116 274 116 140 318 168 171 13 18 56 105 204 42 28 112 323 203 110 
51 180
4 206 195 154 229 331 338 42 185 245 330 297 268 335 86 115 108 265 179 245 94 244 226 342 338 212 223 188 97 206 188 162 211 12 230 175 232 299 179 33 217 121 161 323 165 24 349 59 139 100 354 
158 348
41 210 6 116 125 15 16 260 283 171 340 276 181 155 334 53 302 58 306 78 287 257 183 255 291 271 44 311 99 286 54 109 76 208 266 104 154 87 267 217 6 291 166 75 258 31 176 344 267 349 238 196 213 246 149 8 229 178 261 24 190 97 234 17 76 211 101 253 320 344 282 35 9 183 15 290 110 16 260 108 107 340 246 150 44 332 224 200 187 30 116 156 132 225 3 6 313 173 119 230 68 76 166 297 65 91 71 246 267 79 120 164 32 6 216 246 135 140 49 312 19 188 257 166 306 271 53 181 76 297 24 107 342 318 93 304 67 153 260 201 23 272 17 81 28 114 96 183 308 260 307 220 0 279 244 300 32 209 
52 120
5 332 292 224 50 299 280 249 349 130 248 44 324 75 131 202 259 306 61 324 260 2 119 153 335 355 170 327 318 54 36 328 185 319 138 114 140 287 120 192 102 216 140 42 35 9 172 160 194 321 325 9 
191 140
46 18 224 291 320 280 314 178 56 230 234 333 84 167 80 255 55 25 281 80 306 197 353 62 236 20 28 199 87 20 176 332 200 326 73 164 151 110 203 39 73 102 139 247 94 30 89 56 119 265 86 23 64 24 20 335 117 18 132 171 80 352 210 226 357 287 296 325 269 93 288 253 343 358 7 78 214 155 164 109 142 336 103 53 226 34 300 335 136 35 175 13 14 241 211 291 35 27 97 141 8 261 132 275 271 67 147 284 218 232 104 74 102 58 76 92 245 223 270 287 0 160 127 327 63 26 94 51 227 63 51 207 128 245 297 18 273 171 260 220 122 284 23 78 1 334 74 318 350 41 128 41 54 112 167 343 84 301 46 228 270 252 178 274 78 79 114 190 53 348 70 18 289 0 96 285 310 139 337 124 157 240 272 332 38 79 143 39 118 38 226 
52 261
265 353 4 155 177 162 223 210 217 50 188 62 322 46 85 268 212 332 12 117 39 332 356 282 304 124 278 207 55 25 242 265 167 127 308 62 130 51 197 42 75 299 320 31 173 110 313 38 200 133 95 270 
78 14
305 241 108 316 271 191 181 283 158 325 37 197 319 244 342 68 321 46 308 253 166 206 17 291 337 290 143 128 23 21 122 156 101 203 216 163 178 84 263 324 319 10 133 22 37 295 284 4 28 99 203 24 311 1 190 290 273 274 133 284 157 94 200 346 129 197 41 103 184 101 188 314 118 142 186 218 34 290 
134 38
207 271 278 49 273 264 179 179 151 94 335 304 105 142 341 101 34 102 239 284 119 66 234 124 184 234 206 9 178 145 44 187 122 275 147 114 171 221 228 156 78 258 205 261 336 337 78 250 89 48 319 289 298 183 43 142 208 14 43 199 347 320 62 333 59 65 231 261 235 30 348 184 256 179 93 359 186 36 238 107 186 287 191 45 20 316 168 56 161 249 312 149 239 120 180 235 311 307 330 101 241 38 310 236 339 228 31 196 181 24 295 256 293 120 330 176 299 76 52 112 71 309 66 84 24 311 49 261 351 52 124 23 35 307 
168 154
35 342 220 183 55 336 11 23 169 232 194 160 64 283 239 77 128 182 97 357 246 213 240 71 136 126 13 191 293 153 57 320 89 182 201 207 110 12 244 136 82 6 31 127 18 4 80 194 30 113 207 270 333 19 163 267 56 0 261 5 65 309 209 350 63 111 67 194 287 241 221 213 346 204 91 230 282 311 256 81 278 186 259 220 272 269 33 289 205 236 119 310 340 17 69 254 335 228 108 90 316 280 62 117 45 1 164 70 281 208 0 287 86 58 64 350 5 323 155 38 65 265 82 185 63 95 75 359 40 67 336 295 243 340 208 101 109 236 223 70 326 310 173 264 157 324 173 59 248 129 330 110 274 202 181 341 201 115 52 45 329 207 271 42 23 318 125 119 
294 117
232 293 89 241 25 50 349 308 207 189 193 318 347 252 304 32 182 188 97 71 153 134 253 73 4 41 221 71 300 140 308 114 344 211 235 169 78 289 125 12 328 264 46 354 329 176 218 226 131 181 48 316 247 298 19 42 107 140 134 14 53 176 201 241 246 274 172 215 99 19 53 94 160 210 324 327 353 334 269 92 294 293 292 214 286 282 231 65 217 147 86 22 214 197 71 265 6 263 218 128 276 81 108 104 101 256 147 17 334 175 279 272 144 274 154 1 22 50 209 163 126 231 308 330 146 87 196 38 6 129 155 47 300 270 140 29 93 327 123 172 67 129 4 341 78 68 164 111 175 147 137 337 290 171 340 191 345 216 63 172 62 343 332 73 105 179 183 80 76 293 31 312 256 19 307 277 147 221 112 97 0 327 306 152 359 63 294 5 338 145 307 79 244 352 76 186 312 312 215 263 255 214 232 335 317 330 197 45 105 332 212 325 58 132 158 326 193 78 124 75 32 260 140 120 220 325 272 299 97 238 134 127 180 296 144 70 112 146 30 155 324 143 93 354 293 296 64 193 40 344 287 253 195 138 349 330 154 210 44 265 260 1 346 156 357 300 136 76 339 107 116 73 135 244 255 62 27 185 214 334 187 30 289 239 206 334 102 32 359 58 86 40 181 198 
171 301
102 131 87 51 307 272 220 276 25 69 145 222 180 98 122 57 179 248 39 18 267 81 108 128 191 213 334 23 219 228 295 0 318 40 57 210 255 173 264 106 352 10 357 0 324 125 209 309 25 313 111 141 63 203 173 310 123 36 277 343 138 176 154 276 276 235 61 271 344 151 346 125 333 65 269 175 1 36 218 338 108 357 319 275 146 207 199 144 355 116 21 351 198 283 356 233 217 58 125 0 63 127 306 63 231 32 233 280 352 320 104 154 257 23 219 49 224 101 63 272 332 219 160 158 355 257 291 87 287 247 292 257 274 173 301 14 8 200 118 90 280 267 233 132 94 223 323 296 174 130 336 286 299 334 234 182 35 109 229 301 323 277 137 24 120 67 275 296 309 79 273 
46 242
354 127 168 129 247 94 284 161 40 24 332 250 120 202 261 74 116 253 250 201 51 24 198 141 354 96 341 207 129 187 334 200 37 6 102 76 267 176 184 220 304 321 175 251 340 187 
139 146
195 255 3 341 100 128 200 64 33 17 294 330 252 300 121 292 107 325 69 106 248 333 242 151 150 310 185 344 99 66 219 42 274 239 222 219 119 281 21 56 83 254 299 146 39 347 279 179 20 239 323 127 250 67 52 172 162 133 270 308 242 261 286 8 89 38 307 311 164 168 100 272 216 112 55 247 314 255 68 43 99 154 184 319 94 115 137 311 271 315 351 6 57 78 234 100 61 269 277 13 80 115 161 179 294 297 149 265 292 116 293 187 245 272 37 274 188 140 152 202 80 9 196 81 122 39 195 255 166 295 44 230 258 129 185 137 289 102 214 
316 329
237 114 300 247 309 278 73 102 260 167 52 120 208 79 318 12 202 126 337 36 14 183 196 285 300 28 199 221 113 175 7 181 115 96 190 140 244 191 157 71 49 326 6 313 303 223 326 285 234 323 41 273 217 286 306 62 91 207 24 63 306 163 308 36 79 327 196 252 337 215 134 87 105 249 296 62 130 167 79 84 110 191 97 30 32 323 101 82 161 308 310 68 145 266 91 134 306 283 120 326 55 70 9 171 203 231 11 48 111 247 147 318 358 340 279 197 131 39 73 75 240 288 174 83 173 189 344 177 302 130 329 328 89 140 312 307 55 30 259 256 232 219 122 111 135 246 358 84 214 349 10 295 325 38 284 199 87 21 181 263 167 75 209 173 310 139 3 45 80 91 2 52 91 295 131 304 213 8 75 67 211 336 234 151 168 33 344 315 103 108 321 21 314 68 6 299 143 249 179 183 94 212 355 105 162 215 105 181 127 193 277 140 48 13 319 118 242 86 74 23 241 62 161 153 154 212 225 26 204 344 295 281 17 51 315 13 125 303 272 218 23 266 119 2 123 179 179 335 21 26 252 71 195 47 9 176 67 263 319 89 282 244 263 353 149 238 229 270 91 25 283 335 76 67 292 216 105 156 347 40 69 129 63 155 117 199 136 86 162 143 123 355 351 105 76 55 117 203 154 60 275 18 132 16 68 268 100 97 211 314 10 204 272 30 321 172 
153 212
174 46 287 306 41 64 7 113 102 83 114 325 223 78 33 227 12 156 317 261 99 55 13 232 195 24 295 120 336 354 287 198 216 143 55 229 232 47 105 68 218 252 30 229 226 99 213 276 39 57 159 220 356 324 321 340 288 155 81 137 25 343 257 272 288 325 312 162 166 213 210 0 218 287 85 304 141 165 325 46 9 80 65 353 28 62 73 9 256 113 303 253 265 161 116 182 3 294 219 23 299 182 104 300 261 91 22 95 315 284 65 54 41 93 52 43 297 74 285 110 272 31 23 85 50 169 89 257 221 245 310 260 119 49 124 35 359 199 93 192 7 211 44 357 282 255 145 8 250 346 187 359 45 
114 11
163 25 346 97 233 284 125 314 76 278 358 145 266 84 32 47 186 94 295 356 231 201 138 187 193 59 268 151 91 75 71 33 131 256 200 348 338 151 330 93 334 70 71 72 315 171 80 40 75 146 287 195 359 64 318 185 284 219 266 126 325 275 157 83 344 34 165 358 23 73 276 325 28 260 296 331 272 299 345 183 19 216 198 340 185 120 101 109 234 177 4 331 245 184 68 252 226 68 262 107 211 277 323 161 188 359 184 163 64 131 95 178 167 359 
347 63
115 337 348 326 36 335 148 285 127 172 106 307 108 69 127 208 280 353 210 278 161 356 12 238 42 140 190 164 157 31 137 2 52 238 340 111 4 292 52 229 118 236 176 95 55 265 223 216 341 209 268 247 260 344 74 193 343 266 251 5 305 97 289 36 288 136 282 328 185 244 28 43 304 99 72 311 20 19 359 264 173 70 13 315 345 252 43 9 127 208 339 254 248 268 133 207 167 54 141 288 143 69 147 183 243 153 229 138 207 276 258 186 85 0 117 71 243 126 138 219 61 52 43 142 217 48 54 11 290 204 43 168 351 35 54 179 269 185 229 255 54 244 346 144 77 126 77 224 273 114 253 277 45 59 134 257 254 89 80 250 348 354 219 317 30 193 206 11 242 233 323 16 130 164 67 245 88 327 39 149 247 187 215 242 246 115 135 70 21 77 238 63 9 14 246 63 184 143 40 319 199 228 234 200 295 110 310 227 213 36 164 296 177 33 345 303 303 216 167 295 42 129 41 283 183 25 137 340 253 330 150 338 296 25 183 33 154 58 217 274 130 7 270 55 90 210 332 201 194 187 282 191 317 311 235 230 33 346 272 340 286 230 321 15 273 215 235 209 229 304 84 149 132 317 165 60 341 189 46 22 96 24 136 123 253 218 185 135 317 100 60 186 145 46 4 140 358 47 97 92 218 245 167 25 16 60 96 265 20 88 161 268 29 317 170 158 3 96 313 258 285 30 87 324 89 123 272 101 172 267 280 274 276 263 168 160 266 249 318 115 189 193 121 339 109 144 174 
