100
189 231
163 29 17 63 339 204 307 123 277 89 7 195 49 165 315 129 139 329 107 283 14 279 347 119 80 195 99 166 307 185 241 224 350 346 247 166 113 155 145 136 122 80 62 30 130 182 196 182 56 155 196 177 222 258 108 129 355 317 183 315 275 74 358 297 225 282 254 288 46 187 238 255 219 83 200 20 349 64 144 130 114 139 200 274 158 297 73 187 77 78 186 274 330 51 156 261 32 20 279 30 246 224 98 35 148 274 275 234 169 46 145 106 345 80 55 29 227 256 232 299 18 182 14 352 263 78 281 9 84 18 201 103 268 188 86 311 352 52 90 56 15 350 205 343 174 304 348 190 259 26 25 124 273 27 353 65 255 259 5 164 334 43 77 32 214 59 138 289 154 57 12 18 278 318 275 272 144 275 289 103 127 125 267 252 345 321 330 22 166 
82 183
56 244 328 333 41 102 50 1 316 0 353 155 118 119 287 174 46 205 90 34 344 95 72 292 263 145 213 171 59 21 327 309 233 63 109 146 350 215 88 191 227 28 22 267 40 209 177 130 114 154 70 217 60 204 352 201 31 195 138 177 192 267 161 326 321 153 150 318 238 103 165 8 144 218 247 36 12 140 4 324 42 131 
276 190
72 318 248 188 81 68 150 106 184 136 353 216 199 40 111 225 67 141 313 335 116 87 236 20 7 227 13 337 253 348 168 123 342 61 117 318 76 59 41 187 98 142 232 27 216 342 198 26 256 304 327 49 259 189 10 175 359 281 106 236 51 265 17 310 98 228 210 60 101 139 324 306 196 169 219 43 282 203 117 221 94 174 65 38 155 105 344 34 267 156 38 295 225 107 144 16 28 209 80 96 115 108 305 340 327 183 271 104 31 330 0 69 232 353 344 134 235 303 255 320 115 7 140 160 36 46 320 223 14 63 2 136 221 83 281 149 226 244 55 123 203 285 43 94 196 289 24 289 169 228 114 149 211 67 66 101 258 40 251 212 141 330 75 303 11 83 146 277 327 81 227 288 324 292 173 231 87 172 83 122 147 152 78 9 88 80 66 267 8 8 249 322 244 213 47 104 136 358 291 183 114 87 164 135 344 288 196 72 96 58 252 20 256 237 90 153 98 167 259 50 16 127 266 287 261 284 253 115 138 277 356 0 256 309 350 70 333 304 19 197 191 176 60 0 11 193 225 297 293 66 145 154 171 51 62 61 218 96 171 69 45 33 336 125 91 357 275 312 122 358 284 159 151 25 297 125 
347 125
311 150 93 143 73 302 265 248 153 147 164 166 182 54 265 302 185 293 194 213 68 260 350 199 89 218 286 322 47 209 355 288 202 337 174 151 345 94 219 333 49 8 80 224 62 147 145 0 69 235 261 27 66 63 277 28 345 14 64 306 151 11 14 246 81 111 260 256 56 175 280 146 63 75 278 120 34 141 123 95 224 62 4 66 80 14 339 43 234 63 7 335 291 208 37 111 299 309 220 331 292 123 291 63 314 70 172 343 224 357 115 252 271 60 40 307 46 199 94 152 262 328 251 310 276 5 34 231 42 75 53 300 70 269 191 136 342 79 241 148 223 204 210 41 204 86 123 170 309 79 27 210 157 25 33 41 63 215 213 103 197 238 178 196 162 249 36 53 340 10 56 268 249 161 90 130 198 270 356 186 321 220 26 242 231 234 332 152 192 359 79 104 41 128 104 157 130 115 182 80 199 337 330 134 82 165 142 176 198 281 32 345 147 239 331 64 332 176 6 108 262 304 115 193 303 257 209 180 163 247 291 121 191 264 36 318 228 300 93 205 95 46 166 134 126 268 200 261 33 211 158 99 212 256 319 307 160 343 25 243 122 225 173 282 63 171 151 237 271 355 334 90 265 83 115 216 252 42 234 67 187 114 303 355 257 19 136 332 57 226 73 168 155 307 94 148 10 249 267 54 128 213 97 121 184 259 312 210 27 88 303 348 181 192 35 42 248 225 53 39 239 320 256 5 246 163 91 171 24 326 168 201 358 214 62 281 185 204 259 101 24 70 132 75 71 240 297 
308 88
75 160 113 68 43 293 212 259 164 73 348 157 141 277 273 192 1 249 271 35 222 185 344 166 183 259 51 147 87 237 318 269 233 296 110 286 324 330 178 136 334 79 356 266 173 346 183 10 323 20 324 291 206 349 163 128 270 344 248 135 172 81 272 52 201 184 187 78 132 143 183 261 202 221 12 92 194 121 10 56 80 47 321 154 133 12 303 7 154 13 275 79 75 289 225 179 167 36 95 124 329 144 22 59 261 278 241 317 102 44 302 277 55 296 132 16 77 275 138 56 87 334 307 262 201 347 19 172 172 248 154 329 98 339 260 9 107 199 283 101 50 164 52 74 186 171 185 313 315 330 8 61 229 298 326 315 61 42 208 21 121 172 196 240 65 316 99 279 350 24 44 294 338 322 254 87 174 246 333 55 250 89 83 133 2 41 329 242 156 60 251 358 331 264 100 243 49 252 302 71 23 358 250 30 342 33 345 177 241 108 68 217 112 210 172 327 14 83 188 299 342 173 95 86 32 17 225 313 313 183 308 179 50 339 107 75 242 70 46 156 239 245 4 183 62 176 147 289 341 93 203 92 208 301 118 329 46 120 227 43 255 103 54 277 18 154 55 43 199 345 3 25 157 275 143 337 119 54 342 98 18 260 135 90 251 229 162 349 90 151 349 13 287 337 198 308 1 176 355 86 119 87 347 282 306 97 50 219 
244 300
266 1 20 324 43 160 258 171 138 11 98 276 155 46 233 51 239 189 178 298 356 246 272 104 217 331 116 129 196 106 225 355 242 141 207 146 33 82 165 4 83 123 87 5 152 7 148 98 284 325 269 335 46 299 301 166 155 247 171 262 341 8 285 63 147 258 44 283 59 354 64 177 65 194 177 282 324 60 169 82 112 158 176 241 97 260 324 133 310 207 79 23 132 213 249 192 123 303 72 107 29 333 160 68 323 261 177 141 35 11 53 194 343 299 358 336 299 290 94 43 341 5 59 175 268 74 228 167 29 300 247 199 95 296 201 222 316 306 125 215 295 348 166 155 191 221 242 313 118 26 194 285 18 14 118 330 351 322 96 12 335 309 282 304 80 149 46 347 22 255 27 344 69 112 335 140 338 10 100 51 254 270 90 334 173 356 201 196 343 124 271 169 218 115 2 164 239 166 123 165 137 226 319 167 140 84 230 292 318 237 123 59 154 55 348 233 57 165 322 195 199 77 181 203 313 148 73 304 7 41 116 149 352 239 328 46 255 262 210 150 185 270 72 219 
11 266
21 2 343 231 301 91 65 233 220 240 63 
24 223
66 343 267 187 195 170 118 267 57 303 316 87 277 80 354 263 203 225 237 0 74 31 290 47 
299 209
337 57 53 24 214 65 133 277 10 261 230 17 255 260 246 203 180 130 71 105 224 8 93 157 108 123 309 233 120 61 115 325 132 110 16 61 187 9 122 227 296 51 152 344 284 83 148 282 128 173 111 337 269 276 11 327 292 177 162 232 306 165 312 151 310 203 141 133 82 136 308 339 93 193 210 150 271 41 262 233 66 111 348 12 186 131 324 179 74 141 79 306 184 275 131 342 175 251 127 8 335 162 154 15 237 157 112 339 304 220 246 65 86 338 130 11 6 102 94 75 200 252 48 350 272 145 27 350 233 275 170 299 302 6 130 58 285 274 293 149 336 135 180 241 137 224 212 190 28 147 82 62 225 144 54 220 237 317 65 119 182 115 238 177 89 142 244 1 186 22 150 345 160 24 278 31 349 240 307 126 247 199 67 202 44 278 323 163 326 162 129 31 99 63 104 348 91 112 138 344 46 146 15 353 170 160 339 276 269 6 83 336 94 217 181 304 135 135 7 179 260 280 330 191 227 69 79 107 222 245 304 302 341 13 342 304 95 36 302 274 302 38 162 253 204 240 60 94 199 232 316 197 147 47 41 57 53 74 120 206 313 341 140 177 215 145 153 223 55 81 340 213 129 203 191 264 249 31 256 109 131 69 313 330 107 303 315 326 3 69 340 331 296 297 71 196 277 234 67 
92 42
25 157 320 142 222 183 57 141 311 35 73 322 70 257 72 118 300 102 148 71 310 286 234 335 78 329 357 143 279 317 175 50 28 55 234 39 127 173 290 179 270 335 342 53 106 84 310 35 30 257 146 281 56 72 83 276 208 236 57 173 101 13 64 281 353 143 298 146 153 83 269 240 258 43 305 177 22 298 101 205 132 215 20 329 346 83 97 229 140 135 121 73 
226 295
162 98 104 247 173 45 336 1 160 241 263 12 173 10 345 165 312 83 80 5 48 283 41 344 128 63 111 326 5 244 61 24 37 16 327 56 295 250 69 53 47 66 163 19 217 307 282 231 280 0 183 30 258 66 122 288 94 151 336 53 262 75 117 56 127 300 202 85 334 275 105 248 72 35 10 271 106 185 8 26 105 26 105 274 97 201 316 188 249 294 147 334 331 218 21 136 146 341 342 17 332 17 301 49 143 311 343 86 144 100 61 226 306 317 229 25 122 143 112 186 59 82 138 200 74 312 146 314 193 183 359 243 2 354 43 163 165 119 6 252 186 94 20 233 83 74 277 137 188 347 325 145 202 221 103 283 210 353 322 223 334 123 314 276 88 80 60 236 65 126 155 206 8 176 103 114 234 358 125 23 182 128 74 31 301 27 188 109 242 304 344 330 108 174 229 41 223 222 191 55 317 14 338 204 325 140 53 254 324 37 5 342 68 216 333 349 238 66 262 290 58 149 233 162 317 221 
337 356
23 296 117 138 143 190 299 337 190 52 89 91 38 266 245 262 310 226 358 119 35 39 351 345 274 204 328 74 250 203 222 92 117 328 170 154 8 271 219 193 285 2 262 109 235 221 92 31 241 48 10 284 221 357 228 338 357 174 262 210 264 358 268 149 240 52 354 125 163 270 331 293 136 119 27 242 339 147 169 103 338 149 49 277 100 30 45 207 21 96 250 353 156 320 350 145 341 190 13 308 49 32 334 14 301 48 220 315 202 159 65 238 209 10 350 320 184 332 152 244 267 81 305 109 175 229 174 228 346 304 113 313 196 291 174 22 96 153 250 46 150 218 251 300 49 267 237 203 55 293 97 235 26 164 234 29 226 313 13 318 181 132 190 76 92 85 269 48 49 62 264 135 40 275 58 6 31 122 214 225 273 191 307 14 124 240 11 126 152 205 223 324 244 256 344 170 327 34 99 72 260 220 263 261 216 215 128 333 196 193 343 330 138 102 5 276 16 71 341 170 304 252 88 53 245 324 192 234 119 106 178 216 215 115 233 158 135 169 113 72 225 33 207 101 26 319 182 323 170 150 199 23 103 355 224 115 127 14 113 83 89 182 276 261 118 297 206 285 298 195 342 260 100 292 180 250 25 333 307 174 91 113 200 147 135 0 348 33 170 103 133 208 180 264 53 79 194 259 266 31 314 21 30 167 70 182 47 191 238 218 334 295 233 181 226 6 21 45 106 214 166 124 4 325 278 230 228 290 95 37 53 245 253 313 250 315 218 
130 136
176 101 167 255 36 224 221 204 208 154 38 14 243 182 54 201 261 31 317 156 204 315 140 67 247 163 82 255 159 343 149 356 134 66 208 26 240 225 357 43 214 228 129 230 132 106 170 5 290 146 346 260 230 82 181 72 95 352 93 94 223 107 212 142 146 168 236 109 100 73 352 166 94 25 318 43 267 48 133 102 227 224 252 175 219 3 158 103 147 229 288 86 292 195 54 242 277 85 51 29 359 149 173 114 100 56 313 63 73 136 228 139 232 195 206 16 326 220 222 327 314 217 300 136 231 216 252 99 273 98 
339 151
175 265 231 204 42 173 195 70 326 298 233 9 263 92 254 65 158 101 353 3 271 279 336 98 211 102 200 214 202 284 318 83 0 156 116 7 17 333 240 261 84 296 170 58 231 21 142 223 245 267 215 291 302 88 82 237 141 305 268 322 268 191 63 221 159 356 248 142 94 249 104 170 307 262 175 245 321 329 1 37 77 256 220 115 276 234 142 221 236 217 297 221 25 75 54 249 266 70 235 104 54 86 45 163 101 27 152 356 98 333 281 4 148 273 227 298 161 354 183 77 286 91 118 33 54 76 310 297 305 132 192 32 257 261 320 108 171 107 345 42 7 141 296 330 194 318 316 355 294 332 155 124 121 98 186 244 90 302 209 336 206 110 139 100 261 336 155 266 101 146 199 76 201 295 21 15 355 339 346 120 144 3 327 5 39 30 79 319 342 154 69 141 175 147 154 151 67 261 58 302 309 311 350 125 310 127 242 146 18 182 317 270 223 117 90 293 245 298 252 146 15 216 92 73 305 354 281 128 270 313 44 225 132 266 317 252 13 335 341 186 215 25 55 130 167 127 59 323 281 277 1 35 159 228 290 191 49 55 357 101 323 18 269 241 225 68 226 226 60 238 321 88 240 176 142 209 172 188 186 147 131 20 300 105 316 297 282 163 108 166 100 257 180 249 156 86 131 167 353 278 173 357 5 324 152 34 27 95 2 286 150 332 227 44 0 207 154 340 211 351 102 256 294 228 219 2 319 102 45 79 30 205 80 271 158 73 290 100 259 
216 134
193 24 86 300 262 228 133 37 193 8 20 114 191 254 69 251 116 46 337 103 34 299 215 135 135 114 130 26 161 86 5 212 336 125 168 271 145 200 50 176 325 154 337 117 202 129 66 349 134 359 354 119 254 330 60 245 144 329 6 183 150 51 84 211 44 269 88 110 97 213 343 232 77 75 229 12 167 219 138 147 282 327 2 109 226 226 29 175 109 59 328 274 153 342 51 84 200 281 345 56 245 199 3 149 258 296 157 311 203 278 282 263 140 67 153 162 243 352 119 235 223 159 275 186 199 93 121 235 76 13 36 168 341 44 243 285 133 109 25 118 49 10 180 313 171 266 279 339 282 152 223 152 191 178 3 326 340 324 70 353 310 190 171 23 164 291 328 302 270 158 129 335 45 353 229 347 159 179 236 295 45 147 352 110 51 84 116 218 249 166 21 51 254 202 48 223 236 189 65 122 170 289 235 158 339 348 332 141 270 346 159 141 84 130 57 262 
269 190
105 95 346 42 294 198 81 150 176 255 129 259 43 60 302 259 345 209 26 356 57 166 176 255 47 115 57 355 80 83 281 125 263 75 348 65 90 221 355 74 70 171 155 252 204 299 162 53 190 164 272 84 67 112 86 56 141 300 43 51 313 136 259 191 143 223 251 200 282 338 45 26 87 41 229 76 266 219 216 134 38 357 296 87 147 260 73 70 104 279 292 97 94 153 65 187 118 106 241 213 225 98 284 295 100 215 217 105 47 196 189 114 23 194 288 40 182 180 22 58 128 220 124 334 332 125 185 69 45 241 82 65 75 304 40 113 261 26 264 220 30 116 217 195 36 320 24 214 29 70 170 320 117 276 93 78 82 222 170 258 47 287 35 313 275 25 141 301 146 227 53 223 5 260 193 5 271 329 76 287 127 100 186 141 39 37 232 195 284 222 2 326 331 339 254 182 215 185 238 290 109 354 250 168 215 107 173 201 316 232 55 206 285 315 111 0 82 190 65 114 29 246 330 322 209 177 181 86 116 356 84 38 71 209 185 174 256 283 288 312 31 294 94 219 147 324 311 201 313 7 271 131 126 333 5 233 170 73 127 208 63 339 254 333 315 243 290 348 245 
17 233
239 216 164 42 304 79 266 277 70 199 319 327 280 15 107 235 152 
64 157
160 207 115 117 186 22 37 224 229 254 95 251 155 12 269 286 225 130 47 246 250 348 245 314 41 74 154 192 197 166 165 270 197 228 73 26 335 242 120 331 178 234 173 119 291 277 331 180 3 289 357 232 31 105 346 22 176 41 64 108 166 160 320 30 
296 149
21 227 72 154 131 251 111 135 40 239 159 116 51 276 175 113 216 179 133 277 136 73 252 4 330 47 219 354 231 300 3 318 308 106 229 252 92 150 269 227 242 181 134 247 298 138 286 321 112 325 309 48 278 334 47 195 128 61 98 144 137 269 319 109 160 122 135 103 212 210 346 183 118 222 309 176 299 221 106 176 182 61 208 311 18 184 87 307 47 148 76 19 278 319 93 195 85 87 324 89 354 217 173 290 32 163 277 17 123 359 185 207 257 112 354 149 32 113 7 119 115 17 92 326 248 62 275 34 308 5 348 282 241 254 237 45 308 271 121 333 351 341 321 70 111 225 219 38 289 222 105 158 310 206 148 351 137 9 267 14 4 68 15 228 341 329 140 46 153 340 6 186 315 192 37 206 253 250 45 342 118 30 32 255 35 228 309 255 276 126 138 192 235 31 64 46 276 353 86 286 177 182 348 345 257 145 137 61 351 181 350 126 207 71 345 13 356 226 116 43 67 260 129 70 201 103 97 109 34 326 230 70 209 234 23 227 213 13 93 156 195 294 225 65 306 53 87 49 301 26 222 159 169 282 103 84 192 192 132 96 264 103 245 211 166 301 223 205 321 10 321 91 335 202 317 40 220 229 154 277 81 354 186 345 272 294 165 65 262 217 38 245 228 131 213 133 
202 181
225 351 178 53 255 217 14 345 320 98 47 86 304 259 204 46 178 64 119 6 216 11 46 159 8 55 3 201 179 349 291 250 99 113 229 95 293 174 241 218 309 297 187 48 100 126 319 270 188 253 34 99 300 177 174 314 88 182 348 201 210 159 97 344 7 61 3 331 266 19 126 152 242 275 309 78 160 164 232 161 172 173 24 68 190 273 96 227 194 291 138 240 129 217 347 227 300 320 37 8 195 35 192 229 186 131 219 103 260 64 56 85 243 288 110 338 287 67 137 285 174 251 266 2 94 17 311 276 358 216 99 186 227 317 95 11 52 203 251 182 203 69 148 317 37 8 290 123 14 5 107 220 64 211 146 204 63 185 269 14 338 205 342 257 58 347 60 64 242 222 171 100 140 109 247 11 203 74 114 158 42 334 309 135 16 322 295 84 234 166 124 182 314 157 249 176 114 80 328 199 102 24 
283 133
242 163 153 188 318 234 285 179 54 214 112 63 101 51 59 277 7 359 28 236 3 149 70 62 206 212 204 128 191 46 262 229 153 79 162 333 4 141 304 313 315 262 136 193 89 165 138 36 24 127 81 62 249 51 97 357 209 298 18 65 28 19 200 276 238 56 149 243 6 140 165 52 319 265 29 175 348 33 107 291 218 305 354 220 26 50 134 172 59 338 238 76 252 16 129 312 254 174 335 53 287 322 111 40 79 134 350 58 77 221 15 238 86 90 298 212 140 200 356 122 25 269 192 38 141 105 42 68 252 74 79 1 280 67 359 220 39 121 312 228 315 135 267 288 101 357 127 269 293 84 145 247 190 35 271 281 47 256 85 314 293 225 221 326 84 152 325 43 165 352 108 232 148 43 176 146 58 141 339 298 162 331 127 319 29 17 321 46 44 294 240 134 263 219 97 49 186 187 95 149 246 291 183 313 273 24 7 300 203 19 168 214 257 134 168 149 191 177 177 196 94 102 168 353 210 215 260 14 310 275 263 132 123 101 243 42 241 61 215 35 187 14 341 317 43 191 183 343 165 153 237 310 288 339 298 137 219 300 261 295 126 193 84 58 307 232 216 105 264 255 328 195 336 97 291 235 157 148 341 276 179 173 164 
41 234
77 123 353 221 49 153 113 168 284 312 187 190 78 36 185 253 44 184 163 183 99 183 19 348 279 157 119 96 325 146 108 241 246 93 210 46 151 330 170 35 286 
337 187
347 30 282 40 276 336 333 93 254 125 359 207 110 308 153 18 99 23 241 6 274 346 207 123 122 198 195 359 225 165 296 122 294 204 8 332 61 159 244 116 79 51 60 59 75 306 249 130 50 346 116 127 67 123 81 253 48 100 112 185 14 305 241 38 346 276 218 63 300 186 240 34 28 1 147 300 239 96 195 145 81 25 181 97 241 10 74 85 11 249 281 346 185 280 318 75 40 331 281 261 207 116 261 128 92 208 104 126 95 153 183 219 266 61 179 76 139 163 232 172 314 92 320 54 79 11 160 283 61 36 42 76 50 12 224 186 169 252 265 26 167 171 335 319 165 244 351 277 29 247 235 169 126 328 261 354 204 275 307 165 87 124 224 100 57 47 78 287 88 269 301 119 35 168 309 161 229 10 169 219 244 152 107 281 272 117 300 297 3 116 282 245 333 25 351 73 335 124 323 31 260 269 252 320 176 146 226 174 41 255 238 165 218 295 0 42 129 24 70 269 140 45 320 349 24 237 242 168 273 18 139 71 216 284 70 293 280 282 209 172 269 136 55 212 323 162 2 36 64 128 12 295 137 190 227 141 190 148 110 135 4 175 169 37 316 113 206 300 45 253 326 52 149 121 250 48 63 346 98 89 210 124 247 133 31 193 310 6 233 358 216 206 92 303 123 99 355 148 282 84 60 67 347 220 267 64 199 29 84 136 332 141 166 249 146 59 200 168 120 0 184 184 105 47 215 351 50 211 168 268 267 76 96 356 142 182 315 
160 18
355 136 164 158 79 337 21 321 153 276 108 58 103 263 328 172 0 318 95 279 269 223 87 172 299 208 307 209 54 29 294 63 209 257 47 350 62 273 265 223 357 264 350 240 63 11 251 136 142 297 74 188 293 55 13 302 290 43 129 343 231 296 86 207 284 118 58 130 323 355 8 106 74 22 3 155 32 285 194 72 24 295 108 288 305 96 230 159 236 323 220 179 235 49 235 306 355 272 307 256 315 325 351 40 39 211 307 94 251 251 221 73 103 0 19 59 87 287 284 67 158 216 295 180 308 70 161 76 81 359 254 243 203 347 10 161 261 268 315 255 275 39 322 285 97 101 258 80 16 56 252 37 13 40 46 345 240 115 161 264 
358 289
12 49 260 2 67 314 264 125 336 111 348 89 226 136 149 332 269 196 38 161 153 316 157 183 294 265 160 113 59 253 188 314 269 207 43 14 26 244 24 197 47 228 240 0 157 336 43 352 181 135 238 300 281 348 255 265 193 194 53 349 55 5 339 0 116 77 156 352 19 100 223 317 5 45 26 159 245 268 188 232 263 274 325 27 88 130 274 199 41 154 287 123 352 216 103 196 185 175 141 91 12 279 71 296 101 294 246 230 228 51 325 64 133 106 335 280 329 267 182 254 350 298 52 301 92 301 318 273 150 357 94 346 254 350 153 301 318 198 77 96 17 81 59 5 342 101 226 353 304 346 55 1 59 60 319 233 22 13 197 288 172 65 42 41 49 183 224 258 220 182 320 266 232 339 244 356 197 218 177 293 285 78 20 122 263 40 138 236 131 75 232 247 260 70 157 278 28 170 241 1 325 155 251 97 146 252 218 20 329 26 334 19 176 225 71 256 205 190 152 246 295 3 94 303 264 185 80 279 53 227 183 19 184 292 317 84 317 254 28 261 337 331 324 181 211 212 144 36 239 219 142 203 85 283 217 350 241 298 237 256 6 246 261 346 304 211 205 270 125 73 108 264 5 251 99 210 291 142 165 319 73 52 119 278 270 180 337 171 109 169 277 316 134 147 132 195 141 221 18 167 181 151 226 68 174 330 51 203 322 191 312 265 102 198 287 126 232 217 118 33 173 178 5 198 246 331 61 171 264 346 191 155 354 289 112 211 203 267 196 356 326 232 159 71 348 3 218 42 4 307 88 194 321 306 147 27 359 17 
294 252
128 223 280 311 262 38 69 24 297 231 6 321 113 122 96 129 334 148 284 278 273 198 169 10 112 322 207 83 61 270 30 69 76 277 206 186 285 123 57 221 190 221 174 199 134 318 176 113 76 314 274 169 310 278 70 17 80 337 40 62 145 304 137 133 227 210 52 190 321 344 116 5 281 10 247 245 222 174 117 200 190 121 138 195 195 34 111 46 128 132 31 154 22 55 231 64 202 80 298 41 265 345 146 265 17 196 276 161 252 349 334 277 20 101 218 94 325 16 352 38 162 18 6 227 176 205 17 118 33 124 240 7 20 276 301 43 19 24 305 11 105 218 154 174 4 268 4 83 238 265 239 68 269 288 99 235 90 333 28 73 277 278 138 259 351 228 266 164 155 156 148 90 76 151 304 66 215 77 118 250 120 134 9 25 56 255 336 141 247 335 208 261 303 102 220 270 170 155 165 84 250 238 296 245 183 317 229 250 351 153 314 96 196 266 64 262 332 179 30 33 201 323 169 317 199 240 120 342 287 122 354 328 196 95 322 351 156 2 223 329 337 216 333 279 57 321 38 343 342 121 20 245 117 335 265 203 343 95 351 49 171 8 82 97 351 252 338 85 184 137 127 125 276 135 63 289 173 165 5 267 173 107 358 210 118 109 220 9 337 57 241 43 114 310 
306 212
119 57 78 197 61 182 9 316 303 291 122 90 276 291 150 86 122 126 211 154 71 47 136 268 237 331 18 69 87 347 13 120 64 185 246 307 250 211 87 3 45 327 118 67 270 293 343 234 101 33 250 1 183 42 306 123 129 182 234 187 111 30 229 311 312 92 11 46 305 201 128 265 232 263 259 47 175 318 135 337 5 51 263 185 61 26 243 166 312 226 19 169 7 303 329 256 143 29 193 333 14 344 128 198 115 63 152 179 340 88 37 307 341 54 277 327 228 83 329 292 204 261 171 0 200 270 210 324 167 7 184 4 224 181 201 166 197 278 167 345 322 216 354 17 294 9 258 133 19 124 65 53 102 92 24 251 266 335 148 218 239 117 47 297 354 87 6 327 185 173 32 74 101 320 228 69 259 196 74 177 228 190 355 338 139 121 235 294 11 229 144 39 240 341 127 307 336 191 168 117 117 281 286 194 100 106 323 258 152 309 79 166 21 268 188 48 317 117 283 287 151 343 354 236 271 249 241 195 211 332 168 150 95 165 292 89 266 110 233 252 91 293 208 231 304 328 77 283 11 214 75 126 166 149 150 25 326 133 78 35 64 38 153 304 139 189 52 0 28 102 43 59 258 219 74 69 122 81 181 31 87 231 64 359 86 333 33 319 2 253 86 263 45 235 14 347 233 330 325 333 151 345 317 226 323 117 
322 211
275 330 118 53 47 294 85 21 179 210 247 332 89 119 330 41 193 331 24 339 50 113 142 152 0 116 264 322 116 119 59 280 18 346 278 252 26 63 117 3 211 351 287 252 343 305 3 130 145 292 170 132 116 201 35 336 178 58 33 162 67 9 353 137 328 153 336 27 339 153 224 122 346 335 317 319 74 57 169 11 48 88 35 71 30 204 172 56 343 85 306 242 224 135 65 346 347 105 172 288 69 53 84 326 76 141 305 105 276 27 178 252 97 169 338 331 101 229 285 232 232 314 356 50 8 57 21 279 18 332 276 28 240 343 118 128 274 265 207 182 298 173 86 179 130 29 177 192 353 301 352 3 324 303 245 43 80 140 352 315 141 231 62 64 331 187 95 237 359 127 185 298 334 168 166 282 144 28 161 38 222 257 57 263 168 250 299 301 199 338 191 164 217 23 99 292 346 11 312 157 234 93 44 339 257 204 2 286 170 24 19 193 123 26 292 236 181 282 217 111 83 180 199 321 117 293 326 244 166 21 206 232 73 218 42 300 140 15 100 65 344 22 15 114 121 238 215 358 171 140 206 217 358 86 227 334 320 140 65 348 146 4 47 280 352 64 141 102 341 336 209 90 253 110 261 303 173 95 198 166 2 319 129 169 216 113 266 87 78 42 325 301 226 215 158 139 223 349 185 152 173 211 73 239 351 125 65 40 296 318 0 274 242 10 151 239 190 285 114 291 343 313 
311 231
321 134 84 277 32 227 326 313 326 201 308 188 157 145 202 34 25 304 26 355 33 116 355 70 318 6 348 263 272 70 116 325 88 104 32 183 240 62 279 306 267 312 257 152 273 186 269 236 248 330 310 14 24 336 184 228 327 58 2 73 262 163 47 85 16 347 313 39 354 133 358 180 211 28 318 252 240 211 310 328 112 68 28 292 151 225 282 271 275 127 135 226 250 19 233 180 119 90 214 179 206 346 109 292 170 89 230 306 300 192 265 280 294 84 226 318 354 87 38 73 336 143 118 56 106 145 17 62 89 3 198 263 246 305 170 283 169 283 128 19 247 69 198 83 82 72 345 347 239 330 39 107 269 5 65 164 344 0 41 187 310 313 152 111 127 150 297 142 134 139 192 74 103 198 77 147 248 221 16 43 312 341 292 233 336 188 53 254 222 276 231 327 273 41 303 198 286 141 174 341 166 99 249 73 270 248 158 334 51 117 229 50 76 89 320 332 142 133 263 242 249 29 160 186 20 41 127 85 64 315 70 198 97 315 159 294 60 334 224 160 310 278 141 43 12 289 38 36 112 112 116 154 313 235 24 228 158 278 286 68 91 53 310 333 248 102 318 326 141 99 319 242 51 336 289 11 84 92 291 198 25 149 305 298 93 33 83 136 200 259 229 272 215 106 190 356 160 260 116 21 253 313 43 178 226 39 210 241 24 109 318 
224 221
182 17 93 286 253 317 337 334 79 288 74 91 197 258 233 73 173 318 253 117 346 329 10 131 256 182 313 58 215 349 339 10 137 168 111 205 208 203 24 275 226 181 214 242 59 35 10 326 128 359 293 36 258 78 115 332 172 133 86 161 152 124 357 122 319 118 145 171 18 161 197 29 124 85 182 152 229 309 307 24 98 193 35 157 143 158 189 124 17 295 46 145 218 19 62 95 39 3 275 198 167 265 152 158 261 33 261 222 91 260 278 224 274 52 187 45 351 70 268 267 259 277 270 37 104 124 81 167 350 114 314 335 6 329 291 175 319 172 323 20 3 13 126 308 98 145 185 308 276 60 67 286 205 335 231 150 222 12 146 245 41 243 208 4 221 65 179 178 201 16 222 285 84 337 67 345 106 201 341 161 286 274 162 159 239 273 166 4 144 199 205 120 111 134 223 102 225 36 339 355 43 109 261 178 249 152 25 278 40 61 350 149 310 111 351 335 179 292 304 174 159 13 331 37 
199 148
135 144 29 320 192 82 109 109 120 104 164 287 3 206 250 184 126 354 136 51 245 222 347 299 281 67 187 34 67 29 6 186 2 349 303 286 167 310 54 288 37 29 329 70 19 42 109 329 305 231 326 138 233 277 64 120 103 76 325 163 177 86 185 125 20 108 356 283 169 305 325 246 299 182 185 297 300 334 310 252 266 176 216 19 131 249 52 248 231 315 25 276 15 48 232 263 201 80 295 176 359 289 226 61 127 2 220 230 86 220 236 82 157 198 241 326 228 48 37 25 126 240 39 138 181 250 327 234 140 15 271 42 141 191 355 287 77 35 292 303 56 331 274 173 79 110 133 272 334 230 89 314 148 350 175 343 130 351 158 146 233 157 217 58 34 188 72 15 24 214 206 309 319 255 175 134 27 234 190 307 313 337 36 145 0 226 3 266 127 333 101 192 96 18 62 262 35 280 40 
162 219
125 300 218 75 297 326 257 113 118 178 7 259 244 174 180 179 108 30 327 201 101 207 183 82 94 223 235 128 136 316 190 317 4 150 131 143 22 312 151 192 35 54 241 355 149 47 241 98 130 296 218 106 305 186 123 226 286 288 227 37 2 89 126 19 65 112 49 288 116 249 122 205 294 219 336 216 314 214 141 281 13 220 134 266 133 227 277 292 350 226 204 137 129 157 114 29 172 75 303 352 295 207 310 325 89 73 270 262 186 193 206 224 46 194 141 79 273 76 178 159 202 45 99 40 198 110 42 87 331 91 294 303 169 302 140 198 13 230 113 73 52 101 223 21 170 34 253 147 214 350 4 82 157 145 164 17 219 169 189 326 264 135 
282 92
289 29 205 65 343 212 97 113 184 271 16 36 250 155 301 76 175 108 275 79 199 165 63 7 287 117 143 98 247 63 329 343 49 1 145 162 274 262 192 191 104 164 282 21 297 123 41 199 146 29 2 73 345 340 278 258 333 114 95 100 309 191 60 18 95 2 318 102 14 1 38 347 179 81 232 85 246 17 278 104 318 233 135 216 261 320 271 114 236 249 32 230 338 155 68 13 229 294 257 278 347 149 166 107 300 143 135 33 3 323 18 32 159 315 35 181 2 293 129 301 20 99 11 301 343 8 128 216 187 120 226 193 183 342 179 18 77 315 195 202 38 10 191 179 317 27 227 209 190 195 287 146 213 259 214 27 285 34 16 5 195 109 228 83 162 319 58 26 222 214 331 73 352 144 313 332 306 165 121 303 175 342 213 344 343 104 108 105 44 268 347 88 23 252 31 113 304 4 124 202 196 104 259 290 285 251 269 334 190 73 21 48 304 328 206 30 193 359 225 34 83 49 146 22 99 23 236 219 143 113 96 170 190 333 252 168 190 164 350 223 347 40 292 93 138 13 318 93 33 331 93 349 209 189 104 184 328 72 293 297 25 30 262 313 115 143 300 108 297 146 339 291 92 155 268 267 229 204 175 63 240 230 
334 301
71 270 243 161 241 25 259 124 346 155 174 325 234 56 214 346 164 280 9 324 111 28 40 265 247 294 50 216 186 180 19 346 56 243 199 176 121 161 11 109 256 195 49 157 205 255 11 282 152 233 196 182 101 321 330 340 184 209 308 65 136 47 353 83 279 241 273 79 160 268 220 322 23 115 121 113 79 192 182 197 352 297 198 329 21 339 263 212 178 343 164 289 152 205 160 344 261 100 21 121 193 35 238 44 122 71 339 36 8 207 195 170 176 255 99 209 348 222 30 315 306 258 250 313 210 301 205 96 265 122 354 280 256 256 81 35 112 188 159 344 39 212 120 273 201 302 191 293 164 91 284 334 300 165 47 107 299 223 346 122 262 203 171 114 316 278 108 14 160 95 36 197 313 195 257 172 179 21 322 229 175 235 210 356 206 210 182 267 45 36 233 203 224 40 166 161 172 45 321 323 32 259 272 148 186 292 295 98 39 45 125 187 347 332 233 238 86 329 228 141 341 349 331 240 9 199 181 329 191 303 149 272 315 174 214 195 248 343 144 356 323 227 32 318 133 55 332 95 170 88 291 28 195 335 284 272 354 289 78 23 242 272 128 28 150 194 226 347 252 186 125 191 5 310 309 5 346 111 131 145 85 102 93 275 161 252 167 351 234 174 154 226 135 186 108 276 50 98 159 19 70 121 26 225 283 325 324 82 313 125 352 220 114 221 308 176 45 358 309 338 273 6 240 78 339 245 315 192 234 167 327 227 344 182 
75 350
275 219 303 273 357 126 346 122 276 241 27 135 264 129 56 244 64 335 241 165 339 214 235 349 318 354 302 112 246 8 81 256 225 317 307 0 239 42 97 100 90 50 271 286 253 230 135 216 74 320 174 165 69 208 291 70 7 77 31 353 134 91 168 66 94 151 277 245 53 235 298 216 146 293 206 
255 215
350 197 193 191 246 316 214 90 58 354 214 17 3 35 229 183 98 31 156 287 52 59 219 53 231 17 45 138 195 37 237 270 107 233 281 254 123 231 27 57 299 141 132 66 41 116 184 269 111 131 117 148 281 13 117 226 16 43 268 29 285 70 267 356 169 227 263 321 247 250 325 334 211 147 301 228 164 283 264 321 289 1 211 25 264 333 24 197 6 2 340 8 274 130 152 198 37 127 148 216 133 150 71 121 154 108 345 150 188 64 146 12 344 13 56 68 300 252 156 149 173 173 163 284 51 330 250 63 129 228 345 232 166 288 266 113 296 219 164 220 29 31 73 247 58 142 50 141 226 104 137 217 185 35 191 257 68 281 149 332 344 282 241 66 109 219 52 272 137 293 161 98 78 132 221 87 281 221 128 356 71 205 153 29 254 133 188 228 22 271 326 219 51 108 52 5 327 253 145 92 203 12 293 0 83 11 220 298 309 204 114 327 223 75 302 355 15 76 319 6 103 290 304 266 177 183 330 47 340 165 98 322 282 306 128 177 176 229 111 322 134 245 174 278 324 85 275 144 31 148 71 189 167 261 184 
228 301
75 3 89 134 332 345 94 310 1 65 91 25 148 324 37 163 264 144 237 114 182 295 227 49 239 202 229 352 150 94 212 122 298 313 53 198 190 287 193 262 174 350 77 82 284 242 333 352 267 309 101 350 97 110 281 237 323 225 260 314 323 156 257 312 67 240 317 109 140 16 167 94 312 223 49 78 44 125 23 110 350 34 180 297 89 0 262 311 208 302 129 240 307 254 54 342 228 157 98 108 159 257 64 357 161 150 19 146 278 34 97 192 328 338 269 53 335 9 200 25 336 40 77 92 80 97 46 114 329 294 262 196 183 65 339 118 301 242 28 15 357 298 238 239 220 312 202 338 199 344 275 127 117 350 228 114 276 314 183 207 280 78 50 215 79 94 348 34 52 129 43 9 304 44 91 92 92 143 69 167 140 27 172 261 344 238 354 116 183 273 25 259 311 311 240 67 184 43 69 283 290 290 96 17 130 218 34 318 311 101 359 312 30 296 28 16 334 12 149 55 27 12 219 353 210 148 123 223 
230 115
315 13 6 278 193 158 226 107 45 291 206 15 142 77 145 26 350 163 45 275 301 71 109 178 336 171 95 164 6 7 107 171 102 17 212 324 92 240 123 105 140 354 171 195 354 182 292 280 238 160 328 300 218 35 95 239 132 194 338 47 141 87 304 56 15 2 204 333 119 201 270 15 231 156 273 143 333 170 43 348 183 29 237 215 318 198 155 37 68 208 114 142 174 101 270 213 181 216 281 221 192 322 320 348 179 279 51 193 243 91 337 353 36 81 318 89 198 319 51 315 68 313 264 344 230 259 94 210 288 128 244 245 297 260 53 108 36 7 186 219 193 230 122 245 254 131 134 179 4 96 264 45 84 10 293 6 62 246 310 169 155 146 204 352 131 121 120 113 69 315 260 191 235 279 150 301 118 250 178 219 214 161 315 279 231 254 73 103 16 299 66 24 143 143 91 238 251 128 107 164 234 301 229 342 57 81 120 186 295 186 106 28 85 49 14 299 249 70 261 297 169 203 177 349 4 10 149 309 2 30 
337 308
197 95 352 74 347 248 100 19 171 78 336 335 53 226 94 264 111 292 198 329 41 309 47 245 60 175 215 260 284 57 0 287 350 62 14 130 175 313 301 304 267 189 4 307 286 358 106 258 71 82 0 222 36 78 119 311 264 106 227 101 188 40 52 197 7 293 153 210 179 273 177 55 56 98 191 317 182 131 241 116 86 290 154 238 209 300 282 190 94 287 316 99 202 32 147 29 138 97 215 1 333 129 78 204 221 203 334 219 176 65 317 228 57 107 65 221 209 346 214 17 351 137 339 225 355 2 192 200 312 277 214 56 253 291 281 204 282 228 299 109 291 291 188 349 112 320 124 82 10 107 160 310 130 236 327 241 338 70 11 336 151 88 359 257 79 131 305 253 127 141 90 241 253 198 47 338 290 53 332 345 144 62 252 29 167 180 168 254 295 198 119 71 114 104 278 326 193 136 94 96 81 71 133 237 86 215 16 291 99 126 124 54 291 31 169 148 316 209 150 5 9 231 7 110 22 102 18 20 261 156 47 261 202 140 163 194 59 313 236 321 339 7 160 318 326 297 188 22 102 248 306 33 282 216 4 216 250 341 265 348 299 39 228 143 271 69 310 330 223 57 218 244 85 326 325 77 288 213 110 185 285 69 275 177 119 272 232 133 81 289 165 199 221 99 68 126 113 333 153 231 282 338 270 293 183 18 300 118 271 43 265 11 34 74 4 171 242 225 31 317 31 255 359 185 244 289 322 245 110 339 283 299 265 101 289 1 167 
117 333
175 269 354 78 13 240 104 231 103 90 282 246 33 158 299 165 254 226 330 91 87 314 119 146 11 20 187 172 354 248 293 133 116 59 183 309 46 129 312 7 178 216 121 44 52 153 9 107 226 147 7 248 17 255 288 107 161 179 298 167 135 321 330 2 196 279 128 267 319 199 305 76 61 44 228 198 129 215 247 280 38 127 281 133 344 269 158 268 29 203 349 137 184 316 162 327 260 287 190 204 353 45 134 277 163 33 212 310 292 354 228 58 3 140 83 182 314 
247 301
103 0 99 224 93 304 50 305 249 15 247 163 115 260 1 51 307 124 144 354 350 156 137 150 239 341 359 328 293 16 58 120 269 251 125 93 316 83 74 345 287 7 71 300 121 260 87 138 134 75 143 254 177 56 322 274 249 334 79 128 119 216 1 86 98 215 197 60 319 38 180 235 108 200 225 77 0 234 269 337 242 149 331 176 117 278 269 236 310 131 177 187 163 238 101 145 332 68 92 312 313 58 110 31 296 94 223 71 221 23 184 268 218 207 336 96 80 22 153 151 279 217 355 353 198 341 120 295 25 318 176 155 261 328 149 273 281 350 225 260 86 189 59 17 56 38 268 8 350 237 35 185 111 297 310 242 34 138 46 242 262 195 208 323 5 279 151 345 240 146 181 165 145 298 104 69 39 344 91 189 264 126 92 286 45 237 179 329 227 182 309 291 236 291 107 250 309 222 167 330 169 337 185 17 137 44 141 256 61 326 164 225 130 96 61 163 206 182 281 35 113 104 189 162 12 251 71 248 52 183 184 50 239 330 89 20 70 209 184 76 82 284 223 323 63 50 64 
124 229
82 317 69 50 38 239 347 230 170 99 346 272 117 47 33 8 206 97 52 44 194 282 330 271 336 5 330 349 253 75 13 304 263 70 354 352 71 35 119 297 32 314 46 102 341 140 120 166 10 334 76 350 287 1 94 96 231 315 344 313 223 251 196 241 218 154 138 149 207 187 348 325 110 104 227 197 205 79 307 111 81 87 251 299 171 341 289 342 328 258 112 224 254 273 300 268 315 290 9 277 144 167 148 179 98 93 10 245 87 239 8 333 225 140 91 95 112 1 68 210 292 304 62 270 
38 60
207 336 166 61 71 332 81 185 185 357 140 188 68 227 296 309 312 256 224 301 184 128 280 296 260 91 354 329 18 108 204 86 27 153 322 270 64 148 
265 227
114 328 99 304 1 159 233 341 271 45 276 328 60 112 135 192 276 130 287 234 245 166 195 183 175 10 346 59 110 161 181 196 293 18 1 230 250 68 228 92 109 246 128 249 305 87 97 76 180 221 233 81 216 142 117 64 202 55 67 154 114 37 37 71 251 144 54 325 151 247 285 238 82 223 267 336 244 121 45 25 157 243 9 12 161 338 315 124 197 15 26 160 345 59 87 20 330 308 205 93 121 248 72 239 65 94 73 141 294 279 235 192 140 14 277 129 293 113 218 38 126 98 80 295 5 335 55 123 61 344 344 164 2 208 148 103 44 27 263 14 11 234 88 332 291 291 76 151 212 74 112 49 235 159 79 254 177 333 260 273 147 82 256 209 205 247 314 301 244 62 322 74 243 3 183 214 114 193 98 151 287 20 168 181 121 113 339 34 145 224 38 12 326 318 307 59 67 55 305 220 146 321 250 15 312 72 19 78 166 293 209 310 273 166 87 135 333 290 329 340 44 215 39 265 302 327 132 346 94 43 271 129 199 272 273 347 203 310 137 321 131 211 61 339 142 111 115 256 306 126 106 293 142 294 31 329 48 180 72 171 94 284 349 39 268 
7 334
353 215 11 7 165 159 25 
174 164
233 8 126 41 331 359 344 93 66 312 187 46 2 180 2 310 237 324 196 164 103 82 83 77 220 212 54 173 352 203 321 76 216 52 63 222 87 168 44 264 228 243 91 98 120 343 263 63 184 39 283 126 294 146 266 172 265 234 91 277 183 104 114 23 92 352 55 181 233 206 103 25 56 225 109 264 291 337 189 284 125 260 169 239 15 139 359 149 53 358 341 73 354 278 20 345 338 66 64 171 35 334 190 223 95 33 157 235 155 322 340 354 151 231 152 106 195 109 87 254 306 5 154 61 13 32 358 17 286 231 243 277 208 164 39 317 50 207 144 80 286 86 52 112 341 191 318 334 156 298 254 192 73 10 329 7 100 280 266 131 199 170 286 335 150 50 48 28 174 133 170 161 37 174 
218 198
171 69 122 107 258 128 266 41 201 131 134 271 21 1 6 189 20 197 39 312 327 166 232 200 303 121 283 158 229 307 188 57 324 255 102 114 233 91 49 240 261 80 150 25 263 231 282 116 162 335 57 122 111 190 239 229 223 146 18 227 236 314 289 134 66 85 83 89 122 98 69 242 304 269 79 95 352 103 333 261 336 274 31 133 33 192 317 297 356 81 277 86 210 44 169 112 111 108 149 27 86 124 123 130 281 338 331 45 352 356 191 51 189 271 315 84 53 132 40 49 13 227 165 45 54 239 219 287 294 40 249 35 171 228 26 83 297 56 346 246 278 283 71 236 357 223 318 21 259 215 154 34 253 118 210 265 234 280 272 258 244 283 179 172 293 152 274 220 234 257 334 353 60 259 161 60 227 359 7 305 308 98 78 38 105 98 279 64 121 35 201 280 69 335 102 88 50 134 64 327 355 208 210 157 136 201 33 67 199 311 75 140 107 233 141 175 27 205 
316 31
56 281 322 301 345 291 156 180 215 13 214 256 36 348 197 283 281 160 301 244 130 328 69 355 58 296 192 193 336 110 354 75 195 131 276 205 161 332 216 2 119 139 24 302 288 231 93 319 81 300 194 242 296 116 20 72 145 110 260 240 44 203 338 50 274 97 309 36 239 316 355 300 64 130 182 252 323 63 76 170 279 250 126 327 154 34 68 275 23 236 197 240 42 236 224 146 169 24 261 169 241 188 47 150 79 293 142 253 260 202 302 305 199 22 175 86 305 250 326 265 137 27 32 43 12 16 119 136 144 96 125 14 286 3 280 260 270 107 300 212 167 208 173 62 355 261 71 158 151 3 199 33 114 213 15 353 354 318 59 133 25 225 85 139 146 108 16 78 307 359 49 287 270 234 201 162 138 199 319 21 175 300 247 104 49 33 298 359 274 313 118 163 219 318 233 151 283 287 166 351 313 293 292 200 306 152 53 96 34 291 202 191 120 145 189 224 73 120 12 244 177 108 285 114 92 181 106 175 51 359 296 198 258 68 316 250 34 337 351 87 293 223 294 99 343 101 205 356 131 277 302 103 170 189 170 171 86 236 229 24 25 255 104 51 348 342 118 67 317 351 60 10 63 143 287 93 355 298 35 306 251 293 86 111 152 333 119 222 277 213 128 158 230 12 295 186 233 243 71 61 335 235 104 20 219 298 43 285 74 130 235 305 276 343 102 239 
130 282
4 8 12 142 56 181 76 354 211 223 18 229 76 334 78 35 87 258 229 343 246 11 148 40 280 315 79 190 331 262 112 337 163 109 227 309 272 210 317 268 307 250 265 200 118 37 217 287 289 279 213 275 326 236 13 343 166 182 158 344 286 272 211 229 93 347 67 300 29 100 2 280 31 14 193 235 223 355 343 75 59 62 252 240 225 18 262 165 86 30 96 321 81 190 217 325 168 310 347 228 14 310 166 38 164 8 74 66 231 35 93 253 203 148 105 47 285 352 4 196 113 328 49 58 174 165 164 302 189 345 
66 116
239 332 254 91 151 318 325 61 333 166 167 97 301 314 341 80 168 22 205 266 231 62 216 108 188 226 46 178 300 69 113 9 172 192 48 134 277 336 217 100 17 224 156 61 252 221 316 338 309 318 212 283 82 23 339 79 281 223 316 176 305 169 155 8 97 319 
224 293
290 97 76 307 300 176 143 274 194 355 17 326 18 111 236 7 140 349 132 299 228 4 109 208 131 195 303 67 190 343 197 106 313 206 332 63 82 21 299 37 322 201 154 165 94 49 329 262 135 94 292 335 356 14 265 30 182 275 213 162 46 285 235 214 67 351 128 160 143 31 122 266 115 328 61 99 347 230 99 239 167 21 115 345 177 20 113 313 155 343 286 341 157 275 124 214 256 234 227 250 205 255 265 151 324 178 229 216 80 334 160 128 267 109 327 225 332 103 131 257 89 318 94 336 310 107 212 38 159 135 157 176 359 273 135 49 203 103 195 5 290 307 7 55 88 6 123 193 159 33 202 89 273 168 11 94 143 249 13 31 351 213 209 317 77 139 269 157 218 82 298 3 183 151 62 343 49 218 295 221 195 251 189 142 352 341 254 103 245 133 106 50 332 101 157 191 49 351 71 22 273 345 226 95 23 84 130 320 224 337 327 267 199 72 118 169 59 259 312 23 105 243 60 177 
349 320
14 6 290 133 117 23 47 90 269 279 252 229 249 181 270 102 315 256 300 222 271 62 12 356 170 2 225 167 143 263 91 173 197 192 84 57 92 3 243 359 126 84 297 275 308 212 122 55 221 153 233 333 124 216 91 350 65 71 304 74 359 37 221 297 274 300 264 201 96 24 231 168 8 20 7 346 274 232 321 206 311 248 337 347 331 279 294 149 252 282 209 312 209 17 171 334 28 270 259 194 196 84 209 131 322 185 109 57 2 110 171 83 133 56 82 179 69 19 178 48 207 248 356 90 355 135 287 123 144 242 181 333 334 153 246 14 8 8 127 134 292 148 29 54 345 346 309 202 225 52 227 252 26 349 141 323 76 315 77 23 103 262 136 347 65 275 244 320 136 155 285 107 69 341 240 164 32 50 2 124 99 66 352 143 2 165 212 83 254 24 275 45 323 136 67 46 295 351 131 141 31 138 226 319 331 11 45 289 291 53 281 30 161 232 76 67 237 8 110 40 72 351 61 144 166 174 48 29 188 96 239 9 263 242 91 104 61 293 40 278 170 263 237 136 232 247 74 38 192 171 262 70 288 36 228 339 232 345 182 157 32 221 19 227 271 172 316 231 339 174 319 9 20 313 141 139 20 344 293 227 258 346 28 216 172 320 263 339 175 57 216 71 89 346 224 321 61 351 65 234 12 47 300 123 278 170 48 131 222 278 231 1 337 279 201 161 219 336 175 356 299 221 319 328 352 94 84 104 240 204 63 47 166 224 79 72 256 5 149 74 112 242 337 324 70 309 185 286 24 
48 25
245 208 134 47 127 16 244 104 255 119 59 128 130 275 205 336 145 338 329 256 286 114 149 210 212 47 276 153 169 271 246 186 286 119 204 41 260 266 344 179 349 292 268 277 226 215 298 108 
219 211
132 34 98 338 30 156 187 179 114 310 50 14 81 234 138 30 319 195 144 109 36 77 214 267 284 48 217 137 15 345 43 133 167 271 305 197 257 105 352 10 356 14 278 126 207 119 90 30 241 241 319 266 287 205 114 161 325 321 256 341 249 16 315 238 195 262 95 203 173 215 99 294 228 83 97 66 349 340 113 232 92 357 82 178 49 264 243 249 71 313 57 139 120 300 247 127 249 96 203 42 163 272 302 177 262 63 124 353 349 174 54 297 174 145 164 46 328 199 41 328 264 91 180 353 61 174 19 309 266 244 308 230 262 93 169 146 267 245 69 199 73 151 280 103 278 149 81 11 253 298 86 338 158 252 210 36 58 260 285 323 183 45 137 321 182 253 93 228 54 335 98 118 238 214 136 293 217 252 197 91 160 71 39 209 140 319 184 69 235 296 182 195 11 189 168 101 103 230 48 242 319 243 342 53 285 159 356 24 76 249 281 73 235 188 73 268 46 271 349 
353 314
97 116 287 33 54 177 41 99 16 12 230 292 294 26 139 48 75 0 200 234 164 235 75 348 310 339 294 224 197 293 54 178 315 276 312 335 38 24 295 78 104 241 263 30 118 149 220 346 10 289 69 56 58 190 146 340 4 183 14 152 195 317 346 44 238 33 231 77 56 20 212 237 163 358 343 131 157 121 229 120 306 235 217 235 179 348 325 158 215 159 119 273 22 0 137 258 71 89 351 354 144 272 45 78 316 272 75 126 28 162 292 178 156 45 64 177 354 329 105 66 340 115 296 172 97 93 284 226 237 91 297 24 354 348 303 168 165 71 136 50 246 302 181 43 317 130 297 287 197 223 210 156 130 192 235 102 167 123 323 83 32 354 8 30 342 202 143 236 165 23 154 343 173 326 203 327 265 271 201 55 172 98 229 30 123 23 31 342 51 270 216 89 32 308 326 234 336 127 270 266 201 316 51 290 250 219 206 49 121 31 226 300 185 68 114 323 13 330 4 258 77 320 107 27 75 61 298 172 269 227 216 235 278 20 99 339 136 206 56 99 325 130 278 112 349 115 311 20 193 352 148 105 265 2 75 47 71 154 295 13 294 100 107 103 90 92 9 121 346 186 306 11 46 247 269 127 205 305 238 11 356 237 81 199 184 162 161 217 180 336 0 22 309 156 194 197 242 16 306 26 235 3 193 278 329 48 220 206 159 336 333 167 63 53 110 323 107 13 269 72 48 305 128 230 157 95 7 353 213 121 98 72 57 302 261 5 284 99 312 290 112 330 106 112 225 307 181 315 29 43 234 160 249 
338 72
203 32 267 246 143 303 123 148 185 57 294 121 108 317 66 350 86 123 83 342 6 353 122 89 311 29 358 156 155 143 70 102 186 189 7 288 312 242 298 247 145 257 267 28 248 197 120 70 97 114 144 137 152 355 92 180 143 40 220 63 34 51 349 302 290 52 317 292 67 313 163 322 356 59 143 33 152 261 25 208 9 209 163 223 113 328 302 248 151 250 168 94 335 290 2 184 174 186 100 201 171 34 262 204 286 59 217 80 268 47 292 277 336 348 113 340 55 327 218 180 252 53 123 313 0 63 190 89 236 230 276 279 183 76 86 273 228 319 99 148 195 334 172 181 153 189 120 120 99 312 235 31 119 155 261 304 174 121 189 88 50 308 89 93 154 10 294 45 213 77 334 53 187 102 278 103 127 23 57 188 215 317 94 81 126 89 346 17 354 274 339 34 25 198 189 308 198 80 108 310 33 164 260 92 314 271 282 270 213 315 93 308 305 73 99 309 183 178 93 171 171 333 122 25 28 340 218 305 308 194 273 256 153 224 287 127 333 270 224 280 320 115 221 312 171 146 192 91 151 343 346 193 339 211 85 297 271 34 188 28 85 155 328 7 145 285 61 110 167 186 300 98 260 221 166 72 63 114 211 156 266 130 303 317 221 107 40 116 176 289 236 92 132 190 307 40 40 79 73 125 180 259 312 60 265 173 107 241 15 308 75 32 324 357 203 4 152 355 155 288 75 76 79 134 288 274 90 218 148 273 358 284 159 264 169 117 316 28 
169 355
336 167 49 180 320 34 120 320 36 24 222 248 257 35 134 260 103 41 328 70 346 44 35 60 296 41 294 356 151 107 73 311 246 39 315 98 122 145 66 237 125 114 171 264 12 41 120 192 139 88 159 192 330 147 354 204 277 208 98 312 20 306 75 188 147 38 82 152 252 227 205 254 30 320 348 77 228 34 211 92 205 301 320 317 30 104 351 154 340 205 64 18 175 53 249 81 282 109 296 252 73 255 99 334 275 222 178 252 337 241 153 294 217 189 273 311 179 187 45 26 237 28 23 60 329 64 65 304 1 157 241 327 9 58 265 203 276 140 117 97 107 121 265 201 56 310 11 30 75 46 337 228 93 282 79 335 251 101 188 312 79 237 304 134 188 210 182 359 137 
13 212
134 252 88 195 99 227 341 203 277 172 89 18 29 
100 96
21 53 161 12 172 94 128 166 87 126 193 89 354 217 125 208 49 190 341 234 63 271 337 275 139 279 29 198 259 229 359 172 312 25 13 235 242 48 134 56 134 313 162 218 294 93 261 225 134 61 151 130 197 315 196 289 128 210 156 27 7 13 296 183 152 199 260 161 330 342 31 235 7 255 67 222 331 356 257 105 223 340 359 170 45 72 144 142 152 216 21 322 70 148 339 184 264 198 293 84 
10 71
190 181 357 131 78 26 295 42 261 27 
63 194
272 343 201 88 153 211 145 71 91 78 339 186 267 132 155 106 63 3 155 163 175 306 106 44 188 344 6 304 231 283 294 98 167 222 187 265 138 7 159 295 204 60 275 84 273 248 297 17 261 174 11 237 59 200 301 168 64 271 350 139 321 286 236 
239 71
298 249 261 306 176 311 224 316 139 268 233 183 187 154 171 184 80 179 72 74 191 50 150 185 237 123 80 230 229 274 8 324 60 32 112 228 101 232 29 284 328 164 255 151 100 322 343 90 258 359 284 244 34 250 179 46 219 336 131 351 235 51 258 318 290 197 155 38 77 141 191 166 330 64 221 239 178 44 163 169 181 4 15 75 255 8 237 137 147 264 359 41 72 317 197 52 229 298 220 192 357 4 355 198 227 104 67 55 86 223 30 142 12 226 232 312 238 39 23 26 0 237 83 92 8 151 187 184 334 137 24 134 26 85 332 128 211 117 348 169 46 324 198 58 359 64 228 227 121 155 236 153 97 256 339 341 21 344 345 96 151 172 69 276 43 223 51 312 359 199 342 67 342 34 225 136 159 149 132 209 301 38 209 119 96 323 54 60 222 278 166 213 257 251 138 195 17 65 62 278 128 69 263 203 210 36 200 4 189 78 69 316 221 328 272 144 321 93 358 99 341 285 90 33 143 6 181 236 329 47 213 40 277 137 357 166 168 252 351 
305 114
277 333 50 338 199 235 297 162 214 174 230 244 268 133 119 231 261 158 153 100 340 310 229 247 236 16 164 108 316 357 275 88 228 267 117 281 208 106 276 318 32 46 42 208 76 336 170 67 270 161 124 242 54 164 249 205 110 250 331 321 313 237 245 28 126 27 343 151 34 274 68 135 163 254 29 181 104 9 281 308 193 185 127 51 86 134 232 265 316 64 358 335 128 212 255 42 156 81 112 8 264 124 302 327 169 300 66 248 215 76 64 195 112 60 237 110 307 169 255 334 193 329 335 262 53 259 335 8 228 34 175 170 198 54 54 201 261 187 101 181 141 23 323 319 72 216 270 308 270 312 218 318 163 154 230 216 218 311 306 332 235 181 205 299 10 199 116 10 142 223 164 53 152 214 198 16 224 298 57 1 207 108 110 327 21 204 262 126 10 15 177 30 298 321 335 73 343 18 91 62 134 132 199 93 85 218 125 126 278 98 253 297 321 19 255 317 200 137 225 323 295 149 311 54 296 225 100 340 60 231 27 152 354 338 257 168 208 53 79 11 59 159 356 70 326 132 73 25 37 76 271 274 296 21 45 130 149 333 81 291 69 236 59 33 232 279 80 326 239 21 202 26 103 16 319 140 182 166 199 144 146 138 278 112 323 162 103 304 36 131 145 99 160 321 342 200 8 105 122 37 97 333 285 254 144 
77 211
154 217 263 113 215 350 106 110 56 105 231 337 264 278 247 201 228 68 258 286 82 69 85 33 258 177 170 134 72 35 58 151 249 83 197 310 144 304 101 177 50 32 354 79 136 355 252 64 63 55 125 235 156 195 34 222 140 90 131 164 302 259 207 96 127 218 182 11 234 33 189 50 118 72 332 332 37 
186 59
228 33 229 2 222 247 106 89 140 126 294 88 330 92 354 256 60 30 251 326 86 344 88 165 132 286 357 315 77 137 298 340 6 332 67 45 256 29 185 150 129 32 180 165 279 167 239 322 221 126 202 32 96 318 244 183 169 31 245 26 205 323 196 183 108 252 83 251 235 227 308 30 250 163 41 169 91 275 128 11 287 228 161 91 210 128 201 239 288 210 214 301 5 144 314 71 85 28 72 211 321 30 47 328 29 196 48 290 21 324 117 112 242 84 102 99 104 302 201 24 37 186 226 284 96 49 214 65 133 101 40 37 33 54 171 83 91 232 43 34 162 248 305 11 297 321 196 3 302 189 313 263 269 266 11 130 240 299 219 274 150 343 264 118 215 167 31 348 31 299 160 289 238 292 32 133 340 98 94 86 169 53 76 235 103 337 
86 51
320 318 29 12 128 10 69 23 135 10 25 353 231 236 326 87 301 323 138 63 242 107 263 67 309 246 61 352 130 51 337 292 66 257 283 310 60 90 154 0 274 30 41 228 319 274 71 279 333 32 123 276 290 183 240 152 276 229 106 281 282 93 281 299 247 187 10 132 256 129 244 130 290 78 122 42 277 262 268 273 46 301 217 50 266 208 
51 352
355 114 285 25 145 85 16 315 1 46 28 67 325 155 286 289 139 228 324 346 96 237 351 75 259 305 48 32 106 245 206 182 97 198 207 330 222 140 178 66 336 111 21 174 167 279 277 330 17 119 287 
357 296
101 223 194 204 160 198 148 48 217 350 163 222 12 50 75 131 355 351 234 252 296 197 60 78 147 220 254 112 102 288 231 75 231 285 177 5 285 198 57 269 237 297 110 39 305 83 229 67 122 61 22 19 77 48 117 181 179 34 234 136 338 5 132 70 85 68 315 229 86 131 37 351 353 61 225 83 281 305 38 81 167 119 135 228 51 241 109 265 333 286 37 155 24 309 318 284 150 264 342 6 13 94 353 246 165 255 269 12 158 63 183 204 94 59 75 273 288 187 286 193 44 182 267 279 265 255 335 125 3 63 154 18 182 98 64 350 39 347 97 57 347 293 260 339 300 317 293 15 24 7 78 97 193 151 209 156 8 10 345 61 58 91 316 91 182 271 32 151 302 175 222 299 341 322 337 317 82 16 133 231 335 318 294 127 211 292 291 102 207 119 315 57 238 105 227 91 133 258 19 86 319 62 230 2 137 29 95 334 212 257 252 7 264 295 209 82 224 217 280 45 24 180 354 205 125 167 18 72 78 51 96 348 113 224 26 11 77 69 158 232 190 263 82 284 73 139 151 111 326 0 277 257 63 42 96 315 213 189 345 335 170 78 190 269 49 214 337 258 285 296 169 206 213 92 10 160 219 271 103 203 284 322 190 151 295 101 55 44 54 143 256 248 227 246 225 157 182 1 283 258 260 189 149 312 303 196 329 180 137 292 73 348 237 349 94 11 137 299 161 313 329 35 25 76 64 247 256 352 334 53 88 49 332 201 85 103 78 260 132 320 114 132 205 29 44 154 57 152 303 61 114 187 23 236 231 214 192 
121 170
334 191 141 104 120 59 70 162 151 133 176 162 335 258 246 160 109 224 51 54 124 329 20 49 171 24 286 306 201 225 103 353 306 137 107 27 252 102 189 88 252 172 97 13 356 53 31 343 90 106 2 335 129 83 219 146 111 352 261 143 192 332 170 81 178 164 352 346 331 173 31 170 309 314 166 308 336 177 79 199 254 59 2 251 204 144 285 278 42 187 39 293 72 43 190 83 122 101 274 215 160 251 63 8 356 66 105 59 195 242 355 317 271 110 170 315 306 352 284 239 101 
12 328
291 208 339 317 177 300 337 16 244 181 60 129 
9 159
322 222 21 17 245 50 244 123 159 
334 192
60 24 100 190 347 166 348 251 10 19 294 343 285 108 290 82 225 295 115 66 100 351 48 119 299 290 90 59 105 149 33 249 27 287 189 249 9 18 14 349 95 60 253 114 211 194 140 256 181 229 228 174 334 138 102 15 225 248 31 26 104 287 57 241 53 206 124 351 78 84 222 95 48 234 250 213 357 72 36 104 316 97 49 334 244 311 42 319 290 49 233 46 343 302 94 158 16 182 92 60 350 234 99 57 130 198 216 139 93 35 329 144 243 27 271 358 139 270 248 210 203 222 229 210 238 182 35 356 294 224 198 48 198 178 199 164 2 173 230 205 227 247 277 243 82 37 263 179 7 75 1 169 220 272 203 310 330 35 240 178 262 34 81 131 165 348 0 359 135 127 296 31 266 60 339 316 330 166 96 3 358 192 173 209 91 195 122 313 216 184 110 299 196 141 226 135 78 20 71 316 254 287 161 222 17 110 283 98 1 137 13 233 110 306 313 307 35 11 240 173 86 193 113 144 53 92 219 171 143 97 304 274 98 154 28 247 203 48 234 78 63 210 252 283 117 65 309 111 221 139 5 30 321 141 307 4 222 215 213 269 254 66 247 10 177 110 169 125 122 299 105 346 240 112 55 92 351 117 179 294 259 274 285 339 122 171 51 247 313 212 234 114 293 61 315 308 324 206 293 295 141 99 200 74 268 139 11 356 141 28 40 222 55 191 333 133 172 326 185 66 137 217 193 333 300 254 33 218 45 266 89 51 182 124 
30 242
196 16 195 96 289 238 279 356 102 254 110 74 179 7 336 1 230 53 121 291 203 20 36 190 116 68 349 110 273 208 
107 262
281 49 88 210 86 148 246 188 252 232 15 117 305 175 99 319 113 188 15 264 218 21 91 207 172 129 32 278 201 329 256 106 353 216 117 126 210 270 229 337 124 210 188 181 46 23 95 66 293 12 107 306 23 98 127 175 101 13 349 221 169 52 34 297 213 109 278 179 183 10 252 131 125 274 26 320 3 185 149 251 207 95 202 285 252 57 237 69 297 345 278 167 163 222 117 113 288 144 271 163 108 115 137 184 302 200 32 
106 303
105 244 85 65 225 199 4 75 32 272 194 351 305 347 157 26 170 42 194 327 96 13 111 142 329 284 150 77 186 343 51 32 330 303 315 239 112 177 284 117 281 127 195 339 10 327 344 86 31 6 345 281 210 260 331 208 254 198 133 268 274 287 74 261 331 317 122 69 262 258 275 7 226 180 32 233 160 152 359 329 187 138 55 22 80 147 27 18 171 60 123 195 241 36 328 171 283 142 304 134 261 87 110 142 124 47 
299 112
137 55 44 356 0 74 194 46 141 216 206 172 314 90 109 276 12 317 268 238 355 221 197 241 203 172 36 257 319 183 317 138 249 216 276 91 274 0 282 42 132 268 334 176 168 167 45 15 199 105 315 95 24 177 307 80 87 126 232 13 302 178 106 301 31 332 190 351 152 128 322 227 176 19 4 136 290 238 184 28 350 295 323 353 331 334 328 22 71 338 332 248 94 279 218 5 210 338 338 76 23 153 302 56 189 241 85 139 107 219 215 313 296 84 92 18 166 285 303 98 305 345 3 13 179 7 131 42 267 58 242 77 75 333 197 214 4 260 339 209 163 124 208 2 45 244 349 11 70 210 345 350 236 209 202 33 106 127 70 93 10 72 111 129 256 303 222 277 263 83 217 235 106 307 190 249 102 146 350 207 319 219 291 345 242 180 254 98 249 40 134 307 226 108 352 161 283 235 348 203 291 333 264 284 10 189 300 294 3 44 341 172 125 193 61 286 159 122 208 178 285 16 64 57 281 292 134 329 283 314 198 20 325 165 334 75 314 43 223 333 127 225 83 125 107 49 126 198 100 262 256 86 241 158 103 18 209 214 2 174 344 4 51 204 74 269 111 198 290 77 157 248 195 133 280 291 132 314 9 305 188 299 348 274 116 108 107 6 139 193 24 63 163 338 265 277 115 294 60 
36 200
326 34 216 246 34 322 221 60 191 222 36 128 174 281 201 106 186 38 83 286 329 261 251 281 243 104 299 227 29 41 12 110 344 294 352 308 
50 93
56 302 35 314 191 259 132 106 128 35 351 299 25 116 268 93 338 58 174 19 294 75 279 58 139 351 111 75 30 30 174 247 311 107 53 161 58 322 129 206 70 105 223 177 127 243 37 34 147 55 
301 295
301 172 204 25 33 134 57 53 350 332 324 96 44 276 251 28 221 231 215 86 137 94 235 251 12 111 37 214 252 90 54 39 138 17 292 92 75 270 216 301 158 184 17 340 147 115 320 18 261 157 144 277 48 245 250 31 80 221 303 187 42 46 179 226 79 354 29 2 306 278 203 265 152 56 87 330 164 42 288 315 294 75 263 240 21 22 61 320 115 117 188 74 291 6 171 244 315 121 295 290 327 112 144 66 180 302 92 352 47 271 287 178 342 248 141 331 185 298 295 226 131 336 277 175 342 325 45 280 268 20 285 174 144 114 253 256 349 351 333 120 16 121 338 176 77 280 233 295 55 67 144 233 81 83 45 212 29 154 215 215 282 342 96 162 331 168 94 4 296 106 36 183 208 257 237 172 329 88 317 267 54 220 289 130 114 15 107 36 323 283 242 223 6 113 147 323 137 103 269 94 94 290 155 145 171 63 225 85 220 82 332 17 8 133 137 217 129 280 76 324 318 49 274 243 339 195 153 102 327 305 204 215 204 327 302 270 71 93 16 178 160 67 337 155 255 322 200 63 192 114 345 255 1 147 86 232 100 54 106 86 141 159 327 213 186 215 209 317 96 120 286 356 138 237 103 33 213 36 278 39 243 161 100 164 354 120 147 249 61 18 106 338 98 282 91 331 258 235 147 193 79 
208 3
261 37 181 11 312 137 201 323 228 218 161 164 268 238 7 344 211 273 201 199 12 345 203 226 102 288 8 117 321 308 184 142 224 106 264 117 301 210 353 273 104 88 152 198 147 247 237 189 190 33 300 41 88 115 84 296 113 199 356 195 206 252 0 291 211 133 226 227 319 338 107 160 80 268 288 128 93 135 161 78 42 36 100 121 276 244 331 112 272 354 58 79 327 26 142 34 58 319 49 41 157 6 332 82 279 343 35 158 192 95 110 21 192 348 87 317 156 40 179 57 357 308 47 347 23 271 51 174 44 214 166 340 207 168 182 334 85 59 80 292 353 22 112 29 44 292 21 299 224 1 324 181 338 269 207 147 108 335 347 199 38 50 87 115 242 143 331 289 30 44 333 128 35 315 118 103 178 188 181 317 30 252 105 244 19 237 43 66 328 274 193 315 116 142 24 207 337 76 62 335 57 131 45 286 133 343 340 136 
105 252
34 158 105 217 133 21 282 241 316 255 314 156 329 181 344 100 180 142 212 190 203 29 139 98 285 209 181 220 319 270 72 345 4 191 277 351 270 139 255 132 108 112 17 2 108 141 73 137 83 162 98 112 307 276 170 98 79 167 25 339 248 35 113 183 84 252 202 257 81 14 178 244 343 258 322 22 74 155 183 336 254 304 74 135 130 153 330 107 27 150 66 280 341 290 40 39 118 283 44 236 36 299 13 18 89 
24 345
104 254 74 88 174 168 125 293 30 345 158 193 251 227 178 225 18 345 183 81 260 342 252 197 
243 173
328 311 335 294 336 303 113 252 42 25 66 64 197 207 243 166 93 176 282 316 218 307 237 141 38 11 58 299 141 139 181 202 161 320 134 248 268 145 9 196 193 189 102 156 309 201 282 40 37 45 144 312 28 45 339 207 251 343 114 252 180 25 180 154 54 231 154 257 260 352 134 7 58 332 6 230 282 70 102 318 202 140 109 164 72 229 320 319 197 180 23 130 347 325 25 36 282 156 357 179 37 295 67 304 156 87 287 321 289 12 166 357 214 137 357 186 116 295 209 261 101 65 170 54 345 349 271 185 329 355 219 237 62 110 127 313 73 325 225 268 339 355 131 280 242 83 173 0 103 260 166 113 20 316 260 280 207 332 171 11 316 228 267 0 159 8 155 189 2 322 169 132 104 216 289 64 49 294 197 150 20 294 186 209 318 247 141 176 11 88 317 13 30 202 358 221 86 91 66 303 285 237 75 203 262 165 337 41 199 225 18 129 295 107 233 244 209 344 326 21 91 252 110 345 301 269 187 314 238 199 298 30 233 114 208 103 32 100 189 237 170 221 276 
7 231
246 67 294 66 160 32 92 
188 43
358 231 148 330 213 127 221 2 152 300 77 207 114 58 208 75 102 306 125 40 66 303 278 161 215 286 165 320 188 112 2 349 22 265 324 158 218 279 251 7 218 164 343 3 140 51 209 200 183 218 195 229 271 56 11 307 38 148 138 318 357 172 65 222 1 355 232 238 59 152 302 173 269 7 256 148 44 60 122 160 306 298 165 38 261 51 68 326 144 243 224 162 249 52 295 331 155 17 254 49 176 351 72 27 16 351 62 17 208 49 127 62 8 173 147 77 46 297 192 196 50 17 73 192 247 257 346 114 50 48 29 143 345 88 276 168 303 315 249 141 171 224 37 188 291 284 80 181 206 86 16 34 28 29 140 243 277 50 340 131 18 281 126 313 330 102 149 277 108 270 350 239 42 46 59 356 310 306 280 156 219 20 73 264 27 268 278 206 
231 158
14 231 222 234 355 185 88 186 8 69 42 310 304 0 231 193 275 84 102 239 33 221 343 149 139 331 327 189 42 61 51 190 275 88 85 116 205 81 47 300 250 15 108 62 213 311 238 342 202 72 98 66 20 71 213 248 66 233 279 101 44 134 330 129 328 184 143 172 226 199 11 89 321 330 38 263 271 311 52 10 163 214 123 29 25 319 18 24 138 79 177 90 17 314 343 75 351 258 209 326 81 15 39 210 322 252 71 160 143 354 125 95 358 8 188 305 278 263 100 1 180 324 167 78 92 242 11 200 176 186 174 355 145 303 137 79 215 41 303 323 303 250 172 130 168 110 196 305 258 248 197 329 257 135 2 182 318 119 229 34 27 337 217 346 336 61 7 22 267 73 324 359 286 72 348 326 173 196 351 307 345 244 13 34 1 82 339 344 13 40 163 61 234 97 209 260 185 97 69 193 240 68 2 135 55 353 226 182 337 63 92 302 14 209 144 244 266 69 208 238 38 53 329 217 202 303 195 266 284 133 257 
89 331
242 18 335 182 144 31 358 45 51 34 231 223 279 55 27 336 305 150 359 118 275 72 170 123 353 79 323 27 53 263 328 277 158 268 359 113 345 252 99 344 290 296 254 18 78 62 68 126 254 35 79 278 11 314 164 194 353 264 332 252 277 102 311 307 174 203 149 23 235 353 75 25 72 304 2 198 312 188 1 42 88 312 9 270 52 142 224 204 80 
86 282
343 169 198 235 134 287 169 200 43 190 9 355 14 68 162 297 273 72 176 2 331 107 323 128 120 164 176 130 325 122 301 209 233 238 134 199 313 55 23 130 345 187 297 127 131 156 84 56 313 195 243 340 355 348 333 342 87 171 358 207 291 88 340 325 239 268 117 118 84 341 245 112 255 117 335 29 124 133 281 293 289 67 7 195 174 267 
3 148
202 90 1 
163 71
237 315 259 162 115 87 104 3 293 167 204 140 51 279 172 215 311 151 275 77 164 83 274 145 16 298 208 239 238 124 87 169 25 19 84 67 218 52 178 285 71 317 36 266 0 127 9 220 289 86 55 252 266 169 51 193 53 31 280 75 170 33 239 257 286 352 4 252 329 318 348 212 95 48 140 37 304 160 300 134 132 220 351 196 347 157 35 355 159 18 119 29 193 292 232 72 137 7 117 264 356 308 231 122 224 225 260 218 118 98 75 150 302 46 196 61 313 167 334 97 228 257 154 172 48 134 41 264 298 338 149 122 151 251 244 25 291 52 57 286 41 83 308 314 31 58 318 295 116 173 119 168 201 275 8 12 263 113 246 16 291 331 246 
280 179
331 44 297 159 324 128 202 238 186 15 153 233 215 8 46 265 235 92 33 138 287 73 132 151 355 70 150 175 180 324 304 319 179 9 107 100 320 42 93 113 321 246 286 141 224 205 99 17 273 150 163 209 358 152 113 267 92 272 146 139 59 142 5 101 290 115 218 312 348 180 123 41 35 228 221 354 169 312 193 227 211 153 190 280 301 248 356 43 30 209 244 174 47 45 163 4 45 183 228 137 101 151 38 333 286 184 211 293 102 36 71 60 34 161 260 74 26 270 267 328 355 334 160 236 51 241 341 146 278 182 185 8 240 328 257 346 255 71 283 278 76 262 56 86 75 262 153 338 147 260 198 62 11 207 203 155 114 194 84 341 139 262 141 81 165 288 324 359 54 102 105 9 321 120 308 256 215 168 264 14 47 203 265 260 267 247 255 271 256 113 325 190 36 291 131 87 248 129 114 110 232 126 348 6 91 308 30 310 115 171 195 172 20 335 307 325 76 79 298 140 5 322 23 50 118 49 44 45 97 200 349 97 277 45 279 89 6 24 291 267 236 255 281 343 270 254 74 18 38 33 316 72 118 310 316 96 158 158 244 39 304 149 272 320 54 34 51 203 253 317 283 220 217 134 338 257 264 223 257 334 
190 275
314 278 29 192 4 208 280 259 36 343 50 99 39 16 344 43 212 230 340 170 149 235 155 1 345 190 183 1 109 350 97 1 187 88 237 178 163 136 29 191 127 4 55 221 254 107 313 243 324 270 244 257 2 315 124 122 340 282 0 219 122 175 199 111 274 162 264 62 182 239 120 131 200 3 170 19 75 78 211 81 297 94 8 277 37 145 318 261 166 355 52 212 282 157 188 74 283 36 299 358 192 197 41 147 66 218 46 296 272 113 48 79 137 164 239 261 291 311 337 80 160 352 267 220 37 241 321 105 199 127 278 336 348 97 39 297 268 87 86 176 128 340 188 28 51 206 293 185 299 9 170 236 248 22 151 128 353 295 0 216 256 155 166 50 294 160 300 100 70 247 255 208 126 14 77 191 205 237 21 330 29 24 324 157 155 0 334 355 173 167 
40 58
249 256 93 246 91 67 202 129 281 68 200 71 2 76 65 51 100 120 122 125 141 29 44 41 157 207 80 46 283 261 270 52 290 292 178 211 282 316 158 193 
347 159
97 328 357 70 233 286 85 304 267 167 96 254 278 270 36 316 97 331 50 28 331 15 328 287 267 184 202 38 321 145 87 18 174 11 24 342 282 337 316 243 258 32 328 190 276 218 104 105 34 296 45 39 165 356 85 357 275 140 167 320 106 132 248 341 299 203 23 12 75 200 290 15 3 324 45 92 217 345 21 151 345 215 265 332 36 78 347 206 234 180 214 58 18 258 220 15 18 1 326 268 330 70 197 359 15 63 263 353 107 239 46 125 45 244 8 147 148 353 254 282 39 302 354 344 288 194 306 17 323 1 194 72 302 317 193 356 218 240 112 278 188 298 256 91 154 346 331 309 123 245 239 97 312 128 13 282 99 142 149 46 117 69 243 309 196 95 218 349 252 92 103 155 249 176 196 299 140 64 151 338 324 195 178 258 153 118 317 137 91 2 117 137 174 293 103 228 258 11 287 34 345 44 299 179 72 128 310 179 310 203 195 216 81 344 209 193 15 271 299 115 348 94 310 115 132 20 347 316 235 252 315 176 292 148 226 154 36 223 55 134 74 199 298 197 14 307 294 184 340 40 124 354 257 258 143 256 104 301 34 63 39 175 300 4 247 223 232 239 236 89 270 237 56 280 108 141 297 62 272 335 317 80 358 241 85 197 198 184 325 103 2 262 209 262 237 223 300 311 183 216 48 239 86 278 211 59 47 44 183 313 175 234 130 74 189 83 66 267 170 282 188 218 18 291 141 14 124 16 66 86 309 331 300 11 153 250 306 263 129 262 183 199 220 23 88 169 51 
324 212
298 1 342 239 152 103 105 84 230 140 353 51 301 55 254 328 172 311 138 122 284 293 81 236 15 289 86 139 216 179 123 56 66 252 346 317 39 17 186 228 333 229 293 129 289 327 249 316 9 209 230 288 9 138 217 242 299 358 233 99 349 280 274 9 3 259 217 151 110 77 254 213 209 3 173 322 206 20 351 127 171 210 216 138 350 212 260 348 63 60 229 262 94 303 322 141 301 232 110 113 292 116 300 63 197 180 337 106 69 36 9 269 132 88 175 200 331 85 192 146 352 94 276 58 66 117 345 217 190 175 184 230 29 103 191 64 103 166 27 10 82 29 258 23 130 248 297 284 325 248 285 234 108 205 174 243 226 269 285 113 29 288 253 336 218 167 258 354 55 217 272 321 204 142 41 177 23 160 198 125 0 12 90 48 119 321 171 309 318 92 261 29 235 188 26 282 245 327 105 336 16 208 143 52 32 297 247 19 158 346 255 216 62 156 309 257 50 80 251 140 50 74 209 228 344 354 159 37 264 173 202 245 5 189 212 110 285 70 25 135 146 130 353 186 236 158 289 81 219 166 135 347 273 24 146 207 15 123 207 208 247 170 165 182 8 280 24 25 346 163 95 352 35 125 62 55 184 312 312 155 203 87 136 143 60 143 350 211 153 276 205 347 341 299 237 40 162 320 338 129 275 163 348 260 206 315 69 359 100 181 336 133 121 348 115 123 353 15 253 270 278 219 54 356 
156 39
305 199 240 264 212 29 296 338 227 9 6 31 161 69 146 238 202 330 27 240 275 338 169 168 128 213 130 48 271 262 202 192 326 52 264 314 92 139 254 283 332 114 359 185 128 216 282 230 303 189 106 264 213 248 237 262 92 127 15 182 255 26 127 70 76 191 284 278 178 33 11 221 279 6 103 7 109 253 0 197 176 148 102 335 56 228 21 201 306 344 132 229 281 92 161 322 257 104 296 90 283 72 85 204 270 286 148 294 225 4 5 49 235 335 223 310 139 200 351 328 69 241 347 56 139 207 163 165 356 241 162 22 233 46 203 37 13 114 316 288 82 173 327 97 88 323 337 16 289 323 350 53 66 202 274 313 
28 210
158 111 342 47 16 30 244 43 22 356 139 128 301 322 121 89 65 276 151 286 175 61 80 71 187 34 222 317 
359 100
154 337 220 286 306 193 346 307 200 98 110 212 148 156 2 177 51 124 19 136 174 54 245 258 62 335 202 158 105 53 271 214 122 48 141 163 248 227 11 224 62 334 229 174 114 31 172 106 312 120 199 250 147 256 156 184 253 330 83 317 282 89 209 297 355 308 82 43 170 55 160 323 121 28 302 21 140 35 257 169 268 117 234 315 17 257 323 45 280 163 348 351 316 34 0 88 181 8 29 62 354 99 284 358 190 131 121 48 300 235 36 31 68 22 312 92 329 39 258 302 288 154 32 223 248 22 91 339 327 330 309 355 349 136 225 102 4 250 159 114 4 44 110 354 349 191 20 334 57 203 164 238 307 358 21 244 37 242 5 105 297 312 261 39 353 166 263 95 105 211 212 270 82 218 98 123 286 355 75 160 271 184 129 148 346 32 206 102 83 92 155 328 215 130 148 157 236 81 347 219 65 224 219 11 119 5 272 349 126 272 114 108 194 41 6 39 215 357 43 152 333 217 109 23 63 94 63 305 130 28 333 225 268 54 85 139 124 353 269 53 250 245 320 163 146 340 144 307 357 297 354 68 130 158 348 110 4 330 180 34 359 246 155 23 188 198 42 277 68 240 207 0 307 23 182 92 156 193 89 142 28 331 218 310 25 33 336 124 241 76 8 297 236 242 263 282 229 291 235 69 140 17 244 107 337 250 89 272 130 169 191 317 287 68 118 261 295 205 1 91 275 21 182 290 108 119 75 256 307 184 40 25 201 290 68 224 199 213 55 336 230 71 171 124 300 182 99 232 242 260 43 177 126 117 336 61 253 95 95 
70 87
323 196 111 197 87 258 98 205 136 221 308 258 203 184 190 162 242 56 0 67 162 114 104 217 358 14 324 79 138 299 151 293 6 69 139 40 187 216 74 143 234 204 200 166 352 210 218 27 149 199 162 279 191 261 108 142 139 42 359 131 324 113 80 254 162 327 358 56 53 329 
223 214
305 331 259 227 278 56 12 133 92 267 304 169 254 171 163 24 234 224 276 132 279 326 85 167 284 96 319 180 54 294 211 284 353 45 77 326 131 272 89 39 339 11 71 149 246 327 129 253 179 145 354 87 171 38 164 213 325 157 131 221 311 91 13 329 0 133 75 149 120 98 335 281 67 271 181 310 244 89 39 205 105 316 225 328 273 285 240 132 292 299 133 162 306 12 172 16 199 0 295 29 188 282 1 108 28 57 294 258 63 282 18 111 23 94 347 256 293 329 344 200 276 13 144 18 237 315 155 301 321 206 72 13 44 322 69 306 111 332 36 319 292 100 35 40 159 326 168 253 116 77 274 149 325 46 347 333 299 117 58 153 189 204 327 286 13 101 265 17 151 27 297 292 27 321 72 312 219 275 249 210 36 205 26 134 275 54 276 102 288 255 87 354 332 116 168 115 24 258 333 340 132 144 220 129 176 305 164 277 299 141 300 163 312 5 202 125 297 99 41 334 303 58 58 
