63
50 280
98 211 259 4 183 308 323 30 262 76 324 285 93 112 38 135 125 15 325 138 204 208 109 109 117 321 111 4 261 140 304 235 235 244 191 91 106 152 139 243 190 77 354 178 249 175 137 245 331 38 
60 256
273 151 275 291 359 339 283 133 186 265 137 83 41 181 358 260 289 159 130 9 311 304 193 227 156 148 101 218 35 176 3 50 279 143 51 24 49 342 211 1 231 34 6 355 202 5 339 67 149 136 28 241 31 339 357 193 89 82 321 48 
278 334
138 8 19 180 319 18 95 16 179 114 90 304 323 197 149 205 171 159 19 86 222 236 113 264 99 353 242 54 163 306 331 162 314 218 8 107 16 317 278 299 292 282 227 153 184 337 126 323 105 49 219 73 148 114 156 117 30 314 214 272 333 158 69 317 102 45 200 186 119 194 166 321 105 227 296 177 220 174 125 36 258 227 305 35 215 98 53 323 235 220 293 289 242 245 12 10 244 169 261 102 352 169 54 59 148 215 31 92 230 267 203 47 229 48 77 186 341 82 105 53 290 20 198 233 5 342 108 12 271 57 60 39 271 11 213 202 338 168 178 101 329 241 180 150 349 38 41 271 170 215 303 256 358 49 254 336 354 50 312 130 140 126 70 342 232 53 197 252 93 61 311 218 74 111 108 224 81 100 244 139 193 211 151 333 347 272 302 181 328 177 349 190 165 93 268 181 240 221 40 292 271 63 249 224 311 347 10 296 120 30 182 25 131 101 85 93 3 211 290 241 338 266 55 199 253 219 130 292 250 253 262 0 146 223 223 355 173 200 127 347 345 58 220 352 254 93 109 305 199 306 39 45 135 70 275 98 72 270 111 325 172 67 2 197 277 312 358 290 122 296 161 174 161 95 253 245 8 258 
181 122
351 306 216 74 323 157 19 137 23 227 357 306 90 258 49 187 113 353 159 277 133 271 288 190 149 314 329 121 166 86 265 328 238 52 135 278 138 299 15 312 193 298 254 123 259 191 93 252 308 326 172 294 49 81 155 71 62 136 123 335 13 29 272 288 245 47 186 271 345 329 243 123 99 142 188 303 226 27 273 137 222 237 93 300 112 323 308 11 275 257 201 181 29 132 334 165 167 136 172 108 97 49 342 157 187 254 46 228 345 55 321 141 199 201 172 305 289 211 30 314 99 314 338 1 137 8 116 307 1 63 223 276 284 252 113 260 6 332 283 93 261 219 198 6 180 58 270 51 7 220 150 185 100 111 133 63 275 28 90 266 123 164 308 126 272 63 116 63 317 51 221 222 327 21 296 359 12 352 308 232 19 
299 87
207 315 288 301 150 104 215 289 32 146 324 61 50 32 317 335 206 260 10 299 62 268 317 163 184 139 22 176 168 322 254 158 266 290 31 262 271 282 238 166 162 65 20 328 254 350 29 226 297 164 237 166 225 37 118 299 243 193 32 110 187 183 259 261 186 163 128 222 200 94 195 32 278 2 250 199 336 251 80 160 300 260 344 105 104 245 195 56 76 122 57 113 222 47 12 114 153 345 233 191 317 131 248 348 119 356 105 41 28 163 55 284 26 20 50 350 89 13 159 235 36 19 330 84 45 346 331 147 315 301 211 289 146 61 162 165 81 81 323 86 49 286 174 349 48 209 230 216 180 9 145 45 132 81 355 144 72 89 36 90 24 190 213 279 23 237 84 40 314 354 171 93 264 332 184 250 198 245 205 224 244 262 127 261 93 99 296 62 282 83 18 40 7 228 353 334 293 109 162 164 181 162 31 302 82 235 13 77 267 51 344 46 152 110 274 352 139 115 260 164 341 314 42 18 38 339 111 35 323 33 18 335 60 124 185 96 173 155 148 125 156 73 10 327 315 202 192 352 149 248 76 252 96 188 242 192 112 32 207 96 203 137 354 61 315 323 88 160 206 105 31 174 64 218 260 166 137 66 91 188 202 324 258 287 69 315 101 106 2 306 86 319 214 162 42 236 98 350 257 
146 67
305 182 266 199 304 143 285 78 192 214 194 91 106 192 4 14 55 262 267 347 164 293 111 10 331 325 123 242 80 255 341 114 24 299 125 139 283 49 193 270 6 163 354 219 43 171 352 237 166 165 255 231 99 204 214 118 201 315 54 332 231 252 179 18 345 240 308 205 123 231 156 60 174 30 162 207 169 9 335 111 207 50 1 191 318 284 222 167 338 32 71 39 40 17 244 50 247 275 320 223 319 206 229 173 106 347 262 67 305 65 174 284 46 311 269 24 111 227 118 355 332 110 306 224 57 324 180 301 145 70 358 319 265 12 16 104 74 245 91 0 212 84 154 44 115 211 
274 306
175 179 132 326 10 342 241 170 84 57 65 343 201 10 114 28 257 34 31 219 311 347 318 125 40 359 118 25 254 91 154 137 52 93 220 260 107 236 172 246 262 224 114 299 69 289 192 232 341 26 216 221 169 65 148 28 105 286 61 153 285 127 164 324 231 291 74 222 348 184 234 262 91 147 224 222 40 359 348 91 223 146 42 166 313 116 27 79 339 284 92 223 143 145 326 160 289 232 17 46 76 214 152 227 106 283 122 267 333 276 16 21 330 225 244 120 268 108 132 253 284 11 271 144 162 324 182 174 14 316 70 303 76 138 270 135 246 278 118 159 240 120 4 148 83 286 249 173 276 275 153 199 328 62 120 334 324 172 0 138 211 103 69 309 262 43 247 277 321 210 184 282 346 35 126 232 153 277 202 52 136 300 254 1 136 220 262 135 300 336 86 341 306 112 185 2 32 30 138 197 353 322 196 237 324 6 249 223 253 229 65 96 171 133 60 238 177 251 11 336 32 188 26 29 62 15 57 10 308 7 0 230 16 238 354 106 81 215 297 253 188 208 326 257 136 298 19 77 307 169 311 352 82 81 2 2 81 99 254 324 248 315 276 50 319 275 262 187 316 294 304 202 147 235 
19 144
258 66 73 104 141 124 98 294 299 178 153 136 287 67 40 124 14 33 67 
80 281
53 62 272 254 270 287 82 336 4 90 301 354 90 33 141 271 79 240 18 287 255 261 302 82 138 147 338 343 218 195 57 227 134 290 167 342 252 191 25 336 109 59 114 252 249 178 79 69 267 262 123 307 268 129 210 325 238 175 285 47 331 269 272 330 125 291 50 354 118 92 9 143 72 218 3 140 19 39 217 307 
225 178
290 27 220 199 329 42 230 30 333 251 5 141 121 27 137 10 68 300 317 198 309 19 232 306 31 271 92 51 278 120 83 95 132 286 273 284 79 72 29 280 225 75 88 76 54 276 343 17 246 356 36 137 328 134 338 353 64 224 184 48 292 303 46 277 40 218 48 276 184 220 79 9 225 138 166 264 174 103 281 15 144 96 280 25 108 194 127 313 114 53 4 71 249 250 106 72 84 76 277 356 324 267 312 290 276 104 192 134 174 29 74 201 208 192 40 270 62 60 241 207 286 201 35 85 114 31 339 6 198 92 275 328 60 164 241 3 82 185 310 134 351 315 191 292 161 46 180 335 2 189 69 82 139 353 330 121 354 93 326 62 266 82 308 59 15 40 252 97 310 114 145 291 16 82 104 172 70 2 23 124 59 64 348 330 30 161 234 2 136 208 354 240 224 340 110 127 61 348 73 244 84 337 16 246 226 40 194 194 275 22 5 55 167 283 137 322 78 89 15 205 62 196 355 99 337 
14 76
301 257 188 258 323 285 350 251 79 58 230 346 335 232 
212 85
324 211 94 112 206 7 218 265 65 182 177 278 313 175 142 69 302 304 8 311 142 241 355 143 260 349 16 75 208 74 68 306 68 14 82 53 335 279 284 243 72 105 40 142 343 285 331 17 297 138 303 358 3 116 249 138 288 158 285 203 127 92 12 249 40 168 30 44 26 338 182 224 222 359 182 222 130 21 259 336 359 44 220 20 306 177 157 169 140 72 52 219 99 71 121 293 67 222 274 339 117 260 164 332 192 50 193 0 323 319 357 334 134 228 213 220 144 212 188 109 327 262 342 181 80 76 359 182 1 298 50 103 100 148 232 180 160 138 165 39 283 225 263 287 265 321 44 232 285 2 274 173 329 269 350 216 115 48 359 196 336 173 5 147 112 26 353 88 237 294 266 141 186 232 357 165 333 3 47 248 13 93 229 289 194 131 266 12 183 230 14 88 247 134 116 25 37 8 274 344 203 311 328 14 116 54 181 226 14 355 134 198 
344 206
129 85 261 306 86 240 330 329 3 25 280 88 210 275 90 306 112 336 324 331 133 35 288 252 314 352 51 275 340 201 34 354 285 166 211 33 287 241 313 35 173 294 100 131 306 152 297 37 28 356 132 254 182 20 160 123 34 242 250 289 174 246 102 149 308 126 284 41 111 198 166 174 334 170 324 279 121 145 358 182 262 289 259 289 176 28 309 348 91 275 84 285 2 142 270 62 2 303 137 86 124 344 157 227 139 118 68 139 152 240 64 170 200 324 108 23 312 224 143 87 78 213 56 224 111 61 226 42 331 244 14 163 19 69 136 163 89 80 28 84 276 285 137 24 15 3 155 167 116 332 5 257 126 224 291 330 303 259 333 202 336 123 324 303 303 283 248 348 277 28 277 102 314 337 96 336 270 95 180 227 25 185 110 358 326 344 153 280 222 195 64 89 21 285 325 273 281 97 333 46 176 349 225 35 25 174 225 218 215 9 341 221 171 127 178 127 57 270 253 102 179 183 321 127 34 24 46 231 44 214 24 85 102 86 356 216 192 255 78 210 255 72 48 156 257 88 354 68 188 250 280 340 247 350 328 154 299 320 194 63 131 80 227 237 213 290 103 194 199 335 23 269 150 255 51 76 270 332 188 205 139 359 30 213 337 62 333 49 210 130 84 92 69 270 4 210 334 295 336 128 334 73 46 98 136 13 216 78 236 121 146 314 39 147 307 54 237 4 30 181 4 77 117 308 226 219 322 187 145 20 41 149 301 119 149 53 49 239 45 173 120 80 28 204 
105 121
153 222 278 228 330 214 33 344 164 201 107 343 298 301 140 262 8 99 88 355 277 236 267 162 11 53 132 155 252 86 178 247 117 219 186 88 129 233 254 337 88 287 235 0 185 243 37 136 339 159 156 50 182 83 301 80 208 21 314 280 147 130 350 198 318 148 198 223 272 0 238 11 285 80 153 257 300 113 333 246 316 281 197 351 200 121 120 148 73 65 172 193 69 359 117 2 257 278 100 83 5 84 258 148 10 
234 61
91 31 222 275 267 252 141 219 70 111 41 84 39 0 243 330 83 324 290 12 242 83 263 246 341 59 15 307 341 308 213 342 244 179 156 286 272 98 351 300 54 236 61 316 36 290 95 91 71 181 342 283 303 139 60 152 143 304 105 17 341 339 238 69 285 231 248 215 64 172 340 171 296 224 132 265 150 254 148 65 195 38 125 251 304 163 231 324 210 61 110 213 336 56 284 30 111 216 37 137 106 279 4 323 11 8 236 233 187 94 345 164 230 86 331 310 1 144 28 201 202 104 43 230 3 121 101 35 169 263 66 331 289 13 255 65 179 337 142 7 312 147 148 333 89 263 258 121 211 44 120 336 181 107 219 35 18 56 311 146 299 119 150 33 20 245 306 155 153 203 66 35 43 145 36 167 233 31 74 4 70 281 70 58 354 173 73 222 105 251 94 58 46 53 308 347 241 171 193 58 43 132 147 323 171 91 265 102 326 141 104 235 186 273 246 148 297 297 1 176 21 127 343 246 63 273 202 227 79 283 13 38 190 289 
243 157
191 41 300 86 250 281 112 175 282 66 335 305 215 327 268 217 161 165 55 343 87 98 117 134 122 213 74 337 230 187 171 307 151 41 102 51 335 304 330 193 194 82 280 142 17 119 137 205 259 26 294 271 172 169 235 61 73 54 279 326 22 273 294 40 92 345 254 177 137 298 59 327 75 155 201 46 28 166 119 318 204 183 344 144 297 269 224 77 308 60 276 351 1 126 168 341 36 326 110 285 299 166 172 153 294 141 252 215 165 277 350 223 67 62 270 161 329 75 357 276 127 126 266 70 123 174 78 91 127 9 221 223 81 270 226 220 236 225 245 137 127 314 118 25 236 23 229 157 276 20 55 238 2 354 97 238 200 271 67 99 309 160 229 34 183 161 80 258 313 42 134 172 3 219 18 283 67 33 236 307 155 153 283 114 175 292 36 27 359 123 54 20 266 0 196 48 211 143 197 128 344 330 348 82 92 143 150 315 266 98 51 323 88 243 47 335 20 149 90 203 291 332 129 307 217 164 197 279 313 234 275 288 333 86 272 184 341 132 173 154 23 261 191 
266 268
117 312 218 2 29 207 11 256 225 349 259 4 219 336 300 119 58 126 276 63 98 3 192 261 49 17 141 343 191 319 239 202 356 246 23 29 306 167 273 35 220 235 124 88 152 299 53 156 48 344 15 181 165 241 44 48 223 26 150 313 311 79 162 254 215 324 326 118 61 209 314 77 103 108 355 168 243 257 23 154 53 260 15 341 159 8 245 318 261 150 141 93 148 41 158 11 67 264 301 202 296 176 187 205 108 224 0 27 108 248 241 186 75 24 134 334 263 10 310 122 258 298 135 125 284 304 257 275 99 3 297 11 19 356 115 238 97 352 84 198 321 84 14 313 219 222 327 15 120 84 164 331 86 116 320 123 38 208 82 85 1 91 177 217 5 80 319 98 242 145 130 256 15 212 201 160 114 102 355 88 140 356 107 71 144 39 95 218 305 321 299 120 12 258 61 100 164 216 202 330 100 46 85 233 254 232 289 142 299 174 1 103 223 299 208 105 95 300 224 37 325 352 197 59 85 212 203 339 154 111 51 31 274 351 107 307 52 38 255 166 38 71 356 154 126 239 261 206 28 17 168 228 302 186 194 79 211 37 10 94 162 269 7 250 89 20 
27 345
164 329 214 157 307 240 42 333 239 107 108 178 156 171 9 161 113 354 259 162 122 333 349 73 178 274 299 
17 79
141 342 70 236 100 245 183 153 29 183 0 214 295 48 44 75 341 
167 86
30 8 231 228 180 214 146 92 282 216 97 228 57 261 280 87 188 187 268 161 252 222 181 287 71 129 193 309 192 111 262 198 49 19 19 303 166 346 11 160 224 319 185 209 286 185 345 70 145 95 271 1 359 258 334 121 34 246 148 162 11 63 73 326 122 321 52 91 44 302 66 33 337 66 181 323 350 152 288 274 281 236 145 148 182 213 179 90 208 267 167 219 127 257 249 163 303 163 66 264 274 101 157 144 107 332 173 134 179 113 253 75 309 93 106 305 268 148 191 198 240 217 357 278 355 0 94 85 347 296 33 182 289 38 255 284 139 99 142 210 98 217 151 96 123 347 1 167 301 352 171 358 169 221 265 115 63 91 43 101 128 22 260 333 358 9 155 
347 191
167 44 10 272 198 109 270 286 289 72 180 320 139 79 251 180 21 165 297 38 330 59 250 70 309 230 213 324 37 111 168 294 115 169 49 253 150 26 358 211 10 63 77 123 4 301 87 145 348 136 106 258 26 90 83 184 229 180 140 201 299 338 169 303 298 226 122 310 216 176 101 85 123 243 99 327 96 95 44 28 190 258 18 116 18 91 142 191 345 276 215 50 339 252 44 263 198 338 23 243 303 91 306 111 158 289 198 43 274 199 292 110 269 300 133 3 90 85 115 134 126 17 346 19 78 44 259 148 98 209 175 355 36 191 292 163 333 324 218 117 98 24 116 103 228 35 26 98 248 277 240 280 60 57 316 301 11 200 85 159 48 84 198 43 73 323 208 348 80 229 147 73 200 195 269 334 7 168 11 93 235 140 290 193 77 175 84 278 292 325 13 140 187 319 343 234 313 220 26 97 265 288 270 144 7 57 100 223 63 64 316 196 192 343 64 69 30 120 82 235 329 183 191 165 46 8 249 121 125 318 142 216 320 236 282 50 217 64 127 95 55 104 112 218 270 31 67 248 287 103 318 291 66 105 46 96 6 69 78 189 293 175 77 30 334 113 6 284 261 35 55 37 254 60 144 120 329 2 197 111 182 101 106 297 163 31 184 121 101 38 221 233 85 0 89 340 57 329 306 141 123 301 326 196 302 311 249 230 190 144 331 23 148 107 20 95 126 252 121 358 112 155 25 320 59 318 147 107 94 259 317 245 305 125 310 253 16 329 266 143 76 16 153 129 318 112 293 
116 163
102 289 191 138 289 264 115 20 150 20 217 235 273 215 64 50 59 312 50 77 121 142 164 258 241 264 47 334 350 169 139 216 165 13 62 175 351 233 242 36 286 311 47 204 348 49 285 284 19 355 36 78 254 187 317 202 227 327 341 261 4 254 261 67 48 272 263 322 15 63 60 60 75 41 112 262 24 338 301 3 28 27 112 317 60 249 355 271 279 128 83 4 155 100 296 298 81 252 207 100 93 133 292 325 235 306 289 221 7 120 292 123 55 99 205 77 
67 63
204 58 156 253 161 188 220 230 301 199 282 209 138 216 47 247 225 287 66 247 8 332 186 346 133 66 217 272 186 94 211 314 113 2 164 88 271 22 189 30 350 133 245 108 36 71 277 281 41 116 298 96 125 167 258 34 104 236 308 218 20 290 151 68 247 231 262 
198 241
105 117 165 156 195 34 335 191 116 56 267 14 203 128 250 121 253 263 194 116 307 257 3 73 245 200 278 300 195 15 36 353 94 17 170 193 111 93 40 60 71 247 346 93 60 331 319 173 325 57 152 289 30 193 103 71 196 145 97 15 288 190 135 254 334 236 145 188 264 2 120 19 87 328 278 274 16 70 87 239 191 155 268 80 177 305 191 91 181 175 180 17 299 220 118 125 176 347 175 284 85 235 176 64 202 238 43 241 328 83 264 34 18 188 81 330 20 95 308 286 212 1 158 120 33 228 42 256 87 310 38 79 220 131 141 256 295 126 353 84 118 4 30 274 331 69 36 342 175 48 217 325 277 170 351 128 301 131 150 145 284 184 294 56 35 147 176 140 24 64 27 0 342 183 255 33 260 221 183 321 11 340 295 179 76 211 11 18 97 329 93 301 268 273 26 79 343 235 
253 40
40 247 328 172 137 304 117 322 217 259 274 0 352 139 113 341 102 162 239 57 150 327 50 223 23 286 75 100 43 136 123 176 115 223 24 222 225 25 194 34 193 226 226 258 247 79 70 118 345 35 235 226 63 255 281 215 116 50 289 74 25 283 73 319 307 130 48 123 184 19 141 120 262 197 151 210 123 29 80 227 313 70 139 13 204 155 202 352 230 274 279 106 218 176 49 141 327 306 55 297 2 142 116 229 255 97 265 78 295 106 123 106 136 245 37 6 65 262 190 44 52 100 211 18 29 257 247 323 130 253 43 343 233 176 233 100 27 340 282 358 194 23 228 183 45 109 219 248 158 180 204 257 270 30 238 221 190 115 87 63 248 158 71 242 0 139 24 162 318 46 34 287 332 5 227 306 324 260 339 200 332 5 85 328 338 320 335 223 97 5 311 336 359 183 237 132 119 90 193 353 29 304 94 231 59 1 71 109 32 224 201 275 92 296 39 228 269 324 330 130 214 138 258 270 258 316 171 205 262 145 57 267 29 131 111 126 307 289 163 7 167 258 51 50 293 358 232 143 238 41 238 220 251 
286 122
166 69 309 161 149 345 245 314 30 11 64 0 37 208 255 73 27 69 252 16 248 348 110 223 29 202 248 97 58 38 118 68 75 51 264 102 74 266 287 54 172 229 204 87 51 299 13 305 104 30 159 105 191 150 265 343 187 249 146 224 110 51 308 261 220 145 291 59 300 45 274 276 148 108 248 122 119 229 303 237 83 56 268 164 97 79 245 299 1 110 311 131 176 48 287 346 55 60 261 100 119 245 110 123 27 243 55 101 159 215 324 298 83 147 10 311 205 278 269 260 249 91 301 15 239 219 98 51 332 80 311 340 212 216 108 161 170 212 217 318 13 289 78 74 324 98 329 260 197 189 42 165 213 23 5 226 0 95 261 100 340 112 311 245 21 195 76 153 325 127 145 235 2 307 161 172 107 192 109 41 155 156 11 273 75 237 237 282 63 347 183 268 78 110 334 234 343 223 159 331 76 241 136 344 314 31 88 340 337 237 268 134 21 239 95 38 59 262 157 209 11 222 100 99 17 331 76 74 280 151 178 316 186 274 57 10 30 288 184 152 282 80 182 215 167 220 191 86 331 215 72 240 136 248 132 184 20 331 152 33 68 224 97 83 204 354 232 137 284 201 253 31 45 338 203 80 18 114 181 307 38 167 291 113 30 257 
322 94
128 96 153 58 2 0 16 71 75 340 264 81 226 248 292 107 206 274 43 40 256 297 106 265 81 27 158 160 130 317 111 46 12 11 172 67 290 103 79 304 303 54 56 301 263 327 121 107 356 118 163 232 353 226 227 131 274 158 62 191 148 242 135 95 174 191 225 128 204 308 30 201 71 88 313 142 81 130 77 333 53 247 1 5 183 309 192 56 310 211 278 333 128 153 340 293 66 127 167 265 51 256 99 3 115 254 351 235 38 300 149 187 259 268 274 307 90 107 205 172 354 344 252 247 339 274 100 91 27 322 195 182 123 45 49 278 88 168 217 156 151 64 211 5 10 140 83 328 212 71 123 293 9 251 343 327 257 244 15 314 118 322 94 64 241 311 30 145 3 49 220 219 255 44 176 128 332 57 145 163 92 192 294 121 230 62 298 255 233 242 64 198 38 40 86 109 138 178 92 39 237 90 26 171 211 122 162 237 107 265 303 159 25 200 130 231 9 314 176 54 259 172 256 267 235 315 311 175 213 347 173 78 209 100 8 182 163 172 107 155 22 51 324 263 14 183 346 275 193 15 135 295 118 262 67 40 337 160 214 233 228 264 116 52 259 44 133 332 56 9 62 206 123 318 260 335 110 127 181 35 44 282 226 332 4 312 289 275 241 170 123 29 249 100 32 75 183 160 109 272 261 96 220 132 2 32 124 261 130 319 127 273 281 197 277 346 60 297 12 151 278 176 
248 64
84 248 175 237 357 119 234 339 171 341 109 344 228 116 334 322 148 20 78 290 334 127 84 147 218 11 148 241 61 51 84 108 84 7 306 203 135 279 246 6 252 158 179 149 210 41 319 140 250 17 269 224 48 334 146 264 120 156 106 255 264 308 157 128 190 196 39 232 147 115 30 263 251 348 269 255 293 33 324 16 191 147 224 303 91 191 142 67 120 270 190 306 135 357 37 6 127 189 214 13 349 259 97 83 182 122 215 183 136 186 211 181 249 254 232 84 274 112 84 136 119 100 130 231 49 17 74 340 178 14 301 152 128 217 303 314 356 302 164 15 255 48 154 338 57 126 181 168 192 106 39 147 257 43 145 43 227 121 77 2 237 124 300 239 313 75 325 159 249 324 199 73 76 273 137 117 190 244 322 85 143 213 332 220 255 150 156 264 90 208 324 128 75 249 6 93 331 130 37 275 318 216 190 265 122 236 177 15 48 98 289 112 344 348 228 174 151 268 48 336 21 185 70 75 247 273 227 121 85 168 335 162 238 237 218 228 180 2 34 223 358 301 1 240 253 193 11 307 
357 273
266 359 297 105 277 335 288 321 20 58 225 287 227 14 351 241 324 195 97 242 347 199 198 292 14 338 201 205 107 149 97 188 61 308 265 207 55 48 167 245 203 290 317 231 254 137 246 97 319 183 119 114 95 279 339 302 235 80 3 241 8 199 193 27 316 123 358 149 211 128 321 168 0 306 145 274 158 52 22 14 123 312 320 359 109 225 133 92 206 1 290 305 123 214 255 284 334 213 154 345 167 252 328 243 110 22 105 85 305 224 22 74 43 294 272 81 240 291 5 161 41 354 117 251 119 204 32 304 49 238 129 82 114 298 180 13 68 288 311 316 230 154 244 77 324 198 327 305 267 79 88 111 10 113 252 255 356 24 166 5 11 106 318 244 347 188 21 350 211 126 95 126 298 314 315 277 53 332 107 340 317 197 286 307 275 181 129 346 86 135 170 114 176 4 123 195 347 197 51 133 295 276 205 275 225 216 295 179 293 107 78 247 239 93 172 359 38 134 68 310 5 309 247 196 90 310 128 274 150 14 125 277 344 60 39 284 310 257 85 137 312 174 316 207 97 73 146 279 277 1 182 212 169 83 135 21 180 190 271 246 262 342 35 206 97 102 326 346 207 165 251 352 290 231 123 130 284 342 20 209 307 18 125 297 165 171 14 70 144 356 197 136 24 80 305 254 351 243 163 161 215 333 51 27 120 157 355 127 271 279 191 37 359 314 178 75 136 65 349 63 350 183 218 137 103 263 77 176 64 35 74 83 171 59 276 291 148 145 28 211 52 207 145 303 81 324 111 92 72 118 117 213 134 256 98 333 114 
262 220
168 169 152 223 272 290 10 258 225 91 136 118 146 206 193 65 352 128 219 125 40 159 318 98 135 29 141 165 154 58 152 189 68 69 266 259 307 42 138 226 200 240 316 12 265 179 4 311 88 354 120 283 315 205 295 292 83 218 101 131 253 357 37 15 50 10 286 305 168 0 296 344 57 218 205 354 247 187 156 349 165 167 292 295 296 192 60 245 185 136 264 123 45 252 10 25 177 127 132 242 156 124 286 251 236 79 207 174 248 355 232 115 197 176 301 230 9 33 104 145 107 90 352 185 49 164 150 191 310 155 102 124 130 11 28 55 178 112 292 288 32 30 197 144 103 126 217 114 233 268 29 130 95 279 119 209 42 87 197 92 26 34 161 49 147 104 147 150 124 57 171 3 158 330 278 65 188 356 305 173 88 152 277 349 299 35 165 161 292 135 276 138 71 92 201 28 341 307 108 285 69 163 116 327 212 124 230 242 214 225 47 36 25 130 152 334 269 137 115 234 82 329 151 95 28 316 336 44 340 222 231 226 221 357 195 337 180 211 227 304 95 266 51 268 330 281 80 319 28 183 148 111 190 190 72 33 280 247 329 56 102 19 
83 200
240 258 8 349 12 140 205 131 83 262 289 72 142 35 202 356 339 67 237 269 79 311 123 100 259 151 167 184 222 182 315 99 252 347 246 346 297 221 306 246 113 87 38 159 181 302 50 44 333 210 312 73 266 127 233 131 293 354 0 206 0 253 285 121 127 290 64 330 324 10 331 238 327 282 222 195 255 136 56 201 214 210 47 
304 303
234 39 332 146 0 89 239 84 205 141 242 206 167 164 170 39 267 343 61 77 45 128 59 328 171 273 189 351 60 70 199 117 157 219 36 351 14 325 261 289 281 34 113 136 174 13 56 215 76 41 180 133 211 161 85 230 243 126 249 73 83 213 160 51 305 205 334 357 244 308 212 334 22 112 14 40 343 83 268 35 342 74 214 210 206 198 47 269 277 183 121 52 211 108 304 226 56 179 3 357 105 203 283 306 48 188 118 35 49 274 236 118 314 201 335 102 79 4 45 242 168 201 79 58 10 78 310 358 231 189 222 89 340 244 249 56 86 283 335 28 161 335 342 136 172 331 73 12 295 171 330 193 61 161 287 136 162 73 95 85 314 303 77 299 342 221 318 205 267 206 117 152 217 130 286 227 163 87 338 18 116 200 228 193 49 106 92 154 217 72 257 359 181 147 323 177 123 122 37 254 21 244 108 109 259 173 103 311 189 332 118 131 17 130 15 224 71 136 178 338 71 176 209 100 167 208 46 51 332 299 122 144 93 251 260 287 347 323 299 281 171 136 337 160 107 104 201 275 24 355 250 217 275 333 275 303 275 159 259 139 28 85 247 1 320 328 113 138 312 261 212 332 315 295 340 317 53 196 11 333 254 328 181 159 201 261 34 357 65 348 38 97 75 207 167 51 121 154 267 80 95 1 334 356 
159 243
150 72 187 276 350 353 357 107 331 24 30 302 97 120 339 318 158 182 257 226 240 97 196 206 151 44 291 82 15 211 171 26 257 307 180 221 305 172 60 154 18 79 184 138 248 136 146 53 24 56 245 138 91 46 11 352 230 176 353 39 58 12 253 334 243 178 40 151 202 178 57 112 292 137 32 251 230 242 129 136 236 37 260 27 358 241 59 151 164 249 6 216 87 23 250 99 120 65 343 241 163 73 87 354 178 217 128 17 158 126 280 108 151 208 4 8 59 37 198 347 283 335 33 96 85 266 299 123 173 320 131 102 213 203 99 107 225 183 337 121 183 106 199 86 281 164 81 209 323 176 43 111 20 127 339 161 101 247 48 
346 27
200 341 78 199 146 283 258 77 325 221 61 63 82 318 35 346 264 199 281 134 110 250 242 24 126 9 78 305 114 120 191 90 191 285 285 173 337 209 356 20 334 277 199 186 60 44 12 138 297 183 204 111 127 334 353 352 196 182 35 79 220 39 82 343 59 206 303 112 233 104 92 52 303 35 263 72 131 116 226 316 138 26 232 67 270 157 340 91 95 311 184 4 149 233 345 217 6 274 344 151 4 99 119 322 94 202 199 328 240 204 277 39 265 176 18 290 160 60 241 272 193 235 324 258 87 130 63 163 72 342 2 6 90 299 113 219 224 275 309 263 176 187 304 100 104 24 313 30 164 7 20 100 229 291 133 101 305 84 216 90 307 25 201 129 236 96 359 213 197 319 207 179 314 64 5 85 269 183 293 203 324 23 215 92 175 110 289 313 207 185 152 199 145 301 192 230 313 301 24 304 0 94 299 70 355 144 48 81 211 189 270 174 336 300 19 87 100 91 304 45 183 327 333 201 339 0 19 236 13 90 337 73 115 332 95 326 350 347 99 229 288 183 316 269 73 266 69 160 76 313 138 171 351 2 58 302 130 212 279 192 121 144 138 137 99 81 297 24 291 134 176 26 17 5 347 238 7 290 6 241 222 334 189 279 205 117 333 126 110 111 56 131 359 176 165 215 56 132 68 21 248 47 231 127 265 111 336 356 342 13 23 154 159 52 302 307 170 347 220 6 75 258 90 22 243 48 291 345 63 15 356 200 99 148 59 337 109 152 101 343 202 208 319 347 112 213 
260 345
217 148 351 161 338 226 337 284 123 166 101 298 91 70 339 339 288 89 47 106 240 231 264 241 100 169 194 17 306 333 270 102 277 233 15 239 194 67 156 344 250 64 308 263 117 262 215 26 68 257 329 43 102 92 120 232 300 284 338 283 66 203 20 74 253 187 228 175 157 256 218 69 43 11 239 219 170 229 21 49 326 99 306 240 152 308 53 189 248 320 15 11 270 178 91 195 59 333 99 105 166 320 75 275 264 229 50 339 15 129 29 106 276 338 74 167 216 84 7 145 152 176 275 93 168 68 278 80 137 338 219 188 144 329 258 133 345 18 163 356 211 31 143 292 338 336 42 163 356 314 222 134 152 145 115 322 331 185 149 8 151 283 55 230 276 70 348 51 39 123 136 353 162 86 291 260 226 292 284 323 66 133 107 180 136 206 33 35 78 275 335 85 134 292 166 229 308 292 0 297 99 327 346 325 9 252 77 241 210 349 88 22 159 157 149 274 307 90 154 114 37 188 34 204 265 212 131 335 358 296 336 75 143 232 318 83 83 67 12 71 190 314 198 110 45 298 215 168 357 65 105 109 312 173 171 150 222 114 292 120 
259 349
5 186 26 314 236 164 295 181 324 21 283 129 301 99 346 262 126 220 251 344 116 240 289 229 344 202 87 225 206 30 183 47 285 154 186 82 301 31 246 141 90 222 62 167 33 233 11 341 42 314 226 38 168 202 177 20 199 65 85 45 343 141 191 25 347 154 284 220 6 45 5 253 30 33 25 240 59 198 102 306 63 107 61 46 31 64 350 57 65 209 217 132 340 191 297 37 96 108 148 238 301 189 52 79 337 294 28 301 151 0 8 88 265 112 301 354 120 58 103 321 186 183 155 278 183 172 159 324 22 328 266 131 141 308 262 314 228 8 130 76 299 7 64 227 98 15 353 326 145 316 5 119 40 281 329 258 214 261 283 76 188 190 289 318 191 10 78 305 274 333 105 195 253 261 292 181 298 5 99 178 44 64 285 81 234 280 49 276 45 32 278 235 145 335 309 91 53 189 42 202 17 331 105 74 249 227 356 72 70 114 34 124 53 179 328 347 308 253 318 58 122 337 282 245 201 99 112 137 43 150 101 97 352 87 283 232 220 178 297 169 83 98 190 100 352 110 185 272 38 271 6 71 239 129 27 342 244 129 308 
68 31
283 253 264 71 237 192 165 262 71 0 69 73 2 290 126 283 234 160 48 20 114 163 311 250 103 248 225 54 183 355 76 70 5 72 201 282 277 190 319 306 249 245 60 329 61 159 203 73 321 342 76 74 351 118 107 292 262 130 254 322 15 34 71 158 251 348 83 278 
128 309
216 190 204 111 48 44 40 230 179 20 294 225 84 299 27 10 262 325 47 7 46 256 299 3 266 318 13 39 161 127 35 156 136 101 24 21 301 46 105 350 98 321 260 98 218 337 7 138 147 58 324 41 283 195 273 135 260 81 235 304 220 104 178 181 327 301 113 308 28 20 200 206 147 280 180 131 58 31 128 280 194 212 267 92 301 82 109 337 30 347 94 152 293 165 33 293 255 17 352 261 173 112 257 159 76 113 278 171 252 125 99 353 330 161 230 18 219 86 120 235 328 82 35 312 225 193 228 81 
25 75
187 293 166 211 165 253 316 23 342 50 90 92 192 286 304 132 266 40 98 263 224 294 263 134 14 
92 217
355 128 311 37 148 251 186 109 359 160 110 76 120 33 171 150 187 111 223 339 122 142 129 149 228 93 84 52 273 234 97 192 52 326 32 203 121 67 176 240 302 345 17 102 252 46 160 169 3 223 84 241 340 72 5 277 178 94 96 320 61 95 200 236 339 279 218 102 24 25 168 165 216 170 274 22 191 19 80 124 223 167 160 187 186 134 139 117 308 156 80 271 
189 147
318 358 264 327 348 7 46 113 147 260 29 66 278 342 148 214 93 320 10 111 40 254 11 51 326 110 139 188 252 354 306 186 27 298 117 24 135 144 2 231 272 9 341 133 128 328 337 120 82 208 186 307 124 158 16 138 295 194 48 302 310 19 292 219 213 267 249 74 154 209 316 311 173 182 66 149 90 222 90 136 301 3 60 335 191 309 118 96 161 274 191 79 51 104 309 326 43 142 337 101 224 68 119 46 252 121 321 357 20 288 174 273 116 126 299 297 209 92 169 128 91 90 33 223 53 273 3 97 86 180 217 90 31 127 347 351 179 155 282 98 86 247 82 77 183 1 48 31 194 117 64 9 330 106 45 327 345 333 317 341 66 123 145 302 159 218 74 141 244 233 198 318 9 275 122 329 4 62 321 310 171 16 189 147 152 168 141 91 24 
59 31
340 95 16 237 129 188 111 248 223 155 253 49 180 91 322 39 82 297 272 168 5 330 94 25 302 332 123 343 328 53 271 47 268 119 98 283 215 126 203 291 87 69 302 148 209 292 116 111 307 226 93 190 164 272 151 242 161 301 4 
301 150
247 15 63 261 26 319 245 351 40 9 297 80 270 342 32 150 233 354 168 16 218 287 267 134 185 253 265 37 165 330 120 289 0 50 340 74 231 304 336 62 190 230 116 27 330 338 213 83 351 279 61 240 222 275 42 206 97 74 87 71 271 290 201 47 0 343 219 144 277 334 141 54 80 277 103 173 348 111 341 76 205 354 143 166 353 125 312 359 138 156 147 3 40 186 1 341 168 265 253 17 46 250 108 105 256 321 353 192 164 216 266 251 282 315 127 120 42 217 30 127 114 214 91 15 334 220 244 330 137 244 34 281 150 330 240 28 99 28 34 298 241 303 119 305 76 289 273 261 353 241 334 106 30 85 136 215 4 129 300 117 260 352 262 202 291 57 300 104 166 8 321 208 271 292 300 307 265 174 153 80 309 59 226 313 64 286 243 157 145 60 346 329 147 204 78 229 346 21 87 176 24 178 240 248 260 40 270 339 227 36 97 181 319 81 231 4 274 141 254 76 312 151 358 317 308 101 105 198 347 6 19 32 144 329 109 183 170 83 31 186 245 283 223 251 333 270 263 94 195 234 91 169 191 96 90 123 209 72 334 84 197 135 93 222 208 18 153 240 283 103 163 127 194 119 33 52 137 178 30 260 230 58 178 155 177 279 291 214 10 55 66 164 156 39 300 213 227 29 206 145 329 
156 182
345 187 100 35 102 292 104 217 172 101 25 81 110 9 224 321 345 160 102 199 50 210 116 109 170 56 321 245 336 185 193 340 133 316 203 95 227 201 183 104 338 137 337 196 173 169 274 198 258 42 268 289 217 341 69 23 270 314 254 173 80 180 63 13 299 146 275 147 240 13 262 215 101 304 162 152 326 81 36 184 148 188 277 248 294 36 125 39 11 290 281 338 247 47 143 152 156 134 76 291 217 316 175 259 240 14 70 312 306 347 219 233 295 358 57 222 207 311 348 27 220 236 183 212 116 196 306 183 316 163 101 212 353 83 96 311 280 16 184 173 70 144 20 264 91 249 13 71 88 284 156 221 171 339 105 323 
339 350
126 356 299 260 205 34 309 314 78 88 270 224 43 321 297 339 345 263 172 250 184 154 260 285 290 247 211 290 178 93 71 84 95 228 239 115 182 175 335 312 44 277 349 65 193 304 48 16 117 200 258 235 78 205 91 153 208 135 114 104 178 127 322 131 23 95 288 207 311 89 305 35 142 351 356 261 210 263 283 112 354 260 320 55 52 35 297 261 30 185 307 346 158 123 44 162 127 127 215 230 102 316 186 103 28 295 43 119 219 94 152 89 211 323 225 4 279 222 243 147 47 226 320 31 240 191 116 181 213 271 288 350 117 232 159 221 119 334 170 188 229 325 2 238 315 204 11 198 352 53 11 175 283 337 282 349 293 13 110 194 283 16 315 124 3 97 170 15 265 245 148 36 117 193 37 66 198 335 345 304 124 332 252 202 298 268 206 134 139 76 222 12 343 39 329 190 174 208 66 161 270 102 187 132 40 328 180 106 236 115 90 237 340 198 314 52 304 202 9 47 150 220 223 129 118 101 71 322 100 359 289 7 267 245 72 120 168 64 191 7 210 131 180 46 312 309 16 22 325 168 162 98 61 150 96 263 41 214 79 103 355 91 264 196 28 219 183 222 278 71 40 264 263 264 98 315 99 334 145 294 232 290 319 55 274 141 138 52 131 135 270 266 76 98 313 131 153 109 95 243 281 158 346 201 294 230 15 156 121 52 344 50 6 353 194 119 338 204 209 214 94 71 161 163 230 11 34 189 144 283 104 218 44 285 213 130 289 254 313 
218 20
38 265 154 331 47 248 71 354 135 187 262 317 121 108 165 288 337 286 291 45 22 191 127 316 124 356 138 51 47 350 156 261 310 170 22 303 349 13 229 293 5 330 50 149 124 99 19 93 309 183 177 304 147 228 38 44 193 97 56 262 183 258 90 334 13 108 192 283 18 49 277 249 219 153 61 184 151 183 64 228 242 265 296 141 298 85 165 112 225 263 130 184 171 65 196 92 170 103 318 260 200 118 84 307 319 249 238 225 330 149 48 319 229 338 205 32 34 111 11 74 187 267 187 27 60 308 22 352 287 351 199 165 298 116 84 135 237 195 269 30 231 259 284 328 123 96 105 53 110 188 346 198 295 63 80 352 234 131 345 155 180 192 134 2 85 47 203 302 246 175 39 244 255 112 144 38 177 118 266 333 179 149 223 268 35 273 52 56 144 183 76 19 57 91 257 15 358 288 183 46 352 177 177 296 355 340 306 320 11 312 47 196 122 142 171 236 304 347 
76 174
262 188 276 302 268 252 31 253 137 26 66 348 13 185 243 324 260 73 42 290 50 301 282 157 268 350 137 196 267 103 318 301 224 40 158 159 358 64 212 263 6 45 336 144 6 314 163 168 359 80 106 140 147 15 6 51 4 154 219 351 151 327 354 239 343 20 283 309 61 303 175 351 157 10 42 33 
321 91
207 40 110 338 183 297 151 184 197 121 234 208 153 254 22 66 252 341 118 31 134 312 136 158 282 22 28 33 350 114 219 166 14 115 327 297 241 16 340 265 348 54 291 84 86 246 39 15 218 58 320 303 148 74 243 186 160 40 150 7 209 271 260 60 188 123 293 113 48 146 233 48 321 277 19 184 290 116 265 35 210 183 243 39 55 298 268 185 134 61 93 327 286 267 103 242 5 167 302 2 266 14 221 281 68 262 219 209 305 175 325 312 348 81 200 119 87 119 96 283 85 89 241 95 143 85 220 134 316 283 311 226 63 130 137 348 92 228 88 293 295 16 110 38 144 13 304 255 167 344 318 129 45 250 298 318 139 99 178 217 35 29 143 79 344 215 250 339 250 236 358 122 98 185 203 358 353 211 73 17 127 1 24 258 181 174 63 147 243 234 336 147 233 21 159 220 166 142 311 269 248 299 106 171 37 83 171 74 306 308 44 241 359 100 159 273 108 306 108 343 58 197 302 42 211 219 17 88 318 218 126 72 148 251 70 261 25 108 325 214 257 18 50 101 314 84 317 285 249 109 309 166 193 281 90 32 137 212 143 282 323 329 33 204 344 141 92 146 181 72 61 62 246 68 36 225 273 170 121 263 25 347 122 42 222 293 335 59 258 14 13 88 237 190 118 58 39 73 318 212 134 168 264 258 64 12 90 16 220 127 109 131 265 264 167 184 38 358 26 213 108 
265 62
348 298 134 191 209 175 51 341 263 101 213 142 36 318 135 8 292 101 294 179 47 348 43 71 157 101 120 192 175 156 231 339 20 254 27 228 299 72 1 260 219 196 86 236 201 65 57 128 55 30 161 292 93 80 14 346 271 219 119 323 115 152 203 129 184 50 11 341 23 69 83 332 282 191 172 112 18 250 48 122 76 175 344 158 82 17 166 265 78 344 142 174 144 283 86 198 269 74 152 60 286 80 106 299 141 170 11 109 19 174 69 156 117 176 251 112 245 255 340 68 337 283 136 292 206 28 281 242 163 247 108 251 106 56 26 165 245 45 297 268 227 336 100 347 330 175 137 118 6 254 168 182 251 109 275 175 11 26 324 120 349 36 210 12 250 145 5 264 127 211 279 297 47 40 168 295 147 52 348 114 12 173 336 272 156 243 226 325 113 222 58 175 169 336 181 322 224 140 63 251 182 158 328 80 192 336 171 165 277 126 15 211 292 254 284 4 199 322 179 308 353 330 338 185 285 94 251 289 280 262 22 3 121 129 340 119 101 239 76 239 87 239 348 207 16 192 287 86 47 317 287 152 116 143 132 264 34 239 160 198 81 338 303 238 108 
309 313
26 40 326 297 296 338 162 191 53 93 230 242 55 356 171 188 300 224 331 283 186 146 29 268 272 108 50 335 44 300 273 293 305 185 356 1 135 26 279 124 80 47 146 163 356 351 25 299 329 0 136 97 87 278 250 344 128 174 234 52 174 63 150 143 142 88 338 42 186 338 244 30 216 166 264 290 292 51 78 348 207 187 356 188 225 137 176 78 329 168 86 289 308 334 253 307 344 187 291 359 61 170 293 269 204 187 191 48 293 240 190 356 159 342 188 117 347 204 321 131 21 5 29 296 221 119 27 323 140 215 193 332 131 267 22 17 85 278 144 215 73 185 321 89 196 166 51 350 318 243 94 307 103 224 56 262 288 15 172 253 245 335 142 116 256 340 224 118 133 314 127 349 351 13 340 106 181 333 167 75 305 50 99 327 152 13 153 336 266 39 144 243 12 71 253 47 167 328 150 220 356 165 245 308 115 71 242 119 79 189 15 1 2 139 274 112 72 134 21 233 354 340 172 245 253 12 77 16 242 351 117 271 237 277 260 85 81 314 94 357 275 69 295 188 139 89 189 94 314 74 259 58 214 245 224 307 183 166 238 348 324 246 7 211 83 235 237 191 238 287 250 177 141 171 278 339 346 299 269 359 232 144 76 197 146 310 140 147 348 97 266 325 284 296 73 170 224 299 332 291 242 150 3 166 93 195 65 229 169 
340 321
4 357 253 213 50 168 124 199 13 0 186 267 119 262 314 221 274 168 252 146 125 63 329 182 286 248 129 222 317 13 264 204 13 194 87 217 183 346 114 11 4 50 108 104 100 38 8 195 218 253 342 169 119 175 110 177 349 341 186 31 317 215 110 242 235 203 121 228 52 300 250 344 71 137 139 148 210 17 286 186 330 116 348 253 351 51 240 287 185 319 38 212 251 63 148 338 127 185 325 267 73 280 138 309 341 73 60 59 186 132 4 254 235 267 191 85 133 197 186 84 92 58 265 114 22 200 138 229 280 279 42 143 119 295 105 283 197 343 247 40 164 249 299 133 258 273 243 317 321 333 165 322 28 213 304 255 61 101 213 120 88 353 318 192 243 21 48 281 341 117 324 68 229 144 69 257 355 310 128 254 279 210 83 73 37 312 164 56 152 41 244 260 323 307 347 197 106 225 33 139 277 19 351 237 292 349 326 191 331 176 315 201 232 322 332 276 80 229 209 3 213 81 318 291 316 57 321 9 93 107 273 127 227 200 195 138 80 151 335 308 232 291 250 168 122 39 284 13 21 241 234 283 73 177 86 83 41 3 3 260 25 53 27 14 202 214 54 276 247 12 278 271 320 137 136 334 114 174 218 91 133 163 111 211 301 121 166 35 164 289 172 202 100 166 126 4 348 270 205 358 351 44 217 69 203 23 334 91 217 154 155 353 317 252 314 89 44 67 3 79 257 350 247 230 85 177 17 350 273 357 198 281 50 109 114 10 223 252 119 9 
247 312
93 22 180 335 28 290 315 270 140 229 89 273 355 308 12 212 93 93 126 349 68 65 105 210 256 59 297 91 156 237 260 28 298 323 75 158 126 298 237 3 310 193 267 89 216 91 201 326 212 354 120 81 316 239 43 298 325 84 351 113 61 183 175 123 181 76 335 37 357 242 272 235 222 258 325 347 69 115 90 156 256 5 316 108 49 359 270 251 260 241 134 285 86 151 130 170 124 145 184 226 200 317 4 158 208 34 105 227 76 24 95 283 66 332 276 22 204 86 348 318 354 321 111 260 56 37 81 103 118 213 125 141 102 300 319 95 79 123 192 185 38 35 74 265 57 352 167 113 263 149 271 124 219 346 214 165 226 234 125 71 200 242 296 79 9 180 87 275 67 70 153 292 288 59 7 35 59 68 249 95 104 257 268 225 31 337 179 163 2 86 272 4 277 316 253 78 250 52 289 296 66 149 350 237 352 292 126 327 262 59 186 110 114 312 160 108 276 120 159 220 44 237 316 154 43 220 134 312 285 103 274 126 196 282 239 204 230 174 251 192 163 155 53 162 85 223 334 
312 159
121 195 250 95 154 51 23 191 76 142 114 163 305 91 329 139 297 155 327 168 68 164 283 49 101 16 345 76 3 340 149 202 120 292 310 27 15 98 344 176 249 4 173 54 131 100 220 56 224 43 3 258 145 295 308 340 284 193 39 46 125 192 356 177 45 54 143 186 44 209 238 303 64 286 338 94 201 286 131 226 273 303 329 255 130 162 76 202 75 242 325 56 50 198 357 145 183 104 344 8 278 49 91 67 4 11 173 7 144 332 9 244 256 300 154 95 114 217 37 298 358 256 279 277 195 355 282 252 252 291 86 247 171 12 42 290 244 62 358 305 228 125 230 215 199 131 169 72 117 137 92 108 303 314 10 302 183 118 90 261 344 207 83 52 296 5 188 70 348 23 218 103 175 107 349 49 29 346 343 338 40 57 277 255 313 338 275 172 73 306 222 161 240 261 308 41 293 323 214 266 63 4 248 179 4 82 265 215 291 318 347 250 87 346 173 24 226 242 198 86 203 269 2 325 111 74 302 220 256 224 180 153 269 230 340 319 311 60 114 102 118 176 209 264 111 231 142 207 208 25 229 72 57 305 271 290 8 69 277 352 40 284 331 126 38 200 352 209 14 254 272 350 167 138 301 72 3 233 34 286 55 338 237 22 64 132 65 79 56 3 221 268 9 188 211 196 132 61 1 62 272 88 117 63 71 75 266 190 245 65 307 169 
114 275
35 55 161 295 334 294 344 272 172 340 40 46 230 292 50 7 129 111 163 40 194 193 319 141 188 78 310 192 330 61 217 3 115 190 258 158 244 130 266 134 115 273 324 260 279 13 281 97 298 11 105 346 158 109 217 167 158 162 166 85 109 116 108 64 244 71 122 314 270 136 172 265 308 304 275 160 190 332 27 46 243 77 23 186 249 54 293 170 61 161 251 310 105 228 245 224 250 47 273 86 355 166 137 188 32 276 251 213 304 63 283 264 48 166 
272 334
279 32 174 165 120 290 300 34 270 128 44 5 117 14 242 22 201 243 255 161 254 293 141 207 141 142 90 291 275 215 324 337 27 288 265 257 171 93 201 159 239 90 299 58 120 313 42 341 203 288 140 195 135 15 259 213 62 124 6 228 150 111 200 242 72 136 273 238 142 250 141 89 173 45 332 75 344 339 202 41 252 124 67 105 48 10 26 128 38 26 41 200 196 167 14 327 193 325 176 102 31 103 258 258 296 308 89 110 5 229 210 179 255 130 191 300 170 12 275 22 87 327 341 240 255 105 217 207 29 56 120 211 322 220 343 79 350 236 135 166 136 243 61 96 317 182 271 104 138 320 246 243 87 222 310 41 344 98 231 28 227 348 236 246 353 306 52 188 21 138 323 132 27 281 52 79 217 212 244 12 226 311 130 100 174 291 10 18 224 201 86 302 213 314 64 345 114 98 335 333 240 235 65 208 237 3 63 83 269 83 134 325 25 250 343 221 235 257 274 172 319 135 14 352 157 219 39 254 312 112 322 93 359 192 206 345 230 288 148 111 162 100 98 32 80 329 185 94 214 150 296 339 264 149 323 92 290 98 164 58 257 291 328 290 197 236 84 314 269 336 201 337 
310 174
164 299 74 309 332 134 257 99 236 281 334 163 279 92 57 132 238 163 355 297 106 221 0 330 308 313 252 264 66 247 210 341 299 64 18 292 46 62 222 98 104 343 209 13 128 12 215 58 318 97 157 327 98 199 295 343 78 210 216 337 164 332 112 82 232 247 37 299 17 191 107 267 102 287 20 123 10 37 260 312 118 302 344 6 309 220 173 12 73 185 273 26 200 211 32 162 135 151 179 75 79 46 338 210 132 19 203 298 210 296 228 136 142 97 295 111 308 209 349 298 283 156 302 218 191 319 315 141 348 322 273 77 140 14 119 240 176 351 62 89 250 6 308 240 202 68 341 182 286 200 86 188 15 67 253 11 95 52 0 90 103 84 275 107 48 154 288 190 131 262 3 248 240 355 277 303 155 180 301 70 243 290 336 149 317 16 62 148 207 158 158 222 108 195 301 312 354 299 328 153 19 50 89 96 94 41 209 115 220 249 354 154 263 134 357 126 285 1 209 240 188 124 54 308 134 238 127 250 18 98 202 34 65 266 143 290 1 359 216 346 127 115 325 201 261 103 15 295 258 247 295 80 0 44 184 339 307 81 305 21 308 214 74 319 69 295 232 139 359 142 150 219 4 343 93 94 179 152 258 281 26 357 106 156 16 172 222 30 83 32 120 1 334 40 146 106 321 153 0 194 308 195 50 9 70 299 340 169 184 354 
62 204
331 201 74 183 169 32 300 82 186 143 260 13 84 124 107 253 270 143 80 275 328 354 246 268 183 36 308 241 242 343 175 21 176 79 110 231 37 92 50 231 201 333 318 48 183 121 179 268 284 331 349 32 266 251 80 226 63 71 252 175 126 349 
290 298
22 50 9 3 164 120 181 293 70 112 190 203 177 278 243 332 5 118 126 164 309 98 253 95 112 145 71 309 241 99 78 125 172 4 325 355 122 176 153 234 127 171 188 298 345 65 255 111 209 274 152 285 92 154 186 240 26 132 139 321 54 196 109 241 171 140 275 212 117 126 307 26 124 78 93 266 115 10 42 40 126 74 356 74 145 61 312 63 329 309 159 246 37 45 7 116 192 32 160 276 160 355 21 250 9 137 110 201 280 66 214 160 235 297 347 199 36 23 56 199 305 219 144 217 221 194 90 286 214 24 296 210 95 123 61 43 0 188 239 256 228 108 330 247 171 100 351 126 235 275 275 118 105 289 100 251 94 218 46 226 103 171 149 146 159 65 309 197 182 222 47 128 102 196 129 197 218 106 38 180 22 232 29 176 357 188 49 205 186 75 340 8 138 297 241 202 90 259 93 340 358 183 104 184 155 110 11 116 130 209 78 2 327 333 155 168 43 60 64 242 19 326 189 241 69 199 285 330 38 164 32 295 84 320 172 205 86 132 113 21 265 295 88 26 283 278 149 121 141 12 266 220 77 9 286 219 108 143 307 31 95 143 263 201 105 295 314 314 64 289 191 156 78 77 349 271 26 107 30 278 329 117 219 181 305 246 21 292 271 203 
224 176
242 22 256 210 68 146 33 291 67 157 79 13 218 190 248 119 199 242 334 111 56 93 239 118 145 224 77 191 147 178 29 36 191 206 45 185 202 15 172 112 285 184 337 79 273 251 327 296 358 290 107 39 260 256 93 99 192 219 337 102 296 154 245 270 90 224 155 3 298 69 76 229 104 106 306 36 153 69 358 318 154 202 199 126 27 134 212 67 175 289 232 209 40 109 351 276 243 119 354 131 66 75 329 64 220 143 23 286 310 316 185 4 306 152 58 11 96 338 159 175 309 18 86 90 337 100 92 15 204 99 332 316 310 350 142 132 327 96 209 298 196 343 317 40 171 289 355 312 131 258 52 287 123 58 357 90 121 209 168 71 298 81 193 350 120 227 99 80 66 274 53 221 343 319 10 112 183 186 180 35 127 232 25 61 326 254 116 280 214 126 343 306 63 29 334 287 195 228 116 268 113 163 45 111 39 148 254 78 92 332 60 309 19 13 344 211 11 355 344 337 219 139 317 347 
42 208
35 340 24 245 257 226 63 89 19 281 110 34 56 121 92 315 255 34 4 36 327 113 282 92 125 204 164 290 282 267 34 178 333 40 161 322 21 52 210 302 97 299 
239 156
102 207 6 109 73 111 90 134 30 196 191 292 226 100 336 16 200 143 128 231 157 144 332 322 184 295 281 61 268 353 307 146 121 97 352 79 56 206 323 121 340 104 71 294 117 16 169 67 43 163 17 293 9 260 139 43 296 300 348 77 6 140 277 35 235 218 267 29 131 205 253 56 118 140 154 286 188 111 92 274 220 269 106 3 188 157 154 86 354 166 177 115 19 221 346 179 27 26 152 248 262 192 40 328 212 338 122 156 77 37 228 245 141 43 14 114 321 273 353 64 310 319 277 188 272 221 254 112 314 72 18 118 282 209 96 240 205 135 168 136 36 171 212 36 242 18 300 282 37 110 175 310 46 116 69 23 104 56 349 206 150 320 37 233 195 2 242 89 315 85 107 87 295 201 192 291 224 220 84 193 55 29 129 236 356 152 289 153 347 310 310 327 72 326 123 302 142 186 83 196 245 191 316 270 202 163 144 40 170 346 309 308 183 37 254 18 130 170 161 309 100 225 75 160 232 186 66 183 80 329 328 256 267 19 349 93 343 60 172 
243 282
280 292 170 71 160 140 117 249 55 219 333 323 206 211 144 189 8 266 275 310 154 263 255 122 149 256 263 314 13 43 292 148 167 9 342 287 337 257 57 83 270 299 325 18 123 96 235 328 171 39 222 160 91 9 192 278 142 3 264 242 229 7 198 314 208 187 352 134 43 350 147 322 240 307 242 240 354 156 30 283 3 63 234 34 344 87 296 227 50 44 311 162 62 51 211 356 315 164 308 73 253 65 215 174 104 224 210 14 227 339 111 144 194 69 10 350 227 103 58 250 119 88 122 93 168 128 104 243 238 125 111 281 1 138 285 67 225 106 34 325 180 212 80 93 154 165 226 271 21 5 117 18 105 230 41 281 202 63 220 217 214 34 201 192 242 211 121 236 125 83 7 185 305 112 137 59 177 135 188 261 238 82 35 131 235 8 44 91 329 146 335 340 128 283 28 316 225 61 2 287 69 36 74 293 195 289 301 196 219 194 248 297 131 78 162 351 97 312 249 80 329 198 190 280 314 306 165 329 153 257 208 63 171 171 352 23 226 145 203 12 248 85 281 
225 193
252 209 238 257 184 95 194 141 221 163 181 282 141 325 307 248 89 156 55 342 278 77 43 26 7 182 108 350 216 235 244 20 50 15 172 74 245 47 291 31 244 159 160 100 125 66 355 303 234 195 337 293 195 151 302 99 345 107 217 164 252 42 196 235 257 120 15 200 185 49 314 354 82 70 290 113 338 302 58 3 348 318 357 76 204 317 216 67 186 222 106 336 64 283 17 148 325 260 248 192 355 13 181 42 91 152 357 210 263 80 81 114 194 48 127 246 266 328 300 166 14 54 31 234 287 64 204 279 191 350 58 283 216 318 164 166 27 68 202 181 38 203 113 14 308 194 89 241 152 140 154 221 15 199 184 227 345 64 203 182 188 275 358 69 19 245 24 43 275 25 123 221 44 143 21 241 26 339 315 32 19 32 258 82 113 173 292 253 199 350 2 75 29 231 38 332 153 81 342 140 88 151 94 136 85 111 101 21 103 157 261 216 90 171 167 295 99 310 42 116 353 231 195 145 240 
