33
137 8
343 218 353 246 240 180 100 95 220 68 9 214 160 105 89 94 156 88 161 143 57 310 264 49 143 233 105 319 21 338 155 274 138 284 103 359 256 224 16 313 312 226 274 112 136 59 261 94 201 148 220 128 307 287 320 214 100 13 81 271 109 90 308 181 265 338 145 259 203 165 280 316 216 179 28 111 318 180 165 350 105 189 39 95 309 27 203 348 305 9 337 54 282 83 172 222 110 324 89 355 347 96 155 323 224 253 135 186 337 308 355 164 232 301 46 347 99 115 155 203 307 135 124 77 171 246 264 296 334 241 216 236 264 322 31 338 114 
194 219
279 262 144 151 16 92 18 258 87 172 92 250 91 340 88 62 99 144 65 54 328 192 329 249 99 317 305 346 127 30 151 257 133 247 116 97 110 315 60 200 346 236 310 137 112 320 11 353 171 102 113 226 301 168 300 153 213 261 81 359 194 312 104 337 107 167 90 257 317 91 248 68 325 271 348 293 257 210 118 278 305 290 269 166 96 215 105 88 104 126 226 103 216 307 51 108 272 248 262 303 186 16 294 55 265 22 152 215 156 43 337 281 115 240 191 243 292 203 113 263 39 339 348 189 267 123 304 191 212 23 205 252 153 116 341 34 338 115 96 339 185 24 99 128 237 142 331 276 112 100 229 39 117 89 17 324 61 325 168 126 305 74 214 107 194 51 20 210 148 65 84 10 286 32 0 27 43 110 35 71 118 159 32 217 347 31 308 100 41 158 25 71 331 318 
42 224
134 16 179 255 233 39 278 44 280 137 110 140 266 131 205 49 85 315 224 143 253 213 33 96 26 326 102 16 59 350 221 179 290 357 58 241 331 158 160 302 107 17 
12 282
88 6 267 196 55 137 118 135 31 297 29 197 
97 312
303 210 279 359 169 313 169 196 261 84 350 352 135 28 80 72 78 288 210 224 94 229 105 53 349 260 193 177 171 231 13 5 132 269 81 259 261 98 185 264 261 203 21 51 100 282 331 140 5 12 15 315 80 102 118 122 268 268 12 31 333 244 6 141 221 272 169 106 209 31 303 241 245 324 0 357 254 280 218 34 353 3 302 187 180 105 54 254 216 172 153 284 83 97 253 139 144 
170 305
3 260 85 358 107 219 343 110 150 71 146 223 356 49 336 240 151 154 83 86 355 17 256 42 174 143 139 340 304 297 63 132 249 292 195 298 116 322 105 167 359 282 4 168 180 280 10 10 277 351 240 323 143 327 82 322 257 13 70 52 250 255 79 80 218 306 21 328 7 318 20 307 101 253 129 107 9 337 140 89 341 151 141 241 60 155 209 200 92 203 153 46 297 67 29 132 233 317 19 177 237 62 43 77 15 55 78 201 300 297 94 322 77 114 119 197 140 88 119 62 291 291 142 64 282 255 224 156 126 331 110 58 73 158 124 221 208 123 123 176 244 293 355 91 183 348 178 76 244 106 126 106 133 130 315 13 60 131 182 177 42 10 45 153 237 266 108 140 199 253 
219 62
176 204 143 128 122 236 232 221 105 245 161 112 44 194 35 186 164 19 75 220 113 214 204 338 296 191 283 105 150 21 180 7 132 150 102 182 175 87 149 100 217 300 237 332 222 305 270 85 248 3 71 11 237 218 46 171 327 192 53 163 319 246 241 203 40 160 288 197 341 154 71 105 297 173 293 15 257 250 345 299 151 269 265 285 79 89 239 76 71 72 108 253 216 216 45 214 261 184 27 296 57 187 158 341 126 252 300 315 89 226 284 128 54 117 233 254 221 303 230 145 157 290 29 340 276 271 153 335 7 303 197 11 25 313 197 206 25 274 16 251 9 318 292 187 291 251 89 292 236 7 142 236 300 338 192 329 314 272 112 10 23 45 84 73 162 209 274 238 281 39 265 132 323 312 296 180 255 129 71 304 220 125 105 97 322 115 338 296 272 309 297 22 114 112 66 190 346 274 302 198 97 259 7 174 242 352 80 202 311 263 323 151 138 278 335 195 24 308 201 
21 327
162 355 109 80 54 2 44 102 44 61 314 286 236 14 157 160 29 215 111 131 308 
214 349
75 277 326 329 212 245 172 358 317 156 98 167 324 164 5 188 321 230 264 198 161 102 170 303 44 138 313 227 144 290 35 222 179 141 196 93 338 196 192 5 232 182 62 226 26 240 62 240 351 89 39 158 94 276 196 243 303 125 180 205 100 175 206 120 249 40 212 319 123 200 245 40 335 54 115 121 220 293 263 348 53 206 202 234 298 344 178 28 44 26 29 44 290 20 81 163 301 163 328 6 76 237 0 200 18 79 78 28 10 132 40 286 314 355 116 37 81 13 170 100 120 88 255 78 353 147 312 125 153 91 327 267 90 275 120 294 308 298 326 165 49 110 258 128 19 260 216 249 96 279 226 278 185 84 72 136 275 333 96 58 134 312 100 21 40 252 184 239 88 219 304 180 85 230 172 170 340 317 268 307 324 120 236 267 2 185 350 192 264 137 175 82 0 207 304 295 297 176 218 161 286 46 315 234 96 132 110 129 335 179 61 15 75 114 
165 83
0 116 328 175 199 336 3 355 326 338 353 103 143 320 191 105 229 297 265 291 116 15 215 222 341 319 153 168 220 309 42 107 217 338 49 64 53 338 31 309 153 192 343 231 94 213 231 233 221 241 215 321 261 111 294 94 135 312 127 105 338 289 72 97 20 38 156 247 313 222 236 174 126 253 9 286 313 187 121 221 7 156 178 357 155 342 59 183 4 111 111 277 27 348 295 245 104 150 115 340 86 174 266 2 36 342 100 231 31 142 101 178 161 145 75 273 314 194 119 19 36 93 271 235 281 190 302 225 267 42 215 102 223 47 186 218 126 170 128 81 184 327 177 105 322 7 175 91 27 13 262 281 273 34 125 55 286 322 157 19 215 66 264 47 257 
273 210
272 262 95 32 259 272 40 356 164 134 248 130 5 232 303 69 203 27 130 310 180 331 142 318 8 178 5 54 130 343 203 111 231 231 88 242 93 33 215 178 2 147 352 52 10 358 200 210 302 277 67 331 335 73 280 32 142 13 213 142 350 340 124 264 204 332 14 298 331 328 97 31 40 265 227 153 15 56 71 328 31 2 100 26 193 4 333 316 187 191 48 6 235 171 64 335 141 95 6 254 335 248 297 104 24 161 160 345 121 266 103 47 316 199 335 161 147 118 286 117 306 127 84 278 318 172 77 207 344 98 269 161 280 73 342 322 73 176 72 214 228 319 179 284 234 342 248 87 321 339 45 37 238 317 333 47 209 312 352 174 23 105 149 105 35 245 311 353 269 1 243 353 45 317 52 267 134 39 116 52 9 200 127 57 36 229 54 111 86 263 202 310 325 342 74 99 83 100 287 222 337 33 39 188 111 354 147 292 244 172 73 243 339 50 359 156 327 313 332 102 27 310 81 73 5 9 155 346 263 17 342 49 183 319 21 117 136 217 45 88 218 311 2 137 243 327 180 30 216 8 71 193 309 149 213 358 184 178 340 259 76 204 100 220 302 28 332 221 321 43 127 156 218 
304 99
231 254 201 354 307 75 204 249 236 348 201 144 1 251 65 162 346 13 251 80 190 114 317 328 268 55 97 182 232 79 354 199 289 318 38 293 202 106 321 314 2 265 43 212 206 200 357 213 280 354 150 197 38 335 190 82 142 21 191 128 176 160 169 37 237 126 278 189 60 182 276 100 272 13 248 35 173 236 102 70 167 52 233 191 23 244 214 13 182 178 43 123 62 148 331 8 123 238 7 239 31 158 80 183 259 163 99 146 207 143 258 41 253 9 163 260 59 138 202 162 58 259 248 227 226 313 185 92 24 313 117 180 158 298 122 201 57 285 35 55 331 111 44 341 344 167 53 301 316 101 220 321 5 292 212 342 257 101 214 78 66 233 293 40 256 106 162 335 287 64 7 140 101 162 206 354 213 293 325 225 280 351 267 172 18 342 106 40 156 121 69 310 322 226 189 285 0 165 323 118 199 157 173 213 293 350 33 300 175 82 329 120 186 257 164 147 27 20 211 141 35 221 12 326 23 12 311 240 78 311 210 109 100 119 106 171 243 146 165 285 298 34 82 133 200 119 273 254 325 229 72 252 154 108 170 339 269 35 303 66 160 55 64 341 160 33 219 114 183 356 51 123 104 29 261 229 120 322 40 204 190 265 249 161 163 9 224 46 271 321 77 294 300 260 216 258 327 342 287 341 30 50 239 26 
207 204
278 144 14 349 273 173 44 137 282 156 15 8 24 279 320 173 119 135 67 36 35 45 183 89 216 245 156 226 339 187 298 258 356 296 208 235 21 5 131 153 296 205 248 125 308 344 275 241 106 358 39 122 181 22 339 247 225 110 40 193 249 85 14 272 168 250 231 34 0 93 110 227 235 148 16 250 328 80 122 340 295 64 211 102 301 260 196 322 318 229 68 288 69 193 206 36 277 69 295 134 195 49 35 299 155 17 296 131 68 43 18 166 143 3 144 302 273 293 347 296 340 314 355 344 269 251 249 175 182 237 350 233 210 236 263 22 293 316 261 13 9 54 278 345 320 199 345 163 311 307 86 118 228 283 246 335 44 104 334 85 288 238 13 10 223 264 42 144 208 267 182 115 54 187 112 111 154 175 101 292 233 224 312 123 14 182 25 41 323 333 280 126 43 177 61 187 107 205 276 141 19 204 129 113 64 354 142 
131 303
86 20 107 352 269 266 185 222 73 126 137 166 359 170 57 92 195 92 71 288 192 343 76 125 158 125 351 352 124 180 194 252 255 206 309 231 95 116 231 356 66 328 243 110 217 266 217 256 200 127 228 340 265 50 319 115 104 96 157 105 264 352 0 71 245 269 151 146 277 100 200 27 134 54 229 337 264 168 311 2 359 266 32 286 278 17 164 96 348 51 192 43 89 170 222 148 164 279 350 111 216 266 27 189 269 329 332 9 33 348 28 122 160 64 164 41 14 275 121 163 265 140 246 148 296 69 37 100 298 68 239 
117 351
255 11 44 118 69 241 280 32 79 48 344 283 180 246 113 90 162 119 176 112 217 335 143 162 149 113 125 7 2 113 124 175 268 297 66 273 158 322 83 100 259 270 53 315 330 111 179 47 139 356 327 255 5 256 172 199 212 137 317 294 77 95 245 159 334 69 312 98 263 183 75 199 187 29 89 231 282 160 350 242 253 166 252 329 181 205 80 265 63 54 282 76 227 188 221 93 322 56 167 289 83 164 261 85 93 341 50 326 93 185 155 341 348 147 293 338 291 
97 150
238 208 43 136 17 24 259 157 34 41 98 15 110 132 290 190 147 39 55 211 63 301 43 8 348 152 89 215 241 311 156 222 227 123 296 317 57 69 72 288 1 4 304 160 179 237 347 337 217 289 320 42 186 153 194 357 303 258 273 151 214 310 183 223 268 241 224 244 175 280 188 104 140 159 216 226 110 103 2 87 305 251 350 246 180 148 51 268 74 16 228 245 240 277 136 119 27 
272 131
128 210 176 51 128 46 322 217 42 35 207 258 184 183 20 356 94 160 190 195 100 304 32 39 246 198 175 124 101 36 338 100 100 263 36 157 42 235 2 172 204 75 131 12 312 96 339 170 228 118 161 242 303 345 165 11 171 122 105 305 344 317 13 224 148 215 107 354 44 358 57 229 321 118 200 1 154 271 272 279 55 176 147 314 271 259 114 42 236 21 152 345 258 212 307 0 299 71 69 67 218 35 159 32 50 141 103 38 358 215 22 149 311 125 346 338 25 273 358 65 338 280 253 203 87 58 189 99 310 258 19 46 173 175 139 190 320 69 332 314 254 222 267 293 192 38 357 281 283 1 145 37 140 206 192 247 76 247 87 240 108 296 328 27 353 160 290 7 25 184 117 241 130 208 156 228 13 216 261 265 48 263 118 263 270 151 55 12 186 226 243 47 174 273 85 198 149 52 198 352 317 44 103 78 355 103 237 74 294 172 188 69 78 88 317 41 115 304 233 38 226 200 252 109 30 206 250 257 71 167 255 349 318 326 233 302 345 28 49 325 107 87 219 314 276 338 274 70 307 64 293 18 310 194 242 127 173 224 329 158 332 65 282 50 104 140 165 258 233 162 358 60 
166 248
291 215 40 95 22 338 315 101 13 192 80 157 189 272 141 25 105 301 218 229 309 228 276 43 72 117 260 74 116 226 257 124 109 148 115 65 334 270 189 291 230 169 110 107 231 194 6 31 239 191 134 292 91 111 217 238 1 181 328 2 49 250 49 304 254 209 65 355 322 198 16 40 36 259 206 204 133 270 141 355 35 223 322 69 137 28 221 13 272 214 119 11 95 85 121 42 267 286 14 188 28 262 344 148 5 293 84 154 149 316 212 218 127 119 199 144 42 87 263 108 283 201 96 25 205 273 8 105 93 2 154 75 359 256 216 90 77 192 266 145 124 326 136 11 294 264 335 58 290 199 101 126 280 6 197 327 354 274 1 204 328 280 147 0 304 96 
225 2
292 78 179 74 75 358 164 216 113 350 341 324 128 21 128 135 147 205 248 291 81 353 20 205 70 70 35 261 304 285 75 127 279 212 113 308 248 57 11 84 54 330 43 263 270 65 142 97 321 324 250 275 269 287 293 332 143 275 354 93 217 241 75 230 117 166 249 3 317 252 35 220 358 32 87 100 120 86 77 264 191 265 155 317 49 5 76 292 288 279 126 29 35 3 1 223 5 248 48 54 73 91 57 130 176 299 34 190 215 278 119 192 220 206 231 159 2 107 79 82 183 151 354 91 226 326 298 27 195 102 188 29 268 251 90 27 115 191 341 15 280 168 60 95 305 271 13 228 290 333 229 194 271 334 106 227 310 211 68 58 25 259 61 333 321 185 46 212 273 19 67 24 239 205 281 163 280 295 132 13 330 27 302 8 108 265 128 152 34 313 130 143 144 47 307 342 33 124 138 81 59 127 208 6 249 78 233 253 253 316 112 329 319 343 267 231 308 70 333 159 169 295 320 353 259 
99 317
267 90 270 170 63 267 182 264 238 17 215 23 48 325 183 264 305 309 231 87 98 209 351 73 347 114 133 26 96 149 163 229 311 103 256 130 98 320 107 110 355 140 216 319 106 190 107 55 44 287 234 137 166 350 70 221 152 272 241 169 139 77 2 286 261 339 239 254 271 114 295 92 140 66 14 38 330 187 350 299 191 111 129 219 354 138 114 68 264 164 355 43 27 307 197 35 275 168 291 
14 250
270 201 358 96 57 87 106 240 103 338 141 29 131 301 
261 106
109 285 112 24 98 228 80 212 154 346 82 240 126 358 213 79 174 118 281 39 72 153 29 40 210 117 329 316 160 207 237 165 30 236 166 201 226 154 21 319 308 123 124 210 16 250 190 208 217 261 225 256 358 332 258 146 93 173 160 197 91 168 357 207 311 306 324 343 142 255 273 352 239 300 71 161 339 211 339 231 343 325 46 125 108 311 65 155 159 81 62 349 333 251 170 125 232 219 269 277 109 122 204 240 144 150 95 282 308 318 235 1 28 199 358 25 20 342 340 287 335 209 330 81 52 147 133 308 155 143 32 302 274 338 36 299 279 161 61 192 108 244 7 247 276 41 116 310 309 126 171 289 219 197 311 41 107 0 357 23 351 345 263 157 12 128 226 223 168 160 125 236 47 210 132 9 249 293 250 18 142 235 167 67 87 57 7 33 256 106 17 82 40 301 183 336 97 306 124 30 29 126 21 107 49 272 40 127 349 15 231 126 57 113 206 142 114 21 18 293 113 271 213 276 155 317 249 65 154 234 342 213 324 318 217 278 209 110 343 183 197 82 26 168 348 112 32 292 136 242 295 320 325 252 45 204 118 116 328 353 255 
311 349
219 119 138 292 116 194 178 216 358 349 58 248 291 92 133 45 119 312 84 65 225 138 345 358 100 86 139 110 232 313 212 321 261 306 280 155 274 98 142 185 356 212 228 210 94 340 245 160 299 99 35 25 152 273 329 302 143 129 145 319 357 15 193 138 82 126 216 291 230 277 39 238 213 304 269 78 340 261 28 251 173 64 230 199 131 163 353 319 167 21 322 227 327 0 246 239 307 85 99 65 118 278 90 90 123 352 118 238 66 4 315 60 317 336 336 315 149 143 358 215 109 56 15 77 278 236 164 42 238 334 312 173 142 243 47 17 160 32 283 184 241 238 163 211 236 304 55 185 19 267 23 310 224 115 183 23 351 273 24 72 138 274 157 330 289 349 149 68 111 15 64 269 345 127 263 166 126 322 0 247 24 137 128 10 147 17 306 233 70 309 339 211 179 70 332 284 281 151 13 144 352 244 17 71 14 196 131 310 14 40 101 350 196 281 325 185 60 272 10 204 294 113 198 140 224 23 134 131 270 337 117 257 179 44 187 282 135 85 10 29 104 345 118 185 209 285 80 242 139 112 222 314 124 6 167 119 357 82 259 232 27 190 277 357 275 301 165 52 30 22 93 248 195 298 117 190 195 250 45 208 165 212 220 34 62 172 316 32 257 117 321 351 297 260 240 140 80 186 278 68 285 260 329 151 183 292 127 73 94 347 69 
255 323
220 292 257 47 317 242 120 308 295 20 288 358 313 355 270 304 326 156 135 206 322 223 79 243 327 164 72 14 77 253 352 340 157 89 134 185 282 65 264 298 310 131 195 330 348 25 327 53 323 276 333 326 104 21 329 66 287 136 116 37 92 334 328 18 346 139 299 294 115 344 306 232 246 84 343 208 60 290 174 189 347 46 225 296 214 249 99 127 336 294 355 318 170 60 316 92 142 39 125 204 179 65 252 323 97 101 5 29 343 83 354 278 345 38 27 321 247 320 57 85 85 184 115 101 245 353 324 10 28 239 50 178 155 47 21 188 74 347 91 257 297 266 344 127 27 250 260 309 33 349 162 61 43 214 213 304 284 314 5 127 212 112 104 152 251 12 328 156 106 176 39 284 317 78 304 29 68 41 117 161 129 191 66 104 228 26 118 257 187 65 305 187 311 4 148 341 80 181 262 0 152 345 133 75 237 145 130 325 176 140 305 60 231 11 47 339 87 175 64 224 87 90 104 110 131 91 167 354 276 21 40 127 121 349 146 236 156 337 70 224 319 112 146 258 269 233 350 321 63 314 102 261 91 355 21 
155 4
357 104 38 239 9 183 228 117 58 358 147 106 132 107 167 308 93 208 234 334 70 50 246 34 255 276 155 147 172 61 338 39 30 71 16 94 207 340 59 253 139 269 355 241 17 43 258 349 214 283 100 161 309 85 354 115 83 72 353 54 112 168 191 207 245 70 43 345 285 131 304 218 287 0 197 142 233 263 58 301 2 101 331 201 8 54 268 95 62 6 265 31 21 183 158 101 315 55 155 90 56 133 56 314 60 254 55 130 6 49 165 181 32 143 137 126 42 167 306 319 48 344 306 334 319 182 303 57 207 127 277 176 150 345 314 342 12 339 347 220 12 228 192 191 192 195 25 206 158 75 52 253 301 145 325 
193 106
321 313 286 74 94 142 160 35 78 268 261 169 166 9 296 322 25 74 162 291 96 165 216 205 50 207 335 319 228 68 6 306 23 347 156 208 114 122 261 179 283 105 355 111 17 270 304 230 244 268 218 324 73 244 340 121 142 113 196 92 285 154 145 301 104 261 243 43 132 120 301 103 325 222 102 30 322 220 196 25 152 44 217 135 272 308 220 69 308 109 13 76 140 74 75 340 137 358 355 13 125 172 202 313 246 49 225 282 269 48 154 73 74 162 233 213 222 157 338 121 2 344 139 30 149 146 235 164 82 81 183 298 315 127 334 353 153 152 7 354 165 106 320 82 14 216 139 216 94 285 243 272 109 35 171 331 201 298 95 256 353 81 0 99 183 79 342 273 38 255 247 261 54 354 47 305 335 79 257 28 132 103 58 209 162 274 230 153 22 34 247 326 136 
159 87
233 8 190 357 10 129 87 292 322 337 184 125 100 225 194 246 324 49 196 52 126 172 279 340 87 280 179 133 285 334 199 166 311 39 343 288 86 223 102 248 4 91 104 316 163 225 294 323 97 190 358 224 170 177 286 338 84 48 126 16 260 345 241 250 318 223 117 166 65 341 267 80 268 92 272 219 288 330 193 2 56 85 16 253 37 49 103 124 111 266 310 266 296 145 287 198 262 156 336 321 189 144 161 142 10 143 347 247 170 342 268 315 6 59 31 213 250 191 335 278 330 356 160 48 195 35 167 3 289 248 118 358 50 186 151 311 179 292 149 284 244 298 23 214 197 246 191 114 84 285 249 225 302 293 7 53 277 289 39 
43 329
40 297 86 117 134 279 317 300 325 237 227 323 296 4 1 82 138 35 153 129 6 193 256 292 64 147 223 93 173 308 3 193 320 287 178 110 13 87 234 119 191 262 101 
310 87
28 228 174 220 170 92 329 183 2 201 296 31 189 23 291 249 95 158 110 255 175 54 349 86 296 263 273 12 118 56 266 56 8 76 164 276 210 263 256 25 233 21 19 168 330 349 299 49 323 258 285 328 76 93 82 267 88 189 147 111 55 342 226 136 32 163 212 53 84 234 22 11 239 268 223 297 297 66 151 243 137 1 331 44 288 142 168 234 313 333 163 13 324 321 291 27 44 291 242 273 240 329 30 127 303 311 109 196 274 335 76 233 67 132 197 301 287 222 114 148 167 192 148 201 97 303 236 256 185 318 264 288 285 83 149 145 286 156 206 133 107 340 334 168 298 90 28 31 187 261 61 14 341 198 339 134 95 321 58 33 161 201 137 356 276 225 109 289 238 103 110 260 155 257 11 68 356 40 269 73 130 254 61 5 115 207 157 13 334 23 204 181 79 74 16 187 171 190 205 331 246 68 118 310 55 259 318 5 91 94 126 45 309 174 163 139 40 60 272 88 88 193 255 246 337 114 284 109 50 114 332 208 190 59 89 334 84 359 14 248 239 351 291 222 348 197 62 292 152 36 186 108 138 234 196 231 23 74 337 1 156 73 232 169 106 224 258 105 129 184 65 104 142 48 256 1 276 324 35 110 109 72 188 83 107 326 21 141 19 114 235 359 247 115 315 288 69 315 271 54 304 339 42 143 320 124 78 99 12 261 
337 204
20 319 153 113 174 10 272 40 277 3 44 194 73 346 11 308 266 116 214 313 331 193 329 325 285 301 93 167 186 202 306 60 262 352 146 156 180 208 199 87 194 238 176 63 56 116 228 300 192 4 132 241 191 171 23 135 359 95 157 0 312 89 53 102 197 103 90 151 236 112 9 172 325 119 215 79 110 50 277 354 340 274 114 332 64 236 168 48 10 271 145 230 17 43 238 224 199 122 250 118 172 305 317 303 145 75 20 34 338 188 293 301 274 42 230 105 336 17 230 68 99 28 81 76 26 131 257 143 46 334 237 103 246 314 100 343 116 165 50 155 242 60 339 171 349 51 304 57 185 308 88 281 218 353 264 101 76 39 244 334 24 301 8 47 247 168 137 19 127 322 205 200 299 141 227 115 297 303 55 233 264 156 305 355 337 98 164 37 246 280 36 220 288 147 308 242 39 222 352 126 153 177 227 164 14 63 101 45 106 191 66 222 93 240 50 242 52 237 258 344 37 338 298 247 1 221 223 125 340 69 324 347 285 163 44 109 256 3 68 275 58 39 250 269 17 198 235 183 310 232 184 265 270 23 229 339 139 155 120 311 208 126 177 137 181 104 172 74 275 296 260 23 347 73 33 155 264 173 164 177 175 19 17 272 158 336 42 312 54 57 45 284 206 143 31 32 16 24 265 313 16 105 238 196 169 218 29 257 238 343 45 300 90 337 133 278 244 101 10 331 356 324 152 105 178 246 95 44 207 160 78 309 11 25 290 20 30 
133 54
315 149 319 129 113 234 17 65 303 169 294 345 101 144 275 351 134 123 184 300 54 213 30 351 53 97 237 79 194 116 4 262 197 27 212 156 339 203 92 118 188 199 68 119 190 256 250 217 344 274 334 241 109 17 134 96 235 70 314 321 270 162 324 28 32 250 321 198 171 284 151 272 278 8 271 338 73 235 242 116 9 284 31 146 230 231 182 136 72 256 1 296 262 249 58 128 227 75 169 151 99 172 144 76 317 224 291 337 278 296 315 342 107 65 282 225 163 147 132 4 243 282 223 166 358 298 210 125 167 287 111 255 287 
348 78
171 115 81 323 52 67 170 166 72 179 19 29 139 155 303 295 86 102 268 224 163 2 83 16 180 307 36 137 103 318 35 344 269 90 228 52 217 150 179 340 297 152 200 212 263 273 38 289 236 47 148 82 213 93 165 288 241 151 273 348 143 11 137 17 122 224 326 289 13 256 103 102 249 22 228 324 187 59 264 54 242 140 137 17 135 140 106 44 23 319 189 64 232 8 110 310 162 181 290 127 350 217 113 9 111 93 355 255 16 314 16 157 223 7 120 271 14 6 154 223 223 284 194 3 356 316 257 250 2 248 6 215 138 321 120 216 117 215 71 237 1 176 305 314 307 346 335 210 200 274 137 65 100 32 290 299 343 120 294 284 222 302 23 318 250 71 250 281 288 102 147 336 113 80 88 82 116 327 254 222 11 277 59 214 109 125 195 339 209 321 331 95 244 143 1 354 294 214 345 64 90 332 144 254 245 202 346 268 191 289 224 216 233 336 79 266 60 359 305 208 264 37 251 146 33 195 289 30 259 302 298 74 265 301 43 337 80 133 349 187 187 254 30 230 71 115 178 87 33 359 197 139 168 6 228 209 5 81 314 352 150 337 269 152 356 315 306 64 214 157 139 355 54 3 51 199 184 344 94 202 17 259 358 333 106 21 45 255 285 98 278 182 305 188 296 252 132 38 36 1 266 26 284 47 241 6 355 170 261 63 105 60 42 339 244 37 95 149 272 279 152 155 46 239 199 274 71 73 263 159 132 73 279 165 141 162 261 293 148 254 297 245 304 286 107 226 73 282 
266 312
255 99 289 188 142 344 123 243 110 221 34 241 73 256 202 297 233 140 79 234 308 226 23 114 63 113 259 317 239 119 335 350 122 300 319 287 25 138 2 209 87 64 198 246 37 54 12 114 86 294 174 102 332 128 173 106 283 136 157 190 67 77 315 7 51 174 102 342 342 198 15 84 313 180 234 206 324 165 138 183 4 33 218 186 321 71 239 201 170 261 11 14 48 126 269 210 148 345 231 310 287 152 289 296 108 234 62 304 253 239 207 180 254 170 194 357 88 149 355 104 255 218 128 230 84 299 41 225 303 128 67 120 293 35 188 244 126 133 345 354 278 118 42 182 131 205 42 181 55 164 201 63 269 190 230 102 325 334 233 333 184 214 50 352 23 339 108 329 129 10 97 77 42 134 98 329 88 241 160 344 97 276 91 59 80 14 71 308 129 25 78 204 85 101 178 73 206 238 219 110 171 331 150 158 288 327 191 320 6 297 326 89 163 130 303 227 77 307 126 50 50 225 6 321 122 13 197 101 3 145 64 84 280 312 227 313 296 256 79 236 267 121 227 193 292 50 350 26 301 69 125 207 101 339 88 204 10 274 117 138 49 143 0 128 268 174 
