43
121 149
24 334 297 210 169 95 46 292 5 321 211 63 180 300 199 215 170 217 168 115 119 114 278 144 230 49 347 12 329 269 27 54 337 281 59 251 53 328 307 270 297 334 255 306 325 107 314 206 298 54 127 51 73 348 296 133 34 218 191 72 257 57 323 64 240 33 260 195 188 280 252 329 223 228 25 41 355 299 17 248 57 90 47 33 260 42 240 228 354 21 15 200 2 221 146 208 248 194 3 294 220 260 109 348 325 131 119 341 308 1 314 178 190 261 126 237 259 66 182 158 240 
103 267
194 338 170 116 194 243 48 342 298 89 206 14 160 41 93 317 319 74 137 319 201 174 9 66 8 238 227 233 122 104 81 23 85 62 315 11 187 139 235 135 62 242 321 114 63 325 278 242 40 97 98 358 53 225 190 68 251 175 96 301 113 223 148 184 165 315 127 201 315 117 45 106 135 90 78 330 14 80 282 129 195 1 4 176 239 167 249 20 44 304 108 279 188 328 202 315 332 300 193 269 215 7 3 
162 138
271 347 229 20 59 99 221 163 90 72 278 273 109 161 300 340 337 246 226 251 267 309 104 65 110 174 206 32 75 180 335 281 29 116 208 50 202 331 95 339 37 45 253 252 32 105 3 83 271 53 254 253 359 319 318 44 115 165 289 269 337 269 1 183 146 85 44 136 207 14 79 40 49 200 193 273 199 359 35 10 39 330 228 292 260 350 43 351 59 220 56 101 127 222 148 343 11 33 166 294 36 340 169 232 229 321 342 1 106 277 95 111 131 259 325 16 275 238 331 300 92 241 254 356 153 3 1 283 185 167 72 180 175 187 353 129 86 91 177 180 352 256 81 60 49 358 152 260 103 135 135 118 335 151 146 202 89 253 37 339 216 137 
71 134
27 81 111 116 170 210 204 220 5 86 23 169 319 239 49 141 96 176 15 15 104 253 155 258 230 223 136 311 70 163 127 313 106 174 337 166 12 354 337 75 232 332 317 326 268 6 125 134 192 162 258 299 192 55 100 319 154 246 34 217 20 54 165 210 85 296 11 65 25 7 123 
218 269
227 155 325 117 48 314 216 281 295 135 204 308 331 90 181 241 280 182 13 70 6 162 30 47 74 346 10 241 77 158 118 82 177 156 74 48 342 92 72 241 299 81 332 92 5 206 310 308 44 223 170 30 304 99 273 77 209 17 229 112 61 158 56 341 135 183 74 212 67 226 240 151 359 11 319 351 10 131 130 13 219 310 174 64 175 338 178 166 268 91 292 289 119 264 206 119 311 302 158 265 173 160 113 93 37 267 166 225 326 272 233 305 200 85 72 236 182 164 91 244 263 36 196 228 256 58 202 233 83 247 58 138 6 96 47 138 288 246 63 282 51 121 291 235 42 14 24 227 97 104 188 195 67 333 343 221 233 158 49 198 112 50 330 2 249 276 56 258 21 295 237 310 97 188 2 245 80 218 145 77 198 271 232 97 225 172 101 13 46 273 230 123 162 332 279 9 355 283 55 39 9 178 127 164 6 38 148 230 159 272 243 292 22 282 92 70 190 64 
58 57
21 0 272 21 50 231 328 199 214 75 8 327 291 304 269 88 53 220 151 52 102 80 219 305 307 156 158 309 165 93 327 10 215 338 141 241 97 41 261 312 66 219 166 337 35 187 66 152 320 263 283 115 6 91 344 136 162 297 
224 152
185 261 57 117 295 221 259 225 28 35 115 169 134 268 266 243 321 181 178 341 294 119 269 357 126 40 232 260 8 14 254 133 337 328 213 277 271 240 16 309 231 43 160 291 162 320 304 245 322 38 48 325 359 308 293 65 35 108 219 25 162 106 75 141 275 66 78 329 271 261 62 174 300 238 290 62 305 292 50 282 251 194 190 23 79 18 230 317 19 315 62 249 162 251 65 109 47 116 315 257 14 169 255 35 234 91 176 258 267 205 151 56 358 322 27 224 85 345 123 209 68 257 157 333 147 251 351 82 39 66 162 164 274 38 220 84 223 44 94 354 317 192 75 12 188 351 100 115 36 202 315 136 92 1 188 236 308 230 318 29 301 146 103 13 202 320 165 158 359 287 129 13 192 69 205 103 322 301 271 353 239 272 338 42 163 288 281 210 79 56 199 58 93 25 290 228 293 353 58 341 201 181 338 79 335 125 145 281 287 10 274 316 10 158 32 278 173 278 233 123 154 65 279 226 
301 248
222 57 74 256 167 162 340 95 105 64 213 185 233 199 150 205 345 178 116 7 76 10 144 58 298 305 263 280 194 253 312 330 87 84 20 199 287 58 219 358 69 339 0 123 182 182 236 55 132 37 98 308 9 338 216 241 310 269 224 209 289 112 325 13 88 102 214 215 32 345 136 293 46 65 273 74 71 222 334 177 58 164 278 31 207 303 354 233 340 339 48 24 309 58 105 290 296 153 222 23 336 149 136 184 316 337 129 25 168 41 87 162 0 245 73 46 63 249 120 1 64 61 344 53 125 113 222 323 200 331 9 336 311 272 27 217 285 356 23 42 316 222 219 211 325 18 275 104 305 76 71 11 54 290 187 78 75 134 92 295 305 266 277 132 49 78 9 232 329 314 61 152 66 229 214 358 227 355 37 264 281 49 102 139 203 125 346 124 334 328 192 232 11 77 331 102 202 220 10 16 194 108 169 163 43 141 98 125 305 303 55 253 38 170 59 285 230 233 169 234 99 43 277 352 213 356 238 67 94 325 191 106 77 129 223 154 29 337 249 212 307 179 306 149 283 151 244 34 296 255 300 327 290 203 45 26 166 181 322 44 121 57 171 286 345 144 295 136 12 147 15 99 243 8 58 277 181 168 109 57 192 161 106 328 113 355 196 343 58 202 116 51 207 309 21 60 247 352 204 48 7 
287 88
4 267 32 112 166 254 109 332 213 171 182 189 251 353 136 4 345 349 269 126 232 186 85 48 27 29 57 58 146 275 122 314 77 240 60 110 321 165 115 133 54 57 87 121 134 207 201 182 264 3 190 244 256 130 222 171 31 96 59 149 39 13 280 21 340 312 97 237 355 322 209 318 343 330 312 171 212 328 210 7 317 352 235 123 325 260 43 254 306 313 75 274 317 113 251 337 182 34 169 58 197 164 53 79 320 24 134 250 82 114 245 188 40 195 129 151 88 134 273 149 201 239 191 250 8 217 50 258 223 90 180 168 283 181 152 344 350 114 180 181 295 239 304 179 95 359 175 15 224 147 102 271 230 157 40 207 184 28 153 52 101 0 100 230 211 73 348 270 77 191 179 282 45 120 7 40 289 60 269 274 342 177 76 347 91 117 5 303 47 75 119 156 338 194 198 22 332 17 175 173 123 185 190 306 343 319 350 162 128 255 254 58 353 59 270 251 106 121 176 3 251 75 232 45 307 163 72 209 346 356 73 191 245 322 341 182 31 175 190 149 212 247 94 324 118 56 338 104 97 345 110 77 99 145 208 217 170 180 189 40 55 166 24 349 85 281 223 4 218 85 170 207 276 122 304 359 172 118 338 282 11 213 200 60 240 239 122 
243 177
82 41 357 261 132 131 201 224 132 55 121 93 85 145 259 310 90 200 268 110 202 62 33 236 166 170 124 339 129 288 313 267 82 280 173 140 265 246 152 326 108 223 178 206 351 184 199 174 307 210 323 299 290 1 16 25 129 194 55 287 98 54 150 108 59 164 134 78 242 310 339 281 42 311 35 281 37 324 237 88 174 77 187 275 108 218 189 100 22 109 90 74 79 200 11 25 148 17 15 59 313 314 10 266 107 254 52 259 239 243 87 138 265 112 69 89 225 39 336 11 342 134 250 167 276 266 352 243 177 135 55 61 21 22 241 126 187 277 344 159 76 39 298 338 249 76 43 50 306 166 57 16 115 263 298 352 72 225 86 22 22 178 184 124 111 152 331 241 290 85 153 216 5 165 207 251 1 107 4 217 107 143 71 328 79 217 11 258 350 125 269 319 272 107 32 328 227 65 239 343 344 245 114 309 223 217 279 103 39 181 343 181 210 268 51 187 216 225 49 334 213 286 319 110 102 198 118 283 85 116 304 327 131 159 189 151 304 283 246 55 346 266 219 
107 7
304 67 108 320 193 241 89 303 356 53 244 228 78 338 134 188 61 341 15 330 16 108 208 32 287 255 220 174 204 235 7 275 65 231 113 127 81 171 281 190 22 257 100 225 107 110 94 308 224 325 80 115 195 298 114 119 272 275 271 95 12 329 294 309 26 256 239 332 105 157 37 126 240 349 233 74 0 106 120 273 355 31 321 281 119 60 166 158 317 244 105 98 289 130 239 209 292 127 44 356 357 326 317 19 183 316 68 
329 34
24 65 161 172 319 222 244 148 83 58 75 272 237 329 149 93 146 340 181 246 110 355 120 351 352 12 288 125 339 152 157 253 307 273 229 289 76 169 331 327 42 271 263 328 33 68 132 172 25 35 252 181 269 128 186 186 212 274 153 340 9 39 311 303 189 133 180 73 276 166 10 292 61 231 166 25 1 134 343 91 151 112 210 125 304 69 193 71 287 102 348 46 186 279 1 265 337 60 240 185 10 106 141 299 208 195 357 273 306 118 305 124 289 319 50 351 89 148 344 167 329 131 64 314 171 281 7 328 358 245 263 180 16 163 212 159 197 325 243 151 101 236 283 334 131 59 306 229 163 47 251 297 342 207 82 295 203 342 74 108 349 209 330 231 220 275 331 131 355 104 17 324 278 334 170 275 302 241 231 233 310 78 95 354 232 184 234 185 175 147 283 90 238 165 6 220 30 342 13 244 148 107 272 67 53 93 354 51 77 23 249 196 73 158 221 9 304 235 214 322 125 300 235 235 235 228 283 157 143 258 58 210 12 347 186 168 203 235 195 175 238 271 135 178 316 326 151 213 197 286 301 61 203 165 238 127 254 331 207 282 133 166 109 19 238 252 225 75 74 175 302 317 91 19 347 140 48 347 203 155 337 130 345 256 307 184 321 162 142 315 74 328 80 111 246 216 258 60 160 149 7 190 339 227 188 131 56 14 20 56 315 319 206 166 147 34 83 45 213 219 359 215 326 307 167 218 254 137 105 
178 118
314 284 312 227 203 242 267 39 235 225 245 279 26 303 256 273 296 23 155 185 166 98 207 201 88 198 279 159 68 127 62 274 83 157 12 272 336 231 308 20 299 284 260 22 177 138 162 342 193 71 263 91 288 234 272 159 180 250 121 131 349 319 88 286 197 189 7 174 70 105 42 282 148 288 266 176 200 237 323 324 351 220 336 142 101 84 4 129 258 16 122 104 23 138 31 22 295 274 41 86 108 299 67 216 97 353 119 122 141 71 224 68 98 91 155 39 0 32 215 114 201 289 274 253 101 273 274 88 279 284 61 124 111 242 314 162 123 339 120 237 191 285 293 200 236 127 20 191 242 102 87 44 154 209 149 176 305 252 90 177 142 335 266 267 153 334 244 206 309 93 16 57 174 311 173 124 86 81 
218 128
185 149 88 221 290 277 208 336 298 228 57 75 129 225 181 213 269 125 23 162 260 286 345 4 75 70 136 223 147 150 162 15 48 233 89 139 324 171 230 211 62 125 65 253 352 260 93 128 69 292 190 114 163 62 265 19 292 187 223 297 177 71 119 313 252 318 257 179 283 167 293 111 174 306 342 144 159 84 244 99 350 33 349 336 351 310 175 267 118 314 115 1 126 240 37 354 350 20 343 323 23 1 112 246 278 278 39 102 247 267 127 101 29 159 8 128 332 52 180 338 227 239 321 10 342 315 49 56 225 157 26 99 263 346 346 40 216 153 109 44 14 212 271 216 252 96 314 69 21 196 205 214 340 278 206 140 186 120 289 234 223 23 246 64 186 3 40 354 29 295 274 189 175 308 259 241 75 132 335 307 9 233 103 279 24 174 51 224 229 255 28 187 29 98 53 156 257 59 200 316 357 91 137 104 184 356 207 322 107 23 327 12 301 186 321 214 334 351 
239 240
213 297 339 351 62 182 50 238 139 121 271 1 177 341 224 15 323 290 72 346 201 10 286 355 93 286 8 281 54 159 246 164 18 219 51 296 41 302 271 170 175 29 161 97 121 161 348 146 105 192 33 17 267 337 103 2 316 304 198 23 240 157 196 321 245 312 167 88 213 120 341 162 158 328 142 41 140 139 98 171 197 84 227 267 305 314 296 106 318 68 345 224 187 88 292 73 149 11 107 115 158 45 36 203 93 343 248 281 75 301 159 170 41 268 215 207 19 53 260 209 134 174 41 233 205 348 209 188 314 185 18 82 44 161 204 154 33 177 106 216 114 39 113 145 304 2 336 318 299 218 203 6 159 23 17 310 101 42 155 293 355 83 349 32 58 254 7 68 295 266 308 344 99 44 39 273 126 214 308 102 273 213 189 16 225 155 62 310 108 198 186 48 20 79 315 111 53 92 141 259 13 286 26 357 163 85 277 223 96 81 35 259 231 302 125 257 105 131 313 338 308 265 70 333 37 137 223 34 154 197 182 304 243 14 148 285 12 349 340 
145 353
90 336 16 293 317 139 278 81 175 273 126 93 273 261 30 214 161 352 247 222 3 255 136 121 195 33 46 324 2 172 237 280 226 72 240 187 190 255 141 163 25 122 221 269 274 273 202 155 91 205 37 81 233 160 145 15 158 25 251 159 204 295 218 49 131 335 105 192 329 276 331 116 150 69 27 279 1 17 80 46 183 115 139 359 54 341 321 154 71 357 303 15 272 190 138 115 225 222 237 90 118 116 193 76 97 61 12 107 156 60 184 272 166 229 319 341 163 150 246 116 142 108 13 293 63 120 179 324 235 208 215 130 187 116 336 166 34 168 291 350 194 329 187 323 46 
212 300
311 355 212 320 20 236 217 78 341 297 90 199 321 111 92 193 289 258 343 252 120 259 122 105 44 305 219 4 41 292 255 145 136 146 57 316 253 100 333 343 186 85 214 332 234 328 235 354 36 90 96 150 49 324 126 66 230 229 51 238 16 101 177 26 196 256 24 273 343 137 300 69 138 230 357 218 322 108 159 168 272 236 198 36 87 253 141 16 88 240 273 160 85 20 280 227 326 31 3 341 339 93 60 211 148 131 18 177 84 271 62 230 44 153 54 86 7 216 244 191 220 160 166 109 66 153 33 278 302 189 289 35 173 175 87 61 26 158 235 332 29 249 221 268 64 72 310 196 250 315 296 334 283 197 224 67 50 103 279 152 207 203 255 42 97 337 116 268 76 305 2 232 144 66 329 231 155 236 290 117 246 297 327 286 45 132 80 215 92 112 108 100 199 102 326 21 218 115 197 255 5 72 254 173 257 99 133 256 358 208 161 336 
315 121
196 234 278 270 228 82 146 164 199 130 333 350 257 231 153 323 38 205 24 136 304 356 269 271 127 45 126 162 233 35 187 3 148 273 343 326 264 209 172 301 166 265 242 135 352 43 5 16 21 52 269 137 52 44 306 108 331 359 128 239 306 133 0 319 99 203 61 0 99 167 26 274 123 235 273 107 90 125 228 331 300 173 95 354 284 142 52 132 67 321 79 162 65 304 270 126 131 49 344 257 119 309 245 163 23 96 264 22 199 269 66 149 162 331 138 71 82 264 54 192 271 119 342 65 304 289 140 185 165 124 120 249 346 56 38 175 67 75 339 243 262 359 252 121 307 289 138 343 164 311 191 72 41 143 348 271 28 25 76 24 131 166 22 277 127 185 29 33 230 18 172 0 64 203 89 36 254 59 260 72 177 229 174 313 343 297 92 164 291 8 98 50 226 342 268 256 71 326 270 291 155 271 268 332 213 136 281 278 327 333 173 171 17 60 261 64 184 15 309 294 247 68 327 194 84 296 147 346 216 213 95 194 25 170 280 329 79 357 80 238 281 175 37 120 244 130 25 188 140 230 280 268 71 278 120 66 97 271 89 240 131 313 189 197 60 20 76 14 62 241 70 207 37 17 57 54 220 279 343 189 145 210 261 145 266 185 161 151 352 171 16 155 2 72 180 232 342 68 309 60 289 116 154 291 265 46 12 271 259 168 39 93 96 320 166 
29 181
36 357 343 332 50 234 155 157 15 46 203 251 142 75 160 349 59 50 143 129 17 31 114 23 76 310 14 210 25 
322 155
206 142 182 65 219 102 190 64 284 85 356 297 57 311 198 264 194 234 119 143 193 80 11 88 357 265 220 311 170 342 139 101 112 16 110 348 170 65 240 106 70 32 149 180 323 287 136 222 119 205 40 353 273 163 167 134 319 275 70 239 86 112 59 89 329 103 344 173 234 34 13 177 277 204 103 37 77 186 98 358 99 16 344 284 284 347 322 214 274 28 338 186 93 181 73 58 65 125 101 201 341 250 9 19 220 340 271 341 238 218 26 227 349 223 284 288 63 214 42 84 174 215 295 177 218 62 34 293 266 282 4 183 359 56 13 108 177 225 202 331 90 214 205 91 59 78 339 287 108 353 339 47 300 95 327 299 313 330 44 202 19 256 172 263 312 48 135 182 263 310 113 201 354 201 221 173 44 178 62 154 272 349 78 131 73 219 6 349 267 78 134 7 193 143 297 136 200 171 138 119 290 211 198 227 160 304 299 100 117 167 326 124 316 182 115 123 92 356 276 190 265 171 108 148 121 53 278 116 119 11 336 218 67 300 224 188 164 191 355 67 190 113 129 191 25 206 356 338 212 347 161 212 252 199 110 46 252 251 274 14 202 72 54 107 107 191 318 336 343 47 69 8 334 114 37 14 212 143 37 232 192 193 89 228 270 194 223 280 231 245 267 183 50 298 356 185 306 301 282 230 126 10 316 328 160 230 0 261 352 2 264 351 24 242 340 125 186 78 309 144 209 356 
239 266
293 1 165 109 62 95 173 183 225 36 292 73 315 188 227 258 45 118 313 77 315 262 162 59 16 283 169 197 317 270 63 311 47 162 250 116 13 107 121 91 42 282 264 200 278 259 231 221 216 129 332 273 254 53 310 40 32 13 163 197 115 296 53 181 149 74 32 349 330 47 109 257 339 222 331 97 161 333 13 69 166 182 213 294 151 282 321 13 18 209 134 0 159 227 35 96 113 279 302 297 324 208 73 179 284 39 221 286 196 250 261 255 225 112 115 134 248 279 177 229 265 96 91 233 256 334 300 144 274 66 255 338 330 187 197 25 146 186 108 232 125 268 189 41 144 343 297 228 128 322 76 230 41 90 222 105 28 185 136 288 156 266 258 245 130 61 176 316 180 78 289 329 307 163 173 353 96 208 137 126 85 5 288 265 63 353 5 34 340 180 282 327 72 307 306 337 322 154 203 97 219 340 297 283 79 95 232 331 126 220 181 244 197 270 18 85 348 343 195 113 239 307 235 343 100 217 302 224 62 344 51 89 146 300 226 165 187 318 323 
19 71
322 179 200 153 89 325 255 24 198 125 324 13 136 223 295 240 348 187 104 
332 41
182 140 189 81 123 216 258 115 90 24 137 48 300 288 61 78 276 172 116 235 189 213 258 210 136 245 302 322 14 212 311 15 338 20 14 190 81 223 61 291 131 101 224 243 219 8 68 32 359 13 278 214 338 146 128 51 242 334 351 61 85 117 209 126 60 354 56 104 303 306 162 269 139 296 18 127 253 225 315 324 273 35 264 29 95 152 218 46 194 10 200 2 257 69 219 309 342 255 142 150 142 0 258 149 239 350 261 34 355 282 114 130 99 201 305 241 331 295 92 262 331 206 112 317 42 133 304 151 42 75 102 228 67 140 14 50 188 263 287 166 124 311 54 226 197 144 88 328 269 295 277 50 117 224 0 72 359 50 175 31 281 159 5 169 189 355 305 350 70 218 171 117 149 155 166 236 28 162 178 3 174 353 246 206 165 159 111 239 2 141 126 233 84 25 242 17 291 99 194 265 166 13 166 206 207 262 129 290 106 334 156 356 124 15 204 299 77 185 0 163 244 160 339 261 28 95 346 76 353 138 17 69 71 136 168 22 121 289 53 244 260 286 48 260 318 343 67 204 342 169 359 267 45 63 225 190 152 187 303 64 126 226 237 107 283 335 226 350 195 108 308 102 246 81 173 297 177 266 180 7 182 182 341 157 349 313 279 258 46 180 202 335 130 32 258 319 261 156 36 79 220 59 9 156 279 335 168 189 141 80 322 233 174 180 52 265 253 113 64 98 258 95 176 83 211 300 38 108 0 237 61 145 
332 309
163 10 181 123 94 31 214 25 53 180 195 345 288 317 110 146 297 27 62 311 325 271 257 191 356 188 303 167 254 25 145 167 76 282 59 19 261 273 100 171 63 116 312 78 247 334 30 76 143 345 103 162 111 46 61 246 257 100 328 92 305 63 317 300 167 170 304 242 12 296 130 194 262 20 327 75 106 254 336 182 268 69 21 113 312 308 15 18 16 128 353 62 292 100 256 49 280 17 1 210 346 176 211 60 43 255 75 138 299 143 307 156 188 237 13 171 201 9 342 53 284 183 90 193 125 275 300 233 288 338 43 29 44 289 12 97 49 234 68 282 320 196 285 233 43 119 281 92 205 193 334 28 195 71 344 44 208 283 300 64 114 119 172 206 326 93 301 239 253 114 122 202 295 108 238 27 323 252 320 340 89 284 170 19 345 320 338 118 76 331 249 11 303 296 292 139 143 246 248 78 350 114 287 101 313 6 163 6 242 100 2 337 154 80 242 231 342 348 311 110 2 24 350 263 145 198 205 65 148 172 267 49 240 323 333 55 47 154 266 329 143 245 151 298 62 14 125 143 91 328 255 316 90 55 81 175 211 297 47 31 296 226 258 232 124 325 84 44 20 334 179 49 200 333 225 40 231 233 8 202 20 211 255 261 240 88 119 22 102 244 74 10 156 320 209 279 166 273 123 153 240 173 213 122 168 55 89 58 325 279 58 90 280 199 157 331 3 87 107 163 263 206 201 13 32 107 270 172 261 340 123 291 
316 24
223 205 326 139 182 350 222 140 150 10 30 67 320 203 47 119 110 324 236 308 81 334 198 337 99 261 76 0 286 264 11 37 145 352 45 332 87 352 1 144 125 250 54 139 6 118 295 0 3 89 87 64 219 161 336 231 251 115 71 307 171 229 110 89 136 352 63 349 323 309 94 137 201 100 119 140 74 294 205 197 2 182 295 32 301 78 162 31 115 261 21 196 95 213 241 135 196 278 59 140 296 126 310 59 19 333 170 253 317 207 95 220 101 244 154 141 147 319 136 300 8 283 244 312 96 190 282 120 176 290 40 236 18 6 34 17 58 289 253 295 159 171 104 48 210 200 179 253 28 100 189 293 5 15 106 175 43 284 307 204 259 237 187 10 224 199 237 273 230 9 294 155 1 354 55 277 240 29 315 9 317 6 333 340 44 233 275 149 46 277 45 231 233 249 272 105 137 162 186 336 205 343 209 333 155 139 283 192 289 65 352 185 19 2 349 256 201 163 338 244 86 336 149 228 349 242 333 103 85 285 318 100 77 287 205 276 333 215 204 157 147 48 157 42 269 196 15 358 89 60 221 311 328 215 103 59 128 25 280 340 23 149 195 172 259 62 291 93 216 341 89 147 172 223 219 123 340 276 167 336 326 155 112 36 101 165 137 15 165 33 286 297 118 267 328 198 72 69 341 136 206 91 215 108 111 354 117 216 245 82 40 235 356 82 43 11 
81 113
36 56 211 290 53 171 100 193 275 51 65 322 1 354 214 66 100 174 308 129 179 331 143 43 121 152 101 31 130 318 160 347 250 295 39 26 20 93 23 194 109 112 173 317 99 211 334 231 267 234 307 74 255 44 266 141 257 32 183 146 286 318 287 347 266 169 97 296 120 298 343 134 247 60 165 292 17 313 198 13 86 
309 7
140 137 72 275 67 51 235 28 89 175 165 291 88 44 229 36 68 86 116 79 92 341 151 41 138 44 339 299 314 348 327 124 137 187 237 192 240 264 282 237 134 296 124 345 45 318 203 340 134 244 272 297 28 349 356 33 100 270 223 250 30 238 274 192 78 297 88 125 118 349 78 119 66 127 314 120 194 40 240 201 34 56 242 270 357 112 114 325 103 290 98 230 145 159 1 285 253 7 231 8 201 211 127 271 77 160 200 59 296 346 73 314 313 229 141 87 22 297 242 313 302 44 77 297 346 235 313 238 328 32 347 86 268 314 285 56 158 38 126 266 275 286 277 212 142 170 266 195 352 345 176 128 293 221 88 24 357 204 169 115 349 154 103 231 78 147 81 340 290 22 52 344 98 294 245 81 34 61 66 162 274 110 212 15 128 247 291 2 52 268 73 36 150 10 301 105 190 133 218 343 287 226 219 244 73 50 295 146 129 39 275 306 254 142 248 263 15 312 332 3 212 347 75 279 166 326 224 78 108 347 312 141 307 159 34 263 331 100 120 91 271 91 319 193 199 221 317 116 107 187 100 345 140 266 322 68 245 111 209 65 39 96 307 203 27 244 231 68 6 219 197 212 108 81 348 148 270 130 75 285 18 41 158 12 1 87 264 60 44 164 95 330 288 23 91 190 53 212 351 148 277 140 110 57 71 294 55 2 198 
38 208
155 216 20 117 190 19 91 243 180 147 264 289 76 328 289 179 230 249 359 86 300 324 308 319 283 41 136 303 244 284 47 63 315 110 233 129 236 159 
229 87
200 161 199 358 324 63 106 255 317 22 129 255 237 36 101 49 69 39 190 77 39 86 339 206 68 305 242 9 76 326 256 33 163 36 104 16 347 272 171 355 82 49 117 268 316 202 59 103 57 244 125 195 60 243 319 344 326 207 309 240 308 223 308 175 73 353 10 84 354 166 226 194 355 302 159 163 169 275 299 127 263 136 359 296 19 115 162 277 147 215 7 93 69 9 248 349 302 154 28 0 340 337 249 57 353 183 292 49 288 227 92 155 238 138 337 318 121 164 12 17 95 205 146 7 20 82 183 147 176 333 69 107 205 72 244 353 137 349 124 343 202 178 116 153 246 45 14 356 217 38 70 251 183 336 271 291 346 65 136 217 187 205 324 178 314 335 242 13 304 313 148 217 232 210 234 186 223 125 157 112 335 303 234 50 123 87 351 15 175 207 247 143 121 322 40 196 282 10 183 309 207 81 137 352 53 338 248 305 129 20 124 288 343 120 311 82 171 259 239 38 175 33 323 121 248 205 126 283 63 
168 351
64 48 179 286 238 166 8 345 286 81 30 211 137 131 119 81 4 314 142 42 55 258 4 323 78 69 244 207 292 158 147 148 117 153 227 285 180 349 157 23 263 271 321 308 192 181 127 285 230 280 162 215 72 129 89 304 19 80 338 305 127 124 245 133 216 37 244 64 279 344 137 315 172 115 64 308 203 59 31 305 5 328 354 105 241 328 36 291 260 42 11 101 49 149 127 70 241 115 95 180 129 120 330 69 10 344 56 4 256 328 258 100 194 0 65 163 189 119 80 23 67 12 245 170 101 7 241 236 266 117 221 273 95 322 70 270 265 96 82 39 351 83 54 28 51 58 234 305 343 114 329 78 253 332 207 343 87 272 48 109 86 169 235 279 290 26 148 70 
75 287
122 355 164 63 318 165 235 28 344 241 4 280 317 266 111 292 216 151 88 208 83 150 43 253 123 266 121 49 278 343 176 240 184 262 4 272 101 284 78 145 322 254 127 72 275 30 159 127 37 5 177 248 29 351 211 325 10 303 282 204 68 99 263 263 31 201 235 178 135 29 115 227 190 120 283 
69 317
22 200 194 66 140 335 358 234 334 320 17 21 90 43 44 71 53 272 150 195 142 79 263 252 318 25 271 59 15 195 110 167 38 174 98 103 317 191 250 164 93 208 156 308 273 25 155 205 182 186 2 26 20 273 339 77 171 211 114 206 220 175 207 188 302 55 256 214 191 
330 85
307 298 356 7 339 197 11 99 295 101 356 77 159 222 321 207 103 5 223 323 229 180 146 286 291 354 343 189 121 291 190 217 121 358 323 209 147 270 4 140 336 159 20 122 272 127 84 121 228 137 237 269 68 334 264 100 31 250 38 260 279 203 24 160 118 34 346 239 218 321 97 241 211 195 147 276 35 137 312 165 270 61 303 208 163 298 192 50 319 201 54 204 149 53 300 207 81 224 103 63 279 316 108 191 113 186 117 351 21 176 238 146 148 125 187 328 341 273 194 154 252 148 161 54 131 190 321 221 327 111 348 176 355 357 302 114 3 179 210 322 286 119 120 185 328 304 310 320 88 31 258 260 315 105 243 302 231 222 191 24 306 317 329 313 173 302 49 119 88 148 45 287 249 351 348 229 56 305 94 195 141 320 3 224 326 249 85 269 87 65 184 272 98 318 153 27 74 353 128 326 270 334 217 150 56 229 39 78 166 8 202 350 78 201 177 73 30 50 139 67 34 126 323 326 116 222 146 247 28 251 210 84 63 99 257 117 12 8 145 297 172 223 267 84 206 148 286 48 217 333 314 127 299 113 344 230 261 351 219 103 73 178 282 262 36 159 58 282 29 324 290 184 54 16 128 260 6 26 36 351 83 328 117 86 193 335 354 241 32 19 249 93 74 339 335 248 359 266 151 28 136 202 214 239 114 0 217 242 255 56 170 318 335 282 52 252 141 247 62 100 111 272 12 256 339 298 328 38 135 93 
106 228
219 200 46 14 155 112 248 126 123 65 62 325 323 255 245 316 211 311 88 96 335 60 33 248 191 48 182 214 331 9 196 243 74 135 52 217 171 330 149 228 300 125 169 135 5 329 211 176 302 154 247 221 331 169 32 318 116 123 312 328 81 70 18 180 19 217 57 118 131 5 309 293 259 340 32 273 214 222 359 96 201 62 325 80 124 288 48 335 56 27 343 29 232 102 212 84 245 349 339 349 228 324 64 276 136 211 
188 305
294 3 197 240 241 15 102 161 160 17 272 336 204 180 108 62 178 318 335 217 192 152 90 278 179 137 218 267 180 281 124 287 80 319 299 110 313 139 69 289 62 32 23 254 59 124 28 322 134 112 310 146 85 23 220 72 201 251 86 296 341 231 268 194 80 337 23 111 255 72 295 139 37 342 109 27 76 84 182 278 104 137 29 229 286 87 347 329 114 8 314 165 128 256 319 193 100 353 238 156 100 17 45 210 329 158 140 106 340 174 6 54 207 203 237 219 157 195 223 312 180 65 355 102 203 75 38 128 343 213 0 318 131 214 190 121 65 240 359 56 268 186 333 258 305 54 304 14 171 109 305 293 208 47 355 138 130 96 272 115 53 74 146 116 212 261 137 323 289 355 151 77 93 134 45 32 178 10 246 196 333 265 112 8 330 64 269 325 
105 60
306 293 313 348 128 248 163 279 156 76 323 349 257 311 291 320 61 65 15 146 129 98 306 169 119 40 166 269 163 41 142 102 157 194 54 330 170 145 195 152 111 351 90 310 143 357 17 258 295 295 83 273 123 4 359 17 153 39 91 161 66 234 281 97 205 12 151 63 172 247 314 153 183 119 98 311 105 26 219 269 112 303 350 259 3 166 288 335 263 336 227 18 102 44 193 44 16 186 63 10 69 184 76 354 17 
267 232
199 161 144 30 111 12 122 4 85 100 93 14 286 301 45 359 296 161 175 232 51 88 284 12 246 121 165 58 102 175 274 330 338 139 190 6 282 148 317 104 143 77 36 236 95 226 0 250 271 14 164 240 226 335 236 295 163 357 320 60 217 224 255 209 103 216 194 258 35 15 64 60 268 335 119 316 77 168 26 269 273 133 295 5 18 62 308 300 318 186 290 210 209 234 191 288 342 72 133 70 326 225 116 106 260 247 90 235 217 68 343 288 279 246 143 250 101 195 68 170 55 58 110 144 25 312 158 167 22 289 172 58 80 256 218 64 337 161 90 104 184 192 41 213 313 217 281 192 296 41 324 251 307 230 346 338 294 102 30 42 221 54 158 357 208 16 342 31 54 52 240 77 197 110 139 156 323 264 11 34 288 190 141 247 115 298 106 58 2 2 106 258 70 336 147 266 208 312 95 234 207 233 85 178 76 172 262 157 239 236 243 280 250 259 16 71 176 167 31 203 316 266 13 76 226 151 197 74 88 307 245 216 107 320 110 132 247 196 29 127 199 321 153 135 190 81 75 338 243 195 309 223 202 229 21 146 231 338 227 79 217 230 37 333 69 247 163 
179 43
348 170 319 186 123 326 270 313 174 142 205 327 153 278 275 7 148 4 349 267 195 236 240 63 71 310 63 200 74 282 179 168 50 194 282 357 195 82 324 305 94 271 97 103 282 261 253 226 206 234 114 42 157 20 302 37 12 4 348 270 200 103 29 100 86 42 225 248 248 91 65 284 114 28 140 217 103 267 101 5 147 67 18 152 92 30 310 296 120 202 208 120 235 357 293 130 122 7 210 155 352 201 252 62 188 209 159 128 217 71 323 234 335 57 135 186 6 150 200 112 85 51 359 29 292 226 187 257 176 140 320 172 259 270 147 90 324 174 9 70 153 137 8 128 34 195 154 93 281 143 103 124 44 305 51 101 100 120 112 3 77 198 255 88 184 148 63 154 59 77 244 305 294 229 220 254 178 21 50 
227 81
81 337 203 35 66 339 243 76 316 28 20 84 228 15 219 217 218 196 104 38 131 48 299 354 216 223 291 309 78 291 194 191 279 359 196 241 91 104 71 268 257 253 273 214 244 313 44 40 253 321 338 12 194 333 338 246 32 107 147 168 264 285 129 277 336 110 128 229 137 85 297 216 210 256 117 209 6 98 200 95 257 164 223 251 330 197 322 276 340 155 59 220 285 108 242 344 332 122 301 82 313 267 343 94 295 279 288 58 323 288 26 230 69 257 283 78 268 251 331 317 18 167 194 312 176 270 92 57 21 126 260 101 320 20 6 0 91 62 352 70 226 282 345 265 158 233 5 291 321 277 341 269 281 89 16 325 2 162 24 118 101 238 355 223 5 185 123 304 163 359 174 99 62 168 175 37 157 356 6 99 180 24 79 169 114 2 104 202 117 221 143 264 330 11 91 295 334 88 157 5 84 270 264 193 92 289 343 40 352 278 354 327 300 196 255 133 285 325 345 65 196 76 191 164 339 193 73 
29 131
71 170 351 22 244 316 182 55 187 57 120 259 181 96 341 335 59 28 291 198 20 323 188 311 232 267 305 248 39 
22 341
92 63 44 15 183 8 86 110 313 48 294 220 155 63 171 182 184 34 79 328 157 243 
81 21
340 161 66 335 265 356 351 184 2 25 163 333 140 184 60 6 7 309 35 337 26 325 143 252 10 148 225 312 263 123 335 72 123 3 244 79 50 331 83 78 281 293 281 159 131 84 62 211 190 259 167 174 106 268 0 277 253 166 244 37 157 15 166 306 48 277 9 88 206 222 157 158 4 152 106 55 109 342 12 159 88 
94 282
255 314 100 121 292 357 67 15 135 28 327 156 278 64 110 9 57 308 201 304 302 75 98 31 28 354 37 82 295 156 116 274 186 309 16 323 318 18 233 271 63 55 180 24 8 280 204 74 170 356 214 200 286 260 43 222 291 218 292 328 174 285 238 187 358 37 168 120 123 300 265 162 208 174 142 11 130 236 215 101 87 314 331 61 266 80 106 322 52 158 316 110 17 109 
