50
164 321
54 318 279 16 67 306 167 248 221 20 224 259 309 183 209 357 212 273 62 202 80 78 32 285 231 49 171 119 69 323 185 235 278 61 144 110 199 10 169 326 163 281 163 24 102 107 129 230 341 127 24 331 51 210 91 73 264 358 69 27 115 198 100 335 24 293 37 149 128 215 156 161 17 282 20 269 80 281 47 334 117 198 104 216 218 228 88 53 280 312 357 4 285 9 3 336 152 112 81 18 41 175 352 256 66 216 137 208 226 278 319 337 77 76 198 97 68 187 164 207 25 109 207 236 306 167 172 325 190 160 104 37 237 61 26 19 171 211 75 229 31 133 204 152 258 153 244 299 187 42 286 179 71 221 257 195 224 110 32 98 156 187 111 192 
135 303
182 36 299 340 16 232 304 215 36 63 1 17 173 198 17 214 114 49 71 209 236 126 307 322 213 130 267 16 280 181 228 102 150 197 343 162 185 357 264 71 211 338 85 303 227 139 239 15 295 67 344 228 354 271 335 344 19 231 144 119 138 91 212 152 4 174 3 275 50 96 35 170 45 316 252 271 53 44 84 52 320 163 45 21 57 284 168 230 227 81 183 281 150 178 4 98 352 129 127 239 53 276 108 338 203 112 337 181 141 206 185 75 321 123 342 170 40 58 276 49 125 41 185 192 165 276 69 166 241 75 165 200 82 147 252 
63 173
230 207 215 53 204 303 272 60 50 12 74 328 356 218 166 158 272 209 69 223 50 97 103 280 112 286 105 195 195 196 234 52 259 87 100 138 50 194 151 248 251 190 235 15 253 356 101 60 294 198 105 44 55 202 192 119 45 266 359 158 247 62 136 
280 120
355 81 86 139 329 18 53 6 323 333 268 196 100 0 239 88 343 245 123 319 23 326 167 25 277 189 89 20 1 87 19 311 156 271 112 211 326 112 305 93 218 31 126 353 127 161 319 151 21 213 179 307 220 105 65 304 103 125 58 286 108 281 152 73 209 289 257 253 267 246 259 13 329 257 9 155 39 69 333 57 298 159 286 87 314 89 357 160 158 302 53 336 239 15 237 258 353 203 347 191 317 150 94 62 182 97 175 188 356 280 342 151 52 160 83 325 280 39 207 123 167 301 94 331 316 226 173 31 144 317 74 173 76 62 17 28 239 194 57 293 18 226 33 281 1 119 44 45 322 32 12 86 182 269 247 91 243 51 146 201 132 151 16 186 162 120 346 349 52 274 158 95 31 243 63 83 355 21 275 53 292 156 52 97 178 133 2 115 355 93 193 305 341 129 104 339 106 301 99 121 98 325 268 300 133 185 313 200 14 120 186 85 338 221 310 152 79 173 24 356 197 351 172 355 172 239 180 335 342 344 145 101 61 82 191 19 264 133 265 100 300 173 288 152 7 99 81 120 153 357 66 212 26 358 244 15 19 199 63 137 145 17 312 177 117 101 21 144 237 214 49 355 166 300 226 73 57 241 195 13 
106 228
260 102 4 161 174 240 285 191 68 331 344 78 290 162 252 189 94 25 167 257 0 351 326 253 318 53 104 82 288 109 82 171 156 178 324 27 48 8 291 231 265 80 133 261 313 159 350 333 24 61 0 43 184 110 177 307 153 242 185 313 140 18 10 178 193 344 24 312 38 275 97 51 205 322 329 232 319 282 176 134 38 137 7 47 281 288 274 260 195 297 176 351 35 273 238 110 19 139 77 216 251 95 247 248 103 327 
69 96
320 142 34 203 286 110 278 317 30 249 153 157 68 211 116 138 345 140 310 350 156 163 35 106 345 235 103 103 352 107 55 161 297 163 187 42 24 175 178 162 246 87 8 189 76 115 170 202 311 39 20 188 67 159 3 277 75 346 31 192 149 89 155 309 180 344 254 294 210 
307 349
307 110 310 137 268 345 186 276 288 171 142 68 194 40 102 344 318 353 316 286 63 17 20 155 247 328 69 233 230 49 250 149 356 190 85 51 172 248 305 130 156 315 350 210 337 88 79 218 172 193 89 244 263 107 195 214 248 221 251 159 205 149 193 137 175 36 256 334 167 66 129 23 86 277 345 178 347 211 153 187 285 146 46 141 285 1 141 335 104 174 353 20 121 121 32 188 190 159 121 230 245 323 299 98 153 242 132 284 333 37 334 162 220 359 55 58 310 198 210 32 104 74 68 352 271 183 58 206 344 336 254 180 344 264 90 89 109 4 294 82 58 72 148 22 24 27 191 190 355 7 156 304 168 66 68 306 261 69 9 189 113 195 164 297 228 23 314 86 263 236 297 138 249 58 5 328 297 193 100 25 316 99 8 327 243 155 238 203 233 326 183 238 230 83 128 42 91 319 35 237 232 124 353 22 3 233 129 168 89 145 263 157 66 239 64 113 194 310 60 66 259 280 123 88 204 186 190 94 305 332 18 137 113 134 18 204 22 76 48 336 245 196 89 44 318 205 114 52 350 180 212 80 193 219 15 187 171 31 246 97 193 311 223 253 195 358 135 76 51 343 144 131 68 169 105 259 30 144 57 297 333 145 340 3 160 179 200 166 164 195 7 309 162 241 278 261 266 289 230 203 334 305 42 259 139 121 348 
333 98
110 130 76 325 234 185 118 145 230 200 144 270 169 206 27 220 189 268 173 185 190 277 37 116 333 59 19 34 122 48 167 90 324 114 259 144 334 149 302 231 188 87 230 355 117 320 88 114 313 348 297 288 229 333 78 59 295 40 166 223 10 41 244 339 243 314 171 308 270 226 76 263 133 315 11 205 6 168 262 169 183 86 52 232 170 67 6 295 196 179 318 352 195 150 67 245 306 68 263 282 76 9 327 292 52 152 64 290 346 268 285 67 253 43 43 168 115 132 30 259 112 260 227 284 229 100 288 247 246 306 95 273 278 232 254 201 341 188 237 227 140 109 199 280 143 162 41 86 149 114 218 341 28 284 160 70 327 97 332 260 156 218 190 144 152 351 68 292 299 30 50 346 214 197 251 283 53 164 156 143 10 272 104 171 194 51 280 350 268 285 154 243 277 118 84 169 233 203 163 260 276 217 62 78 327 4 265 286 45 172 297 333 272 236 4 71 243 16 199 63 60 341 85 33 219 93 198 227 126 64 335 58 320 17 308 16 267 106 191 172 17 134 160 355 199 78 272 58 145 173 139 212 332 195 44 214 176 248 224 31 263 118 172 261 175 19 355 288 211 122 32 169 26 85 346 7 346 131 46 99 146 261 117 120 185 339 276 42 116 17 297 73 68 191 51 288 119 86 47 161 280 122 354 228 41 342 179 283 351 120 111 229 69 161 10 5 24 350 111 233 313 288 67 223 262 195 331 140 190 305 87 157 346 
5 325
277 21 272 78 242 
17 28
114 289 159 172 213 68 85 66 79 313 120 311 268 114 246 252 87 
119 67
92 17 294 291 29 9 31 289 58 91 252 293 86 177 205 3 18 1 252 306 227 73 72 250 186 109 240 181 182 76 59 216 307 189 236 351 135 316 205 243 26 98 295 318 329 297 262 175 11 182 129 191 226 45 72 22 220 189 210 142 322 37 48 325 201 67 221 168 90 125 351 17 14 100 130 122 85 66 95 230 160 217 82 97 307 169 243 235 18 40 198 182 231 143 304 182 215 71 208 181 310 101 329 254 102 207 18 279 19 220 178 328 158 32 170 94 265 256 315 
239 175
106 285 351 198 129 25 211 140 138 330 6 276 82 242 87 198 94 102 118 206 283 112 88 312 78 121 235 8 309 46 262 192 172 192 269 4 58 0 53 81 56 117 43 47 207 24 225 127 121 45 323 33 228 307 128 297 115 316 228 136 270 265 2 294 324 101 47 24 30 149 232 102 207 35 24 62 47 316 6 239 19 325 156 26 297 218 325 208 296 149 219 41 67 4 94 81 44 5 114 144 94 334 133 256 0 61 265 354 282 179 49 306 317 172 276 204 261 196 14 208 155 242 19 181 318 301 231 186 34 115 38 165 161 289 191 207 52 341 144 83 325 136 195 257 96 18 277 358 258 333 152 275 57 73 165 131 41 153 45 78 356 352 181 109 262 177 242 75 21 88 309 248 184 48 164 63 323 282 96 134 73 67 200 305 357 39 51 227 83 257 305 116 90 341 238 170 89 31 308 259 157 4 243 355 54 153 140 110 162 309 135 188 275 53 19 259 274 223 215 65 206 190 123 313 208 112 110 205 81 2 168 5 111 45 343 332 99 280 77 
295 118
307 158 213 218 225 341 144 207 56 75 182 28 124 349 158 233 35 335 177 167 151 61 215 214 112 329 251 233 309 278 200 114 15 154 285 118 79 88 320 271 79 10 343 214 343 349 210 233 52 114 113 225 359 351 344 352 149 273 358 227 208 138 71 213 220 51 150 205 43 330 237 295 169 227 298 132 134 250 308 211 150 167 269 309 314 162 348 141 253 174 141 354 261 336 345 230 84 238 165 248 3 109 221 21 298 140 213 215 194 188 183 305 64 335 117 9 84 212 201 252 252 341 51 262 177 190 181 285 116 282 104 44 100 17 192 29 142 192 64 179 50 226 67 294 108 97 291 203 350 305 156 198 290 359 300 237 244 169 51 342 269 69 300 107 147 307 141 139 324 178 340 102 345 291 231 180 348 171 195 275 324 276 321 248 141 354 241 169 96 223 89 63 91 301 29 146 135 61 147 165 59 146 350 303 145 349 58 25 216 181 73 241 121 230 30 185 180 110 236 287 21 275 217 225 96 188 206 246 106 169 250 293 91 252 330 273 50 248 166 125 102 69 222 150 210 71 127 205 334 161 120 345 210 211 180 242 346 211 202 49 136 32 213 249 253 110 213 202 254 31 175 22 160 200 241 6 68 175 219 66 117 67 302 66 286 250 295 315 136 239 40 294 14 250 221 
86 117
58 70 342 161 118 237 80 226 75 81 173 47 25 334 14 320 47 150 338 62 89 325 108 142 251 340 172 169 146 259 265 101 240 9 98 228 30 69 294 241 318 295 172 329 181 64 154 299 256 127 160 195 43 278 203 26 211 270 290 197 261 101 64 323 92 325 127 58 265 237 256 353 99 117 25 147 27 57 64 138 46 240 272 108 155 199 
171 350
250 83 143 98 328 174 234 76 76 162 268 292 194 228 16 14 186 112 28 326 195 202 219 257 61 171 263 230 125 344 331 56 190 74 164 155 340 354 135 218 238 263 177 194 167 155 300 36 127 17 283 242 222 84 179 351 282 170 49 72 26 11 309 245 34 329 136 138 156 143 288 353 159 165 50 144 49 84 266 215 109 108 17 156 64 238 147 51 170 71 243 355 100 271 301 205 3 202 46 188 331 303 27 196 110 156 31 215 303 155 113 36 171 265 144 248 214 64 49 332 242 185 59 199 88 308 56 104 347 161 238 43 178 289 5 213 100 21 201 347 48 284 137 60 44 85 191 188 154 215 200 140 189 170 11 96 86 192 166 201 37 233 79 116 293 12 37 255 355 337 254 
222 189
264 264 16 234 73 334 350 301 279 114 334 107 68 66 229 143 354 326 74 279 351 331 269 328 34 29 72 123 242 60 267 264 122 19 359 53 59 199 173 87 313 171 88 175 331 335 297 93 180 20 110 79 194 312 121 42 97 246 354 0 305 259 347 77 24 236 274 195 220 181 7 278 186 57 266 341 213 293 250 149 338 16 284 181 115 312 170 64 19 235 263 217 195 216 18 226 336 0 158 312 270 46 231 132 140 346 180 47 230 102 169 238 111 346 184 20 101 175 38 319 12 129 85 93 339 324 119 119 19 27 28 296 340 135 226 234 284 355 331 88 342 190 333 312 59 150 234 121 135 121 279 56 16 171 225 175 233 340 306 340 40 84 239 275 189 304 191 265 54 185 140 169 262 164 70 215 153 301 11 47 244 318 173 330 333 159 48 208 46 310 290 72 311 306 275 53 146 88 227 88 351 301 100 18 148 344 167 101 8 207 234 273 105 282 288 175 267 201 265 157 330 191 
78 112
355 11 266 347 251 219 310 104 67 340 312 141 206 219 169 1 16 8 213 280 337 57 356 309 7 210 81 129 171 266 193 58 99 143 351 263 89 65 264 139 160 331 226 92 220 305 50 4 29 263 173 231 262 143 300 243 118 294 46 58 141 245 101 168 124 316 308 308 174 123 148 124 160 176 8 83 85 241 
171 168
324 274 261 332 315 11 248 255 39 297 325 9 141 356 284 95 315 164 46 163 167 237 124 67 12 308 92 214 346 170 342 245 275 33 5 117 102 68 255 1 84 259 97 37 350 85 330 355 95 294 99 16 123 349 236 205 156 307 122 345 92 284 269 14 75 198 105 199 64 130 155 133 262 162 336 224 311 220 199 234 261 158 194 353 187 303 201 200 171 174 324 261 129 205 220 319 210 250 216 272 185 21 250 223 346 18 308 241 287 213 320 231 237 34 103 339 229 355 164 314 154 63 122 52 209 4 270 98 45 147 315 231 8 86 224 29 80 126 261 252 16 243 129 234 31 242 241 204 78 15 154 111 1 301 246 273 40 8 320 168 135 257 121 290 94 306 268 310 199 344 3 
159 110
219 316 50 124 31 183 158 214 41 121 6 208 152 317 21 356 48 123 285 132 30 127 356 301 238 110 311 215 274 244 179 32 81 321 323 35 8 145 227 59 98 5 302 169 19 185 299 223 346 172 354 61 213 65 323 129 59 172 152 140 93 210 314 105 324 200 40 178 219 231 221 259 331 47 331 160 230 227 186 117 61 236 63 36 287 114 149 6 35 237 212 33 263 316 76 32 22 358 140 314 238 136 303 49 46 166 237 267 133 306 84 171 325 49 240 251 21 24 237 150 330 311 15 41 167 333 114 318 130 272 165 164 66 264 122 1 78 322 19 2 0 3 232 251 327 287 103 226 56 159 324 238 136 40 270 202 253 105 111 
275 233
81 277 134 133 331 140 354 142 144 217 297 215 11 162 12 0 280 226 346 263 339 143 292 284 358 155 104 74 347 56 85 245 202 135 60 112 5 219 220 15 74 220 181 44 158 45 49 1 274 226 209 152 312 304 204 255 11 5 268 85 65 259 271 63 42 275 330 324 294 164 237 340 41 27 97 146 296 77 239 345 333 253 211 253 75 337 16 56 323 73 309 131 177 112 192 293 327 92 229 326 97 356 210 356 60 241 152 233 238 14 191 197 60 145 49 337 10 236 118 52 30 188 234 5 309 161 186 207 265 20 135 86 159 177 276 44 322 27 51 256 294 32 191 238 29 202 149 104 16 160 41 51 108 50 336 112 136 187 230 219 2 19 130 56 200 44 255 66 176 219 314 261 283 308 206 32 36 122 268 50 62 223 294 185 253 187 11 75 242 54 269 336 228 202 20 152 116 292 115 280 127 312 206 288 303 21 117 286 70 115 323 23 118 198 346 134 305 1 164 66 278 161 6 255 339 100 327 0 334 338 276 50 126 54 286 108 197 77 254 160 65 159 231 130 156 207 86 236 186 152 117 339 155 301 75 199 81 285 126 37 357 5 132 291 17 140 302 155 117 91 138 26 38 167 253 
134 47
159 332 201 190 357 277 219 117 258 21 339 140 214 275 149 172 310 67 53 198 51 184 82 306 218 113 270 341 256 337 126 314 86 175 293 35 289 151 132 291 135 125 262 286 213 188 290 308 254 41 327 217 241 290 39 262 308 186 319 359 137 355 1 266 338 263 198 257 336 125 156 107 5 245 215 283 98 134 181 108 91 142 48 350 218 100 325 185 294 325 245 343 138 113 293 319 331 52 358 38 344 276 224 137 234 102 57 281 29 61 226 185 51 122 323 272 191 129 180 140 56 130 301 16 119 13 240 192 3 177 220 134 352 103 
351 27
216 69 122 146 227 318 77 73 135 11 305 337 72 184 344 256 346 102 323 136 210 292 158 313 321 16 185 290 342 350 65 154 210 303 42 227 67 196 48 138 197 108 85 13 33 226 113 359 267 154 163 275 121 108 141 9 176 246 106 223 38 120 174 159 218 101 273 218 351 293 16 41 137 186 324 314 158 337 302 315 156 255 251 3 1 64 243 84 223 343 21 107 278 103 313 241 288 342 20 90 210 344 7 106 6 40 249 134 72 67 175 113 170 14 78 110 69 250 133 155 325 342 325 250 25 307 181 62 307 83 355 144 229 122 152 322 106 307 31 331 171 89 199 329 318 184 306 146 91 8 42 95 216 289 46 137 33 321 146 41 306 125 312 85 250 214 45 354 212 261 340 240 277 245 82 296 323 137 95 272 172 159 133 348 205 24 74 110 41 42 172 271 356 255 276 351 117 120 276 309 317 287 81 160 159 42 153 273 167 0 5 344 122 102 18 176 94 240 284 44 199 132 145 66 97 29 120 189 57 335 203 167 74 277 73 63 265 345 253 160 317 81 29 137 234 307 351 355 150 90 244 46 68 350 333 97 192 149 341 230 230 54 144 148 47 340 60 268 211 271 65 196 194 320 185 147 50 248 90 144 328 247 295 177 12 113 16 187 251 36 64 230 86 274 159 340 275 224 18 273 81 87 113 219 150 34 313 128 191 193 227 156 83 21 122 106 155 194 103 117 26 218 279 37 225 278 173 251 230 138 9 238 346 274 220 311 336 239 137 279 69 56 338 64 143 111 198 308 2 277 186 
341 296
326 267 306 294 294 147 4 35 356 154 179 291 87 80 17 59 282 270 273 42 153 328 119 325 88 101 166 176 225 297 182 153 24 242 211 116 306 65 214 18 301 332 11 24 101 281 85 233 97 69 59 237 42 15 330 77 98 221 347 302 214 245 93 328 1 200 62 20 173 320 192 296 322 113 21 324 342 135 178 84 155 337 13 163 38 86 211 85 243 72 158 16 47 122 242 6 32 220 73 53 343 249 67 206 196 44 0 16 164 109 222 4 123 100 50 125 260 175 300 236 69 316 142 86 191 192 124 195 292 285 123 118 350 16 188 232 7 334 61 98 95 191 325 102 214 73 318 279 291 336 66 4 19 64 180 16 307 266 10 335 24 196 258 4 295 148 207 359 56 161 44 280 157 170 219 330 159 55 234 315 193 118 141 294 337 29 258 288 63 290 323 13 30 309 346 160 229 156 193 17 216 132 353 259 254 352 60 334 109 270 100 34 134 52 354 165 329 303 1 71 31 315 355 307 19 157 207 250 180 141 177 273 251 180 24 232 215 233 310 296 103 220 308 214 357 333 132 82 117 11 61 135 218 222 294 133 227 230 211 28 96 42 174 282 22 98 255 331 175 279 46 189 329 86 359 195 207 104 85 257 171 238 41 111 336 205 248 351 218 25 297 117 358 345 112 328 188 65 96 337 82 203 218 207 133 187 151 54 21 102 96 125 41 287 358 78 285 211 53 159 292 141 350 18 153 144 157 64 225 252 247 45 167 206 230 158 285 90 224 315 65 
221 333
135 181 81 135 124 269 335 168 288 194 336 247 283 114 296 267 279 9 1 129 150 76 193 144 52 21 130 180 235 157 26 298 136 276 92 25 169 54 248 66 225 332 274 163 342 285 269 100 20 73 349 35 91 312 301 285 114 110 319 48 186 167 4 14 98 203 69 185 282 3 20 216 232 171 138 161 106 7 302 330 91 223 231 114 270 267 96 271 304 136 266 1 223 101 195 256 263 25 150 86 334 152 298 13 140 249 322 288 218 118 228 37 104 60 242 242 3 103 72 146 183 305 172 66 149 341 116 44 296 333 191 299 83 273 256 280 251 174 357 292 338 315 244 197 80 77 87 335 50 107 338 138 105 34 204 158 322 97 235 126 333 216 246 233 234 211 235 147 124 184 297 302 11 320 313 88 118 95 238 292 112 300 70 312 276 231 24 193 213 158 9 107 188 300 39 11 88 265 331 157 43 254 16 249 31 147 134 39 327 330 314 342 258 156 326 118 213 115 344 138 274 
230 164
145 201 217 67 334 153 121 49 237 358 175 214 171 160 333 330 33 353 21 121 114 21 3 48 72 259 309 171 92 334 349 69 263 353 311 331 246 11 239 341 292 156 319 354 315 305 155 287 147 15 258 121 35 122 300 251 183 197 89 273 341 245 257 142 13 316 26 159 154 312 126 114 66 215 306 109 153 177 66 234 125 213 14 88 241 263 136 41 51 45 283 150 75 112 316 110 89 64 65 292 7 138 24 264 162 218 325 249 209 200 321 45 290 235 48 13 246 132 53 159 95 2 298 27 172 186 166 40 182 105 319 155 148 221 92 78 157 354 261 318 42 144 338 44 49 183 18 136 92 265 35 85 68 93 31 10 103 130 27 342 143 67 289 139 120 344 52 150 329 14 163 229 183 126 152 101 173 76 16 118 95 333 31 24 339 234 153 347 136 57 317 249 329 347 13 219 97 88 119 240 273 42 156 297 59 288 316 155 306 251 104 295 31 316 179 201 43 228 266 10 280 295 358 117 283 151 31 129 259 25 
267 212
0 303 291 241 143 321 56 170 142 269 277 270 101 65 228 351 99 327 159 273 164 187 115 28 283 158 281 135 167 39 170 255 228 115 81 155 338 213 114 206 38 65 227 297 351 260 230 307 324 14 248 346 269 278 208 283 285 242 118 242 349 316 99 328 243 227 297 14 211 248 332 249 208 239 201 118 238 251 221 251 8 250 74 150 53 243 41 313 198 228 27 278 300 66 327 242 103 164 24 96 156 350 280 133 110 231 175 127 111 42 94 30 283 172 83 195 287 217 86 335 312 85 166 277 170 242 295 161 108 7 174 234 273 131 143 233 96 202 13 341 220 56 6 122 162 123 212 206 338 133 328 65 36 348 48 301 354 331 101 109 211 174 210 94 217 22 329 280 13 148 248 109 250 156 63 342 169 43 162 303 311 60 132 129 290 39 156 83 157 13 12 277 187 286 127 311 28 190 5 142 248 267 231 79 226 282 196 218 335 230 318 315 25 295 4 286 28 194 16 309 264 120 12 154 195 255 306 97 112 200 240 176 83 14 276 298 169 133 188 216 179 288 104 307 74 180 94 97 173 237 309 108 102 20 297 11 18 204 275 316 41 281 158 8 226 143 22 
298 345
336 223 357 327 63 243 98 115 108 269 136 221 274 115 84 215 167 1 294 84 100 62 157 56 351 18 288 345 151 128 288 239 311 158 99 358 228 296 76 341 265 269 295 72 24 46 18 108 28 204 218 358 83 144 101 106 105 192 334 56 147 115 331 292 140 74 40 67 242 150 288 156 78 318 82 356 93 57 208 145 104 314 158 280 241 314 42 164 87 193 179 195 32 335 225 129 331 64 216 142 266 122 254 22 182 196 131 2 238 201 325 109 307 98 275 200 59 0 353 346 307 240 358 296 174 234 268 111 196 284 210 175 84 301 16 223 27 340 145 155 313 120 273 41 303 107 20 209 252 286 261 248 259 133 214 2 268 139 159 319 340 111 322 240 38 252 293 191 333 283 326 268 169 136 171 74 212 299 44 141 232 161 282 48 123 241 186 332 147 186 1 261 124 311 273 170 173 112 66 283 108 292 122 211 295 4 189 249 138 134 285 175 274 208 23 57 305 356 358 91 30 265 113 24 96 62 255 228 71 193 32 23 58 195 17 47 214 284 311 98 107 251 6 268 274 280 50 255 114 294 345 59 209 260 122 266 208 257 35 37 121 195 31 209 155 169 138 27 118 357 120 213 276 279 93 230 339 141 78 211 108 60 143 105 140 136 55 325 296 189 151 346 81 151 203 256 210 40 
47 301
10 287 172 318 278 200 70 76 215 267 58 54 223 119 232 79 181 168 254 295 227 19 190 269 194 102 296 52 166 190 325 5 303 355 285 108 339 292 321 296 39 144 335 305 269 218 272 
169 76
244 290 48 289 334 289 114 159 129 9 359 151 347 240 166 321 133 14 122 39 342 81 336 15 311 78 89 337 127 192 248 169 307 178 128 112 102 28 137 11 206 252 34 316 298 301 232 358 305 349 26 318 149 41 329 166 62 175 59 104 186 103 157 87 352 187 346 169 185 198 282 246 114 65 284 167 3 138 184 20 103 281 302 325 148 339 127 359 240 277 88 305 348 149 186 191 312 299 233 83 331 342 86 347 176 44 177 88 227 352 65 19 82 142 191 62 98 300 14 163 271 211 98 53 319 207 59 287 19 230 247 192 307 88 112 241 249 235 265 215 43 90 81 253 98 107 82 104 301 272 239 205 252 53 32 258 21 19 139 317 303 340 147 132 283 210 274 298 326 
158 185
118 117 114 162 237 242 126 38 303 103 185 118 96 274 300 79 168 114 333 275 51 282 9 234 68 119 247 93 65 136 182 279 94 171 63 275 261 142 311 355 255 322 351 32 296 344 200 357 216 37 159 54 238 336 139 5 252 15 4 40 144 299 254 4 309 105 290 175 288 273 64 347 198 170 192 21 321 286 164 210 216 51 68 0 329 311 42 62 273 213 153 278 161 57 41 216 7 182 95 274 65 269 202 8 234 197 147 152 214 44 292 104 75 277 57 181 100 121 11 276 354 74 211 87 232 152 348 260 151 340 89 168 70 318 209 179 213 44 266 101 225 253 324 288 263 186 278 219 300 166 347 269 163 175 57 81 72 224 
212 119
237 291 52 107 26 332 135 195 185 59 238 308 173 83 151 261 331 289 165 316 41 26 250 120 192 171 146 304 198 304 160 121 139 310 224 265 347 53 341 317 112 310 108 34 250 28 203 343 102 284 335 328 160 10 91 205 351 114 317 0 33 308 238 103 122 132 124 303 227 193 284 347 193 27 135 354 54 226 60 342 175 280 63 347 9 104 45 220 325 107 183 115 16 258 4 179 269 244 337 283 285 11 45 128 283 187 296 225 170 242 7 276 42 212 200 205 359 300 99 181 170 31 344 247 150 51 136 287 168 256 237 43 277 72 201 333 14 322 61 5 223 28 109 211 75 334 55 284 145 67 65 46 334 181 248 171 67 93 56 204 153 348 317 329 80 251 225 260 19 350 249 77 135 183 271 6 358 61 58 130 83 149 341 205 16 255 222 328 341 129 240 295 305 161 4 165 55 107 21 166 195 317 216 323 325 292 288 235 144 300 159 76 
325 263
133 283 44 158 323 182 91 354 171 218 59 229 161 302 122 201 123 207 201 72 295 81 63 171 332 343 92 183 121 40 317 69 190 131 286 249 337 227 56 224 72 319 17 338 253 40 139 136 238 211 283 48 329 255 140 288 241 2 105 174 26 163 353 20 280 144 293 41 325 201 263 58 33 265 91 323 86 260 27 36 348 297 339 138 175 194 311 144 224 210 220 303 51 180 269 109 243 64 179 70 322 148 46 325 55 6 161 324 97 181 188 250 133 45 295 322 247 42 263 276 271 256 101 356 270 174 342 272 19 195 209 276 254 85 20 113 102 41 7 2 225 192 316 218 27 196 236 153 169 72 202 255 30 356 59 230 62 51 186 71 245 80 30 126 108 239 314 191 131 38 201 225 168 319 338 64 38 68 237 133 295 256 156 153 180 6 123 160 256 56 49 290 243 165 307 135 277 336 278 339 56 191 178 144 66 117 90 14 78 124 136 103 237 334 245 63 261 50 226 54 141 199 68 99 242 39 286 252 86 95 101 186 233 1 8 315 126 358 3 351 209 185 205 257 307 272 118 292 275 260 75 42 256 106 46 127 106 112 229 186 84 316 205 77 112 270 293 27 231 60 105 298 100 108 4 89 355 212 79 269 278 145 123 15 192 64 286 290 98 191 271 347 265 208 288 1 175 304 128 305 95 37 27 276 55 114 192 350 286 109 358 97 282 203 79 157 68 44 270 345 233 11 311 295 3 
71 276
38 95 328 60 102 165 352 58 316 233 334 117 214 92 192 88 121 97 234 281 121 160 213 217 129 298 97 279 214 53 140 227 247 174 109 207 63 41 169 152 13 65 49 344 243 308 303 247 39 10 285 344 265 188 167 242 24 146 19 318 74 337 45 322 186 338 209 112 164 237 353 
168 270
216 11 39 350 282 185 170 325 99 140 346 219 149 294 151 54 235 13 359 132 177 223 227 8 229 318 196 80 12 131 239 198 253 99 333 323 164 169 193 77 7 177 104 62 73 198 59 61 167 288 75 34 16 278 193 157 289 93 68 9 277 116 315 158 251 140 331 307 163 265 42 7 347 299 351 230 231 112 18 16 100 328 298 311 123 203 108 4 235 2 306 172 321 118 90 347 91 253 350 246 83 187 37 320 167 356 195 353 98 87 330 169 129 56 75 356 227 266 25 284 43 305 50 82 11 307 5 4 258 140 83 254 196 89 354 182 194 284 120 97 11 265 274 305 43 296 201 1 234 136 119 56 1 51 286 310 246 287 104 155 178 72 254 33 92 241 342 219 
310 289
249 88 256 122 290 204 152 170 17 5 24 104 303 248 271 159 201 209 123 283 296 207 132 351 277 303 23 300 45 335 75 175 85 234 220 336 303 272 99 29 262 307 334 57 179 41 166 250 133 223 310 331 260 140 220 74 282 293 15 187 181 8 321 224 182 218 327 243 296 133 215 236 211 172 206 164 120 2 159 182 196 306 19 98 180 82 52 64 110 320 14 68 3 142 354 285 342 41 182 280 9 219 93 296 289 111 147 192 244 231 220 246 324 88 219 133 266 100 247 327 39 334 78 158 17 107 283 3 253 101 26 168 312 242 71 358 245 71 337 97 184 232 21 57 183 29 201 258 352 143 182 186 187 322 40 173 294 294 278 204 303 210 268 10 307 202 320 7 132 208 200 136 24 176 22 256 249 124 191 330 25 41 234 42 119 7 286 161 44 36 133 163 326 227 169 357 86 228 32 15 197 178 21 53 174 270 283 260 195 129 298 290 349 79 335 132 208 332 93 147 52 313 317 205 115 155 165 48 275 354 53 43 74 253 181 37 287 135 303 32 186 302 279 204 282 67 169 132 75 288 19 128 343 325 103 259 280 310 301 182 161 180 136 84 224 232 300 210 90 337 276 112 253 178 200 248 320 1 213 330 347 17 358 125 173 241 303 358 191 192 188 179 149 197 262 245 315 283 32 270 24 39 228 214 251 337 237 184 208 268 
137 95
190 142 166 126 104 196 303 118 156 248 322 280 159 161 278 115 279 257 258 159 44 299 182 65 347 17 114 183 136 119 126 304 269 153 294 213 40 296 157 275 189 75 146 21 243 91 22 5 55 22 187 284 172 285 166 145 178 28 158 169 183 155 12 156 258 273 27 325 161 160 18 194 205 143 192 14 358 161 101 83 252 106 145 332 1 267 343 319 140 134 66 308 39 206 183 134 76 86 101 29 144 71 75 129 245 304 183 113 312 296 301 271 205 146 200 178 316 94 95 200 223 23 112 14 198 24 94 188 90 337 140 13 169 231 126 276 132 
338 257
172 181 336 195 302 174 186 126 226 171 80 317 226 36 207 49 148 112 139 159 218 187 22 311 53 274 306 283 1 49 225 24 73 314 159 178 173 30 331 244 283 289 342 147 267 344 199 229 190 34 322 291 238 88 296 344 278 223 263 51 329 48 226 217 49 24 340 301 310 325 269 30 56 84 153 38 55 60 64 181 330 68 105 79 115 300 121 274 148 72 125 50 150 256 171 255 182 178 298 234 191 16 320 132 72 228 202 258 210 301 285 303 265 97 73 23 185 74 283 30 22 214 19 117 305 100 199 324 39 243 86 32 233 63 344 187 131 221 126 191 47 249 223 315 107 210 5 343 57 116 42 61 134 13 112 340 60 296 176 320 311 199 106 129 333 319 47 81 234 286 70 20 343 93 132 52 307 301 75 76 114 188 22 145 241 61 355 97 41 70 28 333 255 355 208 274 130 310 287 116 3 93 304 308 335 168 284 100 302 30 297 296 85 7 134 252 328 77 296 212 149 0 83 41 42 12 45 119 322 157 64 18 347 143 207 87 93 7 14 262 89 230 81 222 334 317 21 86 254 113 321 338 331 269 101 328 317 320 341 108 179 306 187 42 185 235 304 86 210 202 246 186 92 48 275 224 346 306 232 247 188 207 339 322 212 337 149 311 82 107 125 350 153 224 130 262 277 60 270 113 299 345 50 66 56 74 300 103 306 253 211 124 202 55 149 116 273 35 72 34 118 235 172 106 351 236 264 334 61 44 321 155 108 185 68 223 185 132 
213 330
332 158 250 161 113 317 155 336 73 332 321 141 173 165 154 344 117 269 257 20 200 99 118 39 251 245 196 348 304 350 97 301 120 59 144 159 318 145 115 220 171 137 208 27 334 276 110 213 130 48 44 23 27 277 224 244 14 251 107 332 170 228 200 316 220 325 81 287 220 187 111 359 130 78 30 91 1 135 134 281 150 234 214 270 324 108 68 126 274 285 186 272 321 188 338 55 193 317 221 47 291 126 309 343 351 270 123 308 137 265 66 11 11 270 195 267 138 61 186 89 348 81 135 333 321 82 246 232 308 191 200 280 66 341 98 51 187 159 345 337 152 125 346 84 347 328 253 5 329 51 186 158 306 316 352 82 244 38 240 225 55 343 272 113 358 285 17 312 42 270 243 221 191 288 2 157 177 277 68 62 227 281 320 76 35 359 108 37 264 104 128 231 107 127 114 18 47 157 194 30 264 69 193 108 351 354 200 182 4 192 4 171 18 
47 220
27 344 225 122 317 97 339 73 324 95 119 191 50 120 320 262 27 332 203 269 210 35 7 266 40 19 207 331 100 128 326 193 263 123 288 91 355 345 105 139 343 177 19 278 59 118 124 
297 309
148 99 296 38 177 223 6 48 218 285 184 227 157 153 162 239 103 98 153 215 179 164 129 279 161 234 169 139 212 133 36 326 165 72 130 359 200 98 281 142 120 177 284 130 272 77 284 74 260 22 273 262 247 268 106 46 338 41 235 258 188 65 40 1 299 110 241 273 13 225 77 310 242 62 352 94 3 115 218 308 231 10 99 359 309 234 96 178 103 300 125 48 159 57 206 21 6 246 120 233 210 318 270 314 87 182 326 135 14 179 202 245 104 172 97 155 219 252 127 87 108 263 34 282 349 8 106 68 11 279 82 224 269 103 10 279 207 280 240 198 340 104 312 13 313 341 285 254 226 192 168 212 12 200 56 152 108 46 206 30 349 239 95 62 135 239 115 108 140 149 78 355 238 106 351 305 357 177 318 315 280 271 349 27 133 44 279 146 177 192 9 157 156 334 240 231 191 196 117 40 174 13 352 154 345 263 193 190 67 117 176 79 23 36 199 219 300 327 63 268 194 67 157 166 117 348 0 348 286 171 1 121 52 195 239 299 36 241 206 176 85 351 191 17 110 29 168 54 300 234 170 8 206 92 273 130 282 101 200 29 191 313 200 80 345 90 219 44 11 122 10 325 288 190 187 146 318 238 138 135 357 348 295 84 1 124 165 288 261 185 163 99 253 352 300 163 106 
310 77
49 260 30 343 298 11 217 77 103 110 252 267 262 329 150 113 289 97 241 165 225 17 303 270 325 0 336 75 110 112 44 38 209 75 202 233 167 178 49 3 227 37 89 311 211 174 149 123 125 38 60 171 282 202 99 263 201 105 166 188 224 111 147 304 68 200 215 138 22 103 117 297 187 86 249 335 100 199 225 331 254 314 51 314 76 51 319 258 5 284 287 70 125 225 48 258 288 265 159 188 309 11 96 102 298 312 326 19 9 198 186 248 79 81 85 33 261 212 199 68 92 125 348 259 170 183 208 124 72 218 129 197 88 239 341 80 15 281 66 304 91 92 308 301 220 284 205 246 115 290 59 299 282 42 46 114 77 337 273 97 226 159 356 98 188 287 122 308 359 89 70 196 309 74 143 108 11 89 243 98 92 277 47 196 252 80 41 349 188 294 67 221 149 80 160 247 348 309 292 61 214 258 304 279 234 274 117 105 182 202 249 14 244 12 50 110 33 56 157 255 91 117 138 194 109 273 78 239 133 152 255 188 193 162 294 72 124 137 98 223 277 299 85 218 166 96 227 251 139 113 68 316 129 337 207 355 185 120 224 34 172 357 311 337 331 204 40 233 260 65 67 165 307 67 219 251 227 219 37 184 230 285 177 265 332 166 170 70 9 14 98 342 177 231 48 304 0 3 258 331 84 346 245 165 289 260 160 225 326 7 
273 181
116 77 49 56 234 146 131 267 199 91 217 211 172 188 128 176 140 52 167 300 247 149 263 62 82 338 237 346 119 296 184 243 256 171 271 234 223 49 128 291 234 250 66 197 140 280 321 167 354 5 332 198 131 122 141 331 117 299 193 213 212 293 282 39 309 156 6 333 308 345 298 188 127 46 183 17 10 110 289 7 140 217 199 8 250 203 268 310 324 186 265 29 136 169 239 139 175 104 28 267 129 98 218 22 14 266 325 14 356 42 313 76 104 224 141 168 115 107 243 52 124 24 225 328 72 146 129 36 96 235 104 167 134 244 296 175 128 356 216 122 70 112 63 336 11 311 347 69 164 240 209 201 126 266 21 316 6 309 46 4 69 225 314 2 55 102 323 87 299 221 60 181 75 87 116 194 267 237 270 134 207 148 63 86 68 18 67 41 82 344 283 115 243 289 34 204 330 313 102 258 294 47 181 131 242 57 80 136 39 75 69 159 337 259 119 259 86 220 131 303 317 117 83 351 218 274 8 91 193 296 62 177 344 204 339 128 129 65 228 21 24 249 300 236 245 284 127 181 306 262 179 184 126 346 217 7 31 228 138 11 171 42 182 314 136 151 159 248 144 96 243 88 304 
142 37
303 297 306 137 36 225 281 38 188 16 182 329 211 357 55 124 191 94 239 62 199 241 255 101 289 147 348 291 148 168 311 30 233 54 105 44 115 326 119 179 318 353 149 4 275 51 149 180 245 327 357 297 334 8 291 214 69 127 359 222 149 206 211 125 248 320 265 317 322 81 357 9 174 94 189 162 228 194 19 221 232 191 255 22 345 93 6 9 39 291 267 305 321 302 201 74 265 39 154 138 270 17 282 337 163 290 113 16 318 128 127 248 251 247 183 218 32 160 196 213 186 113 223 223 295 279 229 278 107 93 348 158 41 100 39 102 215 48 192 91 242 287 
120 335
184 337 235 346 333 83 92 196 340 233 202 222 1 4 353 351 71 217 347 152 6 321 80 88 265 167 202 152 73 336 273 59 123 291 208 11 79 149 359 256 116 342 142 185 160 243 180 281 135 106 332 3 158 313 173 217 298 21 294 180 224 77 258 53 82 24 180 225 156 262 305 92 295 51 310 136 131 168 311 249 122 110 274 112 64 36 264 285 331 78 320 111 158 226 182 224 190 4 126 280 228 161 73 155 108 91 119 328 299 149 352 69 165 84 76 289 156 208 118 313 
54 104
199 289 42 256 179 332 205 159 230 25 116 294 102 195 87 234 73 347 327 181 238 276 57 217 164 206 70 169 269 62 76 144 256 284 206 126 10 78 326 112 308 157 350 205 7 276 357 213 297 131 333 0 58 298 
135 31
296 215 295 263 76 245 262 262 265 216 308 192 278 111 299 47 61 267 188 118 190 43 93 106 206 296 158 176 188 49 88 200 307 244 3 202 347 51 115 31 73 260 277 166 13 328 289 93 219 172 46 59 243 250 187 193 345 7 308 240 166 326 2 21 90 354 67 282 43 315 158 140 322 246 348 179 79 229 3 190 150 334 311 185 185 12 145 85 333 203 193 195 37 112 261 91 77 220 234 340 170 146 165 87 183 90 298 257 237 59 117 312 344 81 225 294 170 95 257 330 86 206 311 52 173 168 62 22 82 133 42 285 153 198 275 
163 248
7 66 350 218 139 25 98 272 100 336 303 157 136 208 136 178 225 266 128 87 62 292 107 349 266 9 193 180 94 3 265 25 34 176 204 51 252 137 215 177 354 324 342 84 21 85 274 307 327 220 170 160 1 165 55 340 291 264 26 128 25 259 219 278 248 192 64 234 351 81 354 189 256 194 218 139 199 45 9 138 199 61 28 252 301 114 157 136 318 141 169 349 317 250 310 161 50 143 138 129 224 346 237 54 123 37 322 340 35 345 345 54 43 349 335 260 238 326 66 238 163 47 115 219 211 72 218 67 211 46 205 247 164 308 78 188 25 42 139 29 55 341 141 195 50 307 116 141 172 28 180 326 132 77 183 220 335 45 134 186 96 310 93 
59 170
153 265 158 92 303 355 249 86 191 208 49 326 0 124 227 301 222 107 181 293 329 83 337 21 171 67 181 155 78 51 59 241 336 355 245 182 253 193 305 116 350 254 74 228 195 4 6 157 108 174 233 253 9 288 67 8 6 262 242 
6 311
347 272 21 312 158 0 
282 145
320 44 202 62 152 268 201 0 0 253 87 106 357 46 358 334 252 144 275 122 191 57 252 156 16 335 340 137 19 151 218 338 135 224 336 301 74 181 273 113 80 21 177 141 161 22 323 147 107 281 182 95 341 169 263 116 323 314 9 29 26 303 178 137 12 354 191 137 302 167 332 255 108 245 222 281 191 11 353 82 327 331 41 157 77 16 86 312 96 53 342 78 101 301 116 138 66 124 91 186 268 163 39 140 187 357 46 45 289 43 275 113 327 64 102 229 76 281 209 165 200 225 73 50 355 47 130 29 144 124 302 42 116 248 58 206 317 127 323 301 213 234 332 269 317 161 195 244 234 166 177 106 229 26 11 310 336 126 135 24 54 346 315 98 196 219 180 218 339 210 15 97 85 76 149 65 87 119 192 165 300 221 19 115 142 79 336 17 155 151 107 63 127 28 80 247 181 279 208 236 220 10 146 314 69 191 63 240 17 90 31 245 214 200 354 136 311 57 34 321 185 350 89 316 268 78 277 218 131 274 338 317 15 288 55 178 36 327 335 87 231 276 39 183 43 155 296 346 41 325 289 302 37 236 312 0 198 56 310 100 13 289 213 277 155 232 323 285 180 260 325 232 36 6 78 218 173 74 282 250 111 314 
