25
82 29
241 11 267 28 239 126 145 46 311 335 349 101 172 24 309 242 2 298 270 132 198 223 228 23 14 162 3 279 62 256 221 259 73 175 254 314 136 249 153 131 86 326 225 206 322 114 61 29 65 120 213 205 334 164 265 5 130 93 299 279 33 258 135 2 39 265 315 257 239 299 102 295 123 171 261 106 91 162 178 121 272 299 
236 29
344 187 197 150 176 136 129 228 238 254 219 239 351 239 141 285 204 310 174 346 185 114 63 42 25 302 177 225 94 12 165 254 108 224 283 299 84 220 238 86 117 128 6 294 307 328 165 53 266 258 192 277 13 192 14 39 251 20 121 358 217 27 208 332 225 91 11 59 312 172 187 48 190 246 199 205 124 326 333 327 272 295 116 115 6 290 37 192 145 65 121 211 356 81 139 173 24 231 307 49 310 254 184 161 54 169 242 346 329 127 1 163 49 118 190 241 239 341 107 21 202 243 144 114 358 321 185 273 218 202 320 247 164 180 261 356 219 301 254 270 241 42 56 257 56 173 138 213 33 225 62 10 207 15 28 106 59 284 58 311 52 83 342 323 148 300 302 17 296 197 243 355 181 134 230 137 176 152 34 260 242 23 243 11 344 305 151 161 14 235 345 223 116 244 297 46 42 3 283 132 165 324 183 51 147 65 113 195 156 236 92 137 308 285 126 279 186 75 5 238 55 164 327 49 348 191 1 57 71 8 102 164 355 345 309 28 
75 218
131 96 326 55 117 8 357 161 249 268 268 112 268 165 232 174 354 287 80 31 322 273 57 9 168 128 194 286 242 97 284 18 9 222 273 66 302 64 340 318 180 196 93 212 88 152 191 69 125 329 88 46 83 23 207 220 320 24 235 206 79 73 322 30 186 225 292 14 344 338 349 265 82 182 240 
338 149
328 219 131 18 143 299 7 229 49 148 141 134 128 247 135 125 38 350 332 297 140 162 245 26 128 149 28 186 132 124 237 81 196 77 187 115 23 147 68 313 303 324 338 355 106 17 121 262 34 323 341 17 331 319 195 354 139 119 97 358 30 121 105 131 151 211 7 114 56 68 17 154 173 335 76 345 256 305 84 341 298 135 189 295 9 2 246 51 277 348 18 46 94 154 69 60 94 29 274 267 321 218 125 98 72 99 353 13 151 126 266 21 31 350 219 241 352 354 271 145 76 88 84 205 299 310 84 190 136 330 344 6 326 202 275 109 49 66 168 143 173 350 254 182 308 152 81 272 229 139 206 167 210 178 154 131 179 52 345 226 339 334 96 235 210 259 200 107 21 257 130 71 149 77 30 335 330 116 236 352 358 59 200 242 72 294 14 280 288 322 356 327 93 194 78 13 288 126 240 44 222 23 234 201 210 177 115 315 184 84 51 34 171 39 146 232 136 23 242 252 30 249 82 316 152 135 183 104 174 72 245 19 253 253 210 27 256 106 109 351 65 128 69 337 347 265 231 99 343 146 329 207 353 23 332 353 135 251 36 89 161 74 50 328 7 15 236 130 123 244 151 205 167 182 290 33 14 184 277 150 62 250 264 310 340 332 301 8 261 191 281 304 310 173 71 137 307 243 69 105 202 144 200 183 268 300 357 225 280 80 306 347 327 94 85 108 138 349 139 171 325 40 106 331 113 79 192 98 223 304 232 169 308 185 141 184 230 127 
332 344
315 187 150 216 64 207 259 53 241 235 347 88 346 70 177 132 19 348 91 151 229 96 101 30 160 346 230 128 31 80 149 146 183 78 288 238 308 10 89 20 227 131 5 126 159 254 200 319 268 351 194 39 280 87 79 313 345 116 269 26 91 309 286 60 302 3 55 297 79 341 345 359 236 34 306 127 53 132 216 211 138 215 139 323 11 87 279 294 119 205 355 15 201 176 85 73 261 87 98 266 95 308 230 172 247 323 156 130 47 52 204 336 27 278 31 159 183 84 199 308 90 114 60 97 195 67 318 218 137 291 353 142 323 194 38 159 238 324 1 22 195 347 68 331 161 22 8 225 230 165 204 38 61 198 289 60 276 13 54 242 301 126 343 250 107 83 88 128 296 29 16 179 208 65 301 64 93 44 242 130 342 117 87 109 223 50 28 86 268 327 309 330 170 207 222 98 165 338 299 222 288 259 67 251 325 220 128 94 126 239 322 188 302 58 177 245 245 251 124 347 267 191 305 22 211 133 305 209 137 315 175 173 53 70 184 338 285 243 284 29 48 302 38 246 38 47 264 274 58 162 0 86 98 342 276 73 282 167 47 152 114 197 223 300 38 124 25 133 346 268 34 341 180 171 56 147 27 31 50 66 250 217 290 15 353 168 60 25 102 113 64 122 113 11 136 63 2 58 111 155 247 20 141 14 290 338 106 160 104 203 31 345 350 128 218 62 151 80 205 80 201 79 160 13 100 298 299 87 66 217 63 179 
328 341
128 153 348 349 95 333 55 87 174 121 240 235 351 175 195 106 347 180 304 171 118 30 333 313 308 310 163 12 273 51 310 240 347 220 321 83 49 131 225 97 22 118 16 93 205 5 122 109 214 151 225 96 313 112 191 151 203 115 66 280 18 27 242 254 122 121 158 2 65 7 56 174 134 342 31 245 20 244 349 309 359 2 171 190 314 247 90 247 101 67 288 71 115 269 0 252 215 98 175 3 304 292 276 165 12 69 76 359 299 294 142 233 261 323 122 179 286 12 32 22 298 104 168 223 236 51 164 259 329 120 197 148 249 302 358 244 142 241 120 160 255 191 97 286 268 208 356 301 48 52 33 17 275 96 159 347 144 257 161 214 185 146 14 75 76 113 228 92 141 202 67 166 317 18 159 150 163 337 15 154 90 146 51 144 245 326 97 303 20 38 339 3 231 198 52 226 32 285 195 172 272 348 124 2 33 226 38 291 283 285 272 168 175 310 81 333 64 300 320 170 260 209 192 16 229 109 67 64 206 156 274 25 291 40 328 275 352 184 45 120 220 336 307 24 67 334 62 263 344 171 68 129 309 33 217 154 152 104 127 115 154 108 20 14 271 230 128 335 277 94 299 13 227 262 14 238 51 120 359 72 116 272 234 135 189 13 170 145 222 202 193 345 88 346 171 356 202 317 260 327 214 317 188 229 40 67 236 123 17 259 166 220 66 297 307 178 310 314 203 86 286 211 275 325 228 133 294 5 
80 156
185 241 138 70 330 235 247 88 359 60 21 40 235 313 36 28 214 93 55 122 17 313 327 294 284 296 55 326 40 282 14 136 263 161 65 122 279 69 150 242 254 339 159 59 41 23 316 88 102 289 96 19 205 232 45 190 0 35 257 206 102 305 323 314 239 315 350 175 316 175 237 130 271 255 156 291 345 28 279 161 
103 77
288 305 346 251 256 207 72 222 149 97 156 22 41 86 17 281 273 218 215 226 136 100 21 293 279 225 290 56 334 330 254 159 221 185 95 305 355 299 63 255 218 199 168 199 36 62 100 235 104 298 159 279 201 345 258 89 80 85 247 189 288 326 184 53 329 5 133 12 48 168 295 302 339 226 16 229 261 261 335 163 152 209 224 107 117 320 5 241 76 324 214 8 312 47 25 170 35 77 321 279 106 68 179 
53 273
147 287 164 291 321 193 201 26 300 184 109 301 83 92 27 110 191 231 89 208 80 89 309 130 262 55 33 287 186 13 202 89 1 144 169 217 228 253 218 127 49 97 33 278 279 57 316 91 204 57 255 103 304 
300 120
195 333 260 189 166 2 105 28 53 286 246 38 125 18 7 287 322 282 47 66 53 198 348 217 0 206 259 193 319 142 194 67 272 28 33 287 156 210 287 93 45 149 320 98 160 6 22 323 190 251 168 246 209 116 239 176 329 20 104 142 214 37 40 354 249 79 144 43 58 6 107 318 225 316 2 230 108 168 207 48 346 129 1 29 289 48 76 55 117 287 235 268 54 250 257 129 74 12 255 81 255 113 214 15 76 278 277 186 337 330 101 306 229 195 291 148 198 165 292 11 149 299 210 112 296 270 1 121 124 253 234 15 213 289 21 332 124 113 242 87 238 255 186 30 125 66 227 114 335 47 357 202 157 82 111 318 224 136 115 165 335 267 323 93 277 272 264 75 105 323 322 285 176 332 50 145 127 272 20 77 76 257 71 9 55 107 150 80 354 97 297 0 33 258 65 27 181 321 262 84 142 21 229 239 335 260 212 172 355 268 142 106 39 280 134 20 97 80 320 166 194 132 257 288 131 190 327 292 224 61 216 228 58 56 354 177 230 68 242 54 294 240 259 201 211 328 8 195 211 56 192 173 14 167 22 225 306 139 234 299 292 218 219 259 116 194 7 41 93 129 239 161 281 263 230 257 196 22 117 212 42 31 312 267 85 163 80 309 143 170 242 307 267 248 356 325 151 30 46 68 
333 13
161 315 68 165 141 247 121 349 19 16 31 44 259 211 187 10 338 300 174 252 323 160 116 238 21 115 219 336 107 210 120 348 250 317 86 93 228 358 59 214 121 171 160 318 229 153 262 199 116 344 290 107 236 266 204 240 46 221 175 335 89 42 7 80 69 205 220 202 24 222 272 81 19 121 136 332 130 28 100 157 321 6 213 278 341 356 100 118 56 232 283 108 204 232 108 325 106 5 232 235 270 96 81 298 205 275 121 232 47 161 167 156 101 352 42 170 124 313 290 159 318 127 304 17 279 141 198 211 274 11 35 38 210 35 50 318 285 146 192 44 323 276 298 50 327 226 96 112 274 235 253 292 198 72 4 175 246 88 126 226 168 20 114 54 69 69 47 11 161 45 346 209 160 212 343 276 303 208 144 277 29 12 21 307 245 246 158 3 250 177 320 156 229 187 260 164 154 55 143 248 53 17 264 40 297 69 182 168 26 330 10 138 190 184 183 71 342 78 17 323 142 275 321 156 101 258 316 33 84 337 153 149 165 134 281 196 217 263 299 109 296 110 91 59 341 237 44 59 253 313 181 40 262 95 234 190 61 197 195 46 116 136 210 148 139 6 252 258 298 85 294 274 50 285 302 73 83 23 267 170 197 239 228 250 261 196 148 107 333 331 292 29 68 221 49 45 160 235 271 251 304 31 150 284 248 352 184 117 29 274 312 280 248 239 67 264 335 278 336 197 44 91 36 145 236 349 141 186 21 105 240 120 296 
352 279
100 106 67 90 59 57 43 333 335 310 8 345 347 25 317 96 41 45 70 163 329 316 228 48 262 31 252 180 105 255 57 42 57 358 167 192 263 174 349 337 358 240 324 9 135 57 76 322 111 45 32 249 90 336 103 197 11 71 310 300 92 8 97 312 115 151 193 117 8 359 182 46 173 14 337 251 135 312 305 128 10 307 232 95 31 354 28 306 347 166 150 20 156 253 246 86 181 291 1 15 346 35 64 210 349 164 8 204 108 347 124 292 164 111 173 83 340 205 162 27 162 136 260 156 240 90 153 176 222 180 247 260 18 106 198 72 334 189 192 232 304 335 331 108 344 346 341 139 156 263 352 76 185 176 253 322 75 218 321 260 255 340 122 229 280 337 111 171 247 322 122 294 166 198 7 94 357 147 42 149 282 13 221 65 80 331 120 241 275 134 205 222 77 192 7 0 160 92 46 340 110 144 251 252 162 53 182 348 142 292 277 219 243 174 147 74 316 337 96 292 0 294 13 156 57 191 201 24 34 216 245 352 238 44 102 231 79 252 101 34 162 179 271 151 138 193 14 81 160 56 302 111 115 225 60 171 157 3 28 101 264 286 70 148 97 211 255 119 15 73 72 122 1 357 16 38 38 201 119 295 233 52 356 244 333 43 329 347 29 203 52 25 75 223 25 116 259 124 84 52 311 196 234 95 112 293 81 83 239 65 171 57 120 142 264 83 164 206 34 73 71 183 122 267 215 291 48 152 191 13 160 81 336 142 357 327 49 109 196 174 78 16 339 8 72 171 156 272 147 250 308 99 
207 269
87 266 283 327 71 154 60 309 2 45 255 193 154 29 138 187 132 243 279 210 209 276 171 17 137 313 152 251 342 143 119 271 300 132 284 134 353 57 311 92 112 41 11 313 279 86 96 134 170 21 137 222 51 235 151 95 348 322 114 246 232 52 122 75 72 306 41 334 149 205 76 303 202 79 212 231 97 169 23 160 212 118 126 253 343 231 126 313 138 258 305 171 261 319 45 36 177 95 259 9 327 204 247 166 152 329 329 255 67 150 342 69 143 224 145 331 202 298 295 320 171 320 309 251 73 216 223 143 88 48 146 290 234 157 9 56 214 23 237 155 279 77 195 194 316 14 227 150 357 295 26 314 160 291 152 44 97 235 10 296 71 318 120 332 34 248 161 339 339 126 109 109 61 149 78 304 70 157 103 36 152 70 253 16 80 13 111 239 45 109 215 159 203 243 334 225 13 108 228 63 233 200 211 17 58 157 220 
15 18
55 314 82 215 136 256 281 126 163 159 217 14 115 52 160 
240 185
167 26 28 172 177 200 106 138 353 274 299 335 41 292 259 22 349 203 265 250 196 343 19 130 3 337 171 163 128 192 324 117 288 38 97 289 118 33 210 23 229 212 237 304 13 18 115 91 116 225 240 289 121 175 249 57 58 114 159 258 267 311 108 232 267 132 19 357 111 22 27 306 270 155 61 191 63 173 86 311 294 111 342 77 295 71 281 307 102 329 99 253 54 33 320 19 345 335 228 340 120 210 45 209 20 320 197 244 220 35 98 164 316 262 237 359 342 171 177 235 25 359 150 336 218 196 140 310 52 349 244 32 118 45 1 13 355 313 102 103 12 329 73 11 14 338 196 350 153 173 186 0 65 209 176 86 138 189 316 201 239 331 104 199 130 142 0 29 74 324 218 118 240 156 265 175 353 209 303 333 88 314 166 297 121 209 80 240 5 220 23 7 148 351 323 122 9 88 186 124 74 28 240 96 214 167 256 67 129 355 83 231 183 103 215 133 101 79 107 223 154 255 244 164 203 67 241 308 69 245 101 308 357 278 223 272 334 160 125 254 
146 53
166 227 10 136 339 353 175 82 9 226 74 208 262 89 320 16 286 257 41 88 175 121 35 223 251 175 220 17 354 93 358 215 248 4 284 274 305 268 110 171 319 213 218 38 179 89 300 259 60 146 156 314 152 198 95 68 339 346 104 346 265 187 36 54 312 67 340 34 351 110 337 114 303 291 69 30 168 318 61 67 336 109 50 54 344 96 79 207 67 16 87 20 322 200 6 297 4 146 201 357 251 185 324 127 248 178 321 310 157 257 22 92 226 67 346 0 302 296 3 343 249 127 152 18 99 317 71 73 147 315 36 327 4 68 55 271 272 254 109 115 230 253 257 187 73 104 
32 288
78 154 26 24 164 136 220 54 146 163 121 329 101 242 75 90 343 178 82 203 310 265 282 48 354 339 182 193 58 13 176 59 
258 298
340 269 203 332 195 102 210 243 126 82 98 229 183 223 332 232 358 12 69 147 351 179 313 7 299 169 153 253 81 305 126 330 277 80 159 259 224 157 317 355 313 132 37 337 204 262 329 160 6 223 238 11 223 106 91 289 131 18 89 271 146 335 205 278 56 176 153 188 314 215 73 216 257 97 250 98 291 5 198 91 277 65 257 63 217 142 38 348 55 126 116 122 261 67 359 273 49 159 351 356 338 192 348 248 89 123 249 349 222 112 323 211 251 85 79 49 184 36 12 218 166 27 53 163 327 89 270 176 73 223 52 285 84 282 245 253 3 205 214 11 41 9 230 294 227 188 190 293 298 203 9 244 48 98 288 115 71 206 14 2 139 271 206 301 3 313 354 180 49 178 206 171 338 304 12 75 293 208 247 76 311 188 269 78 104 249 199 2 301 48 316 60 195 137 92 101 285 350 88 243 160 132 288 201 102 128 98 244 40 250 333 98 117 238 121 232 43 172 278 151 34 268 169 309 109 322 234 302 261 275 223 81 70 147 129 10 168 267 169 351 237 146 323 314 139 341 270 221 157 218 357 349 244 182 120 242 21 76 
253 316
269 108 44 338 184 323 330 253 201 129 319 275 334 197 305 182 35 79 20 241 224 186 186 285 356 226 165 42 41 196 118 335 337 282 242 238 283 204 127 89 315 275 323 270 122 275 149 155 61 144 114 237 238 235 348 113 292 21 63 72 129 205 91 78 322 107 281 98 304 93 245 246 278 123 246 151 193 127 239 199 33 255 56 167 334 299 153 206 334 255 61 320 232 165 69 277 60 158 212 248 261 316 146 301 109 143 348 13 14 70 235 276 67 17 14 287 5 224 33 248 208 18 183 7 36 101 270 152 122 166 169 143 310 224 130 353 114 50 204 95 49 5 191 68 242 255 13 235 97 240 260 214 293 266 231 5 237 323 153 283 108 245 225 341 254 3 322 130 271 185 206 297 152 86 181 209 126 55 55 8 9 266 156 137 355 233 340 55 203 135 243 14 21 128 97 290 185 166 180 86 89 273 110 252 130 346 248 35 244 0 97 347 167 91 25 40 293 293 225 6 218 40 109 21 190 42 200 174 331 106 343 311 131 268 207 185 78 45 29 286 336 90 359 355 293 278 32 320 331 45 3 202 71 
15 139
62 56 187 121 148 84 106 216 14 82 56 106 84 319 4 
20 184
64 40 271 154 261 106 197 12 224 260 91 24 166 33 41 293 309 34 240 98 
242 332
150 71 5 99 351 243 265 287 268 123 153 127 42 226 224 324 79 129 23 306 269 247 47 359 102 327 94 3 354 3 162 225 23 256 181 127 133 279 244 122 171 13 71 175 278 72 65 183 200 252 14 336 297 336 295 86 52 195 27 119 6 315 169 301 342 328 244 186 334 110 296 67 2 44 120 256 358 51 157 349 41 207 263 176 59 296 247 91 352 136 222 176 42 202 294 126 54 187 69 220 13 356 79 354 7 145 266 72 156 207 157 21 177 301 59 346 179 84 144 71 236 217 78 298 175 183 162 357 320 133 146 71 153 157 287 135 105 279 45 260 46 43 106 14 195 51 211 128 54 43 39 212 150 132 167 302 313 357 274 165 203 192 107 28 186 70 258 63 272 80 88 174 144 189 273 6 271 8 300 149 101 26 120 325 290 220 10 45 256 193 255 57 157 254 122 72 276 130 43 204 92 173 292 331 188 262 111 40 19 138 157 172 161 296 214 139 66 334 248 93 192 340 254 182 181 53 171 51 335 37 202 347 337 27 46 133 20 15 181 73 300 225 
135 84
221 315 179 123 150 359 146 243 193 319 144 96 192 220 341 246 166 183 110 98 347 89 227 44 58 116 53 314 113 232 203 7 117 263 257 73 51 92 106 244 328 268 74 40 108 348 211 196 184 146 279 84 67 146 188 71 247 121 120 230 243 9 110 170 99 225 342 294 261 133 4 206 114 254 166 38 309 202 3 45 214 332 219 243 206 139 97 281 359 39 153 63 3 283 116 98 352 218 334 174 315 336 201 301 293 39 341 303 140 301 123 127 110 327 268 226 26 310 338 340 56 181 322 176 211 234 326 121 209 104 185 208 232 179 121 
358 293
136 74 91 248 228 86 344 108 238 327 306 41 154 319 302 15 303 37 248 153 303 33 217 271 70 345 294 359 322 194 110 317 162 197 228 200 331 200 220 218 99 287 251 141 118 161 329 309 269 216 43 183 183 177 48 70 284 236 259 280 11 303 32 314 110 194 251 259 114 23 47 217 92 191 272 54 161 175 47 74 235 177 338 51 220 61 135 296 67 54 240 2 327 102 49 43 265 72 50 144 322 285 94 220 269 93 191 60 335 302 231 199 190 182 4 74 336 199 206 284 279 143 294 58 217 258 218 81 52 64 215 128 294 215 26 105 326 241 1 172 130 142 111 243 254 25 221 122 261 278 145 145 98 147 310 192 322 76 311 91 64 254 352 75 259 170 326 63 57 124 68 73 28 141 327 182 128 333 168 35 44 252 291 288 159 349 13 227 244 99 0 290 256 165 324 313 300 204 173 124 316 354 182 189 201 126 39 109 321 80 278 79 289 125 194 284 301 152 258 274 355 207 160 5 12 32 315 342 48 264 68 322 232 9 149 236 165 64 40 188 272 9 215 153 44 224 95 291 165 337 94 257 327 316 168 336 63 80 113 311 109 65 92 9 24 7 166 181 45 100 359 14 261 138 49 202 154 298 231 283 161 292 143 25 346 273 248 275 249 72 122 123 227 328 128 251 337 13 173 83 129 179 227 51 118 113 224 259 202 224 15 109 113 63 236 264 43 316 180 83 289 286 181 315 54 94 97 249 81 133 30 196 219 345 278 315 348 254 303 281 25 158 94 319 178 51 119 249 240 174 188 62 230 88 318 186 3 80 
21 274
9 296 311 95 184 297 126 70 34 208 332 202 326 111 174 53 104 145 217 252 175 
