55
301 82
36 145 127 234 224 356 221 60 164 213 134 6 190 318 276 291 15 239 22 126 333 285 59 285 231 93 7 354 254 101 185 59 116 207 266 335 186 264 180 161 51 80 343 41 331 166 8 17 133 264 68 279 44 210 305 282 358 97 349 231 24 165 343 220 215 4 21 133 152 137 98 86 209 292 63 269 212 71 175 172 84 223 114 312 65 281 115 107 60 294 300 106 260 168 114 80 256 190 145 227 335 92 313 292 39 73 72 188 102 122 167 215 173 234 137 2 275 87 219 310 21 90 193 158 242 203 6 88 103 69 255 139 306 187 134 181 188 133 354 179 28 287 333 23 182 136 168 146 179 296 203 138 250 21 34 347 335 345 211 107 334 249 225 74 351 184 257 330 65 337 283 38 169 355 289 301 244 67 135 63 75 227 332 151 117 105 81 132 89 308 171 302 170 110 274 222 150 181 321 91 243 164 225 150 106 22 159 27 277 336 249 217 53 237 135 67 71 128 324 322 122 217 201 180 229 215 219 74 193 284 30 110 91 112 306 279 261 62 322 192 32 213 204 285 156 121 56 224 13 29 227 351 353 96 267 39 40 186 89 253 293 130 107 38 56 138 338 22 136 15 186 335 239 2 109 175 190 290 168 120 109 48 250 179 201 114 261 186 148 8 92 28 181 287 253 186 165 307 77 78 234 
28 104
242 204 102 189 189 202 11 200 203 306 186 22 251 307 176 173 78 166 356 289 313 187 169 307 119 103 321 273 
253 202
68 324 25 85 246 185 318 116 12 176 207 337 287 328 342 336 193 272 32 345 229 328 275 86 218 117 119 8 29 26 306 241 10 254 50 31 350 18 240 279 21 272 340 289 309 32 333 24 63 78 301 294 211 302 96 56 146 82 348 178 287 88 305 330 241 1 222 189 20 282 66 38 25 213 74 140 190 293 217 132 192 298 315 2 191 210 136 217 152 304 103 42 34 227 154 153 131 41 335 172 351 54 102 215 168 57 149 341 29 338 66 282 204 236 271 62 202 139 121 225 262 140 101 7 100 154 31 120 215 91 98 18 222 151 312 220 147 358 247 343 39 292 189 5 143 259 239 320 311 349 152 258 354 214 137 27 83 123 9 127 201 202 221 304 192 187 112 190 54 42 217 249 288 162 355 222 119 111 183 173 160 259 174 196 294 106 337 348 31 355 14 233 23 257 242 84 148 9 113 6 282 191 15 311 296 45 62 87 322 295 104 244 323 108 274 46 109 69 323 238 226 251 48 106 14 160 335 32 296 71 263 311 212 268 296 263 353 199 21 231 257 260 325 174 318 210 314 58 346 66 69 115 11 
253 319
259 199 350 131 341 96 181 275 347 91 193 356 37 291 32 153 311 205 65 246 258 321 322 84 205 137 149 99 6 36 152 266 121 206 136 18 194 143 151 10 153 106 297 81 83 305 29 109 53 62 315 282 220 207 282 218 310 221 11 104 166 330 358 213 237 112 247 269 107 239 146 78 9 92 231 189 273 92 57 207 93 1 354 94 58 66 87 176 140 319 239 44 303 26 307 167 328 74 126 227 116 211 154 132 99 102 39 234 131 47 313 14 72 89 207 226 256 320 339 192 161 25 3 163 171 215 163 246 211 48 41 198 303 318 156 115 21 232 195 279 92 297 72 44 277 288 235 51 299 97 28 264 333 105 311 104 242 125 286 56 221 225 13 285 260 93 227 162 290 296 86 176 3 265 125 147 187 253 248 127 78 39 192 168 227 53 33 189 202 282 323 224 188 262 140 240 341 350 133 51 158 180 246 286 333 141 100 346 275 252 58 183 149 253 311 238 102 56 142 256 213 67 169 142 46 15 259 118 53 329 147 309 6 288 273 241 166 341 83 55 342 211 313 310 112 207 91 110 64 30 262 151 222 
194 177
240 273 254 116 129 264 20 170 74 293 275 148 125 144 61 291 245 130 112 170 352 193 255 233 192 215 147 70 220 64 260 340 53 33 162 57 69 142 187 10 328 317 280 87 352 33 158 89 353 213 190 98 216 229 138 345 244 13 353 248 172 288 34 285 54 54 106 354 256 226 8 3 36 229 4 125 176 111 66 199 49 255 177 17 80 110 148 327 109 48 204 261 24 354 334 86 136 120 54 113 217 42 192 263 292 103 291 32 262 77 158 264 294 175 136 286 313 29 335 330 200 34 23 233 237 153 323 205 232 282 66 324 296 235 325 45 278 197 240 29 252 52 249 258 9 279 302 350 214 43 324 199 116 229 308 72 323 258 326 97 195 54 217 139 335 119 289 243 313 49 343 133 335 137 134 356 4 134 166 4 133 230 269 323 101 323 21 145 146 22 57 188 76 20 
275 179
310 4 288 247 38 159 3 275 272 9 154 292 180 8 131 7 134 224 285 176 70 319 112 224 228 137 38 127 162 248 72 358 342 216 287 312 150 239 211 336 331 170 53 69 139 204 42 272 55 31 271 334 163 78 124 280 326 220 9 278 7 75 161 123 303 211 357 31 35 100 275 11 83 308 214 232 351 20 165 174 164 353 222 188 253 340 50 150 278 289 314 143 348 101 92 84 253 319 345 355 98 40 210 153 349 56 122 214 349 214 352 67 143 103 223 59 313 129 195 75 116 246 284 163 339 72 67 329 321 67 185 91 285 143 335 132 335 344 99 108 88 296 97 320 91 55 146 147 114 239 134 354 43 305 12 198 45 262 352 321 94 92 350 121 238 301 251 134 57 184 60 351 297 253 301 316 352 216 294 98 258 230 297 281 228 352 185 219 301 162 135 302 162 277 257 110 233 63 215 3 94 251 340 243 107 253 189 126 177 323 176 37 190 123 117 9 337 72 51 21 122 118 213 31 18 52 301 187 350 334 333 335 65 186 291 129 52 264 167 147 68 17 65 7 29 335 63 46 160 242 305 90 10 256 218 351 259 87 215 215 216 190 28 299 155 61 353 105 26 246 150 242 57 20 218 
151 74
258 190 103 172 77 44 109 185 357 163 301 213 35 319 119 13 114 317 54 53 119 186 57 107 112 215 117 159 237 26 332 217 154 31 97 298 237 114 235 72 89 328 263 308 90 226 356 116 254 173 111 279 330 207 162 106 32 76 251 291 239 276 358 201 179 296 256 52 135 284 55 74 47 289 327 6 0 258 33 113 74 320 276 8 72 101 99 256 140 339 191 317 237 91 101 199 51 286 140 269 198 195 70 155 263 227 294 126 301 204 151 151 53 172 99 136 15 308 349 225 220 80 212 24 97 24 250 248 305 214 81 347 334 348 32 130 86 124 315 206 329 193 19 24 300 91 32 188 308 311 214 
78 32
12 277 240 177 251 72 242 258 297 48 253 94 286 322 340 183 53 166 253 43 277 315 197 56 206 39 347 93 297 21 262 345 33 200 302 7 192 295 242 27 178 239 266 17 232 204 227 246 297 191 181 305 275 50 250 298 90 354 207 165 191 252 119 6 331 234 91 203 258 137 318 76 43 253 0 286 336 356 
258 138
183 115 89 243 141 320 295 273 6 74 89 186 168 167 313 183 193 262 284 177 248 131 344 144 151 240 149 182 276 324 127 63 164 99 207 55 76 72 298 262 100 85 243 307 121 177 214 37 311 162 234 335 24 273 275 84 310 239 336 308 204 165 55 10 128 34 58 87 249 110 167 243 139 257 317 161 284 296 255 58 18 202 132 101 222 88 130 346 1 299 146 64 294 292 166 234 52 246 34 130 129 25 176 82 106 307 314 132 122 338 192 74 264 118 150 346 174 325 72 13 315 42 97 218 194 41 32 59 188 295 246 302 187 348 338 182 141 310 9 9 295 302 214 30 235 189 48 249 198 267 7 132 71 97 246 73 298 206 130 62 87 284 91 40 263 131 50 293 292 190 125 28 106 185 264 357 340 356 164 121 287 50 297 235 196 288 16 41 85 258 92 197 191 312 288 169 246 317 269 59 310 31 205 34 196 52 353 271 182 240 318 325 99 200 241 122 213 346 258 271 258 39 28 191 294 283 58 233 296 332 338 96 292 229 168 290 336 137 242 90 68 210 190 349 349 122 85 118 191 177 151 24 233 60 216 126 285 253 
71 49
77 303 229 16 24 80 177 280 128 314 132 249 254 195 27 115 302 207 181 287 250 152 237 139 245 221 343 228 329 201 155 302 18 223 92 207 93 185 45 50 356 300 205 200 317 20 93 7 171 126 315 270 97 327 182 4 69 164 152 74 224 78 351 179 111 181 58 317 45 332 297 
322 245
210 206 155 245 184 126 188 316 45 328 322 58 226 214 341 275 258 37 147 285 40 245 127 234 316 78 90 124 144 204 211 8 23 263 109 2 112 13 80 312 227 21 34 143 300 218 304 217 110 200 278 49 9 82 95 350 290 258 344 204 142 90 308 331 282 267 341 315 264 233 259 108 17 93 46 201 236 71 51 261 31 13 21 218 335 247 201 173 261 205 131 282 110 232 237 125 70 123 156 238 12 337 209 254 326 207 144 247 268 192 130 180 121 94 178 170 8 25 90 46 132 44 107 128 155 68 87 59 29 196 294 269 346 340 342 254 222 252 13 121 49 98 209 75 154 122 16 145 165 16 238 337 71 218 14 267 175 93 134 134 185 300 304 29 209 17 271 359 91 351 106 356 19 258 283 161 269 27 222 80 305 178 201 181 241 339 220 166 157 286 259 231 195 229 105 236 166 61 207 172 288 319 59 111 341 71 71 32 11 74 259 79 223 107 173 349 59 337 277 69 102 273 273 49 129 91 169 75 43 328 87 192 235 1 57 176 204 82 214 62 349 168 226 321 106 1 275 108 215 275 244 192 77 295 351 85 161 254 74 3 239 317 73 312 308 315 341 224 80 79 144 285 222 53 48 182 94 330 154 181 342 150 71 38 220 0 8 87 110 211 304 328 58 262 161 90 25 9 277 333 161 52 54 33 67 338 20 37 83 13 268 315 344 128 121 24 357 264 145 304 320 333 
259 17
199 182 49 48 79 149 31 62 354 324 283 2 121 42 57 121 77 78 155 69 150 132 146 244 87 300 296 347 74 184 247 296 105 86 88 144 319 30 200 196 150 10 303 167 50 317 134 159 281 282 196 308 349 112 324 113 72 323 358 112 96 94 308 32 289 341 188 232 97 180 52 89 196 186 92 7 223 301 179 344 108 357 15 218 230 261 198 269 336 29 24 316 54 157 255 0 53 176 299 9 213 188 105 20 124 154 222 207 16 151 55 274 79 298 18 198 25 33 109 233 350 256 256 93 147 274 162 342 82 119 332 228 131 261 122 220 23 180 314 332 103 42 72 64 189 167 70 248 47 123 10 108 96 3 2 287 86 68 132 235 329 142 127 159 251 117 23 229 250 267 172 34 187 93 51 96 252 170 221 140 74 341 272 185 122 279 129 103 158 261 52 319 8 172 56 247 223 245 204 258 358 8 117 175 324 8 15 135 213 137 284 262 71 244 316 241 224 210 143 147 38 336 334 270 284 322 214 54 22 190 152 65 216 143 231 175 358 239 2 189 110 231 54 156 16 300 311 310 24 32 345 102 341 86 268 245 172 214 87 
205 200
88 271 23 345 207 220 216 299 114 179 110 37 91 271 35 358 152 20 36 267 82 77 72 321 5 78 231 229 95 35 228 78 98 213 147 139 50 335 173 124 336 21 153 108 210 145 342 312 339 281 278 138 89 206 29 59 126 356 248 79 110 320 1 65 103 359 355 13 61 179 58 346 333 305 202 178 49 354 272 151 167 145 299 23 309 83 117 63 135 105 48 194 132 97 97 346 320 265 93 300 353 208 273 266 206 43 134 245 177 348 129 342 303 205 70 338 117 334 40 341 193 269 141 153 157 325 325 149 303 158 212 144 140 143 80 306 82 344 200 202 349 111 159 234 152 259 260 116 276 172 122 65 90 88 110 111 198 106 280 17 307 231 49 39 127 276 128 126 301 113 79 166 190 58 109 56 272 127 169 94 67 124 330 5 272 55 136 301 109 203 350 303 245 1 225 290 311 358 98 306 68 1 250 82 162 
204 163
233 164 56 97 252 339 168 287 165 172 44 66 257 342 269 182 89 218 201 199 189 268 299 307 342 291 196 262 184 224 125 22 18 291 132 319 109 357 238 14 243 62 168 268 128 346 189 253 171 46 245 353 154 290 132 186 34 240 162 23 53 1 350 167 181 310 20 40 77 167 93 260 35 263 61 68 24 313 301 306 310 287 145 85 199 258 229 138 84 272 8 73 75 133 241 13 281 99 122 320 99 229 278 334 101 324 53 288 111 163 201 4 44 146 237 283 210 297 173 136 37 306 126 167 75 78 251 10 154 5 326 146 305 18 49 305 185 171 150 2 197 84 141 168 299 355 31 76 110 250 54 43 281 344 292 49 282 49 251 63 284 310 311 315 57 20 43 2 58 106 231 103 48 210 156 140 76 295 323 247 22 63 222 24 211 196 327 186 279 169 114 180 173 275 31 169 189 282 43 314 35 304 34 250 
293 83
197 292 7 207 352 180 69 18 338 190 41 235 310 188 60 356 50 340 279 335 167 277 80 200 345 335 232 221 308 66 278 208 210 65 171 346 243 11 309 308 205 348 270 69 265 205 183 328 13 147 160 255 124 216 191 222 77 132 64 232 258 107 86 61 185 16 148 178 30 58 263 276 65 97 91 59 172 69 43 109 256 265 55 18 260 278 262 223 54 34 118 351 119 4 169 19 218 140 268 56 66 202 175 213 350 300 23 119 210 71 182 307 89 75 331 150 53 21 354 203 272 73 134 173 245 153 141 123 175 283 111 181 84 22 285 172 238 307 95 166 346 191 78 210 44 173 252 213 96 170 26 237 352 87 83 162 313 64 355 153 241 205 27 215 243 273 179 132 328 139 248 16 186 211 186 98 290 160 228 302 344 58 261 323 87 193 289 29 350 325 36 300 272 151 121 197 275 125 166 100 266 20 290 31 326 330 291 274 13 28 154 272 225 322 286 120 342 301 100 129 43 110 81 44 8 227 171 287 56 311 294 334 302 15 31 130 312 120 280 30 341 139 129 66 164 200 327 56 117 173 94 72 105 134 125 254 278 66 162 329 173 224 124 324 174 166 68 252 284 279 195 44 110 99 143 157 114 227 124 35 156 348 27 141 144 11 96 8 180 281 319 267 86 
102 273
160 249 145 50 57 138 94 175 280 313 117 210 182 186 98 348 13 352 169 330 143 79 239 313 84 105 218 303 355 238 38 171 47 189 120 179 60 41 179 3 358 81 283 101 348 57 130 231 225 127 342 143 98 187 329 166 38 299 56 69 51 284 11 314 81 144 23 202 109 114 227 39 106 322 219 276 126 60 18 194 310 69 117 172 163 26 1 203 331 242 91 16 12 57 351 358 249 343 31 223 32 344 
2 272
115 143 
301 124
130 264 42 349 70 241 126 227 44 112 141 140 267 208 243 314 220 123 292 334 204 117 323 260 149 169 325 184 307 35 187 161 74 178 99 190 308 290 166 326 176 72 47 283 325 119 277 282 206 64 15 322 151 186 280 203 305 229 102 297 344 236 314 221 155 271 307 147 5 222 114 251 162 32 316 164 146 135 13 53 280 190 130 230 97 287 262 236 99 147 287 143 48 296 281 337 18 99 125 224 119 222 103 299 178 202 117 357 128 95 353 352 271 48 187 276 102 3 216 285 64 238 317 134 233 117 137 9 313 238 149 234 232 359 54 102 262 348 264 311 328 288 60 240 95 127 125 306 128 352 108 13 160 84 186 81 319 17 268 77 342 232 7 129 116 159 90 275 169 259 161 278 49 352 334 113 68 216 144 93 357 124 45 69 191 117 296 236 327 229 149 134 79 165 102 235 142 291 145 297 141 73 126 257 297 173 263 273 308 110 127 168 237 8 157 82 116 6 201 256 64 273 97 267 306 20 67 181 176 182 139 214 144 126 354 193 291 29 246 303 213 207 136 185 164 122 25 350 321 338 21 241 117 304 121 139 296 206 36 36 317 222 18 120 287 104 323 74 288 207 282 22 350 268 64 19 15 117 164 131 81 95 65 43 132 317 268 3 304 126 51 100 9 215 129 45 104 182 111 271 59 
107 216
285 99 30 186 120 309 324 56 252 176 350 159 229 131 146 212 181 12 182 323 57 355 8 315 206 220 347 159 82 175 29 4 40 71 358 297 217 335 281 182 89 260 169 216 332 122 356 353 301 11 358 346 105 251 256 250 240 9 153 342 91 262 29 37 298 331 149 186 229 234 331 143 263 283 45 115 329 168 225 38 291 158 189 78 258 284 279 5 89 137 21 63 125 225 303 236 194 357 223 331 332 100 354 215 265 150 104 
194 82
200 187 254 176 112 46 345 120 68 216 158 52 14 14 73 350 187 182 256 124 43 330 158 23 127 79 243 142 71 174 316 62 155 119 304 271 261 80 223 327 22 329 246 148 242 65 269 200 275 160 9 94 193 243 101 71 233 172 325 6 340 0 17 349 89 355 58 224 22 100 320 297 320 51 269 41 160 313 108 64 356 56 111 205 209 129 137 114 120 11 214 99 216 149 329 65 346 105 257 166 358 320 173 310 54 158 56 286 194 121 107 43 246 114 131 303 236 58 271 160 74 84 15 164 331 359 222 52 119 187 347 202 171 141 128 42 316 198 181 42 283 108 217 276 178 303 197 108 42 76 15 78 126 342 139 210 146 243 115 107 226 168 93 0 132 172 102 137 112 153 135 277 63 261 7 52 170 323 93 180 107 87 251 228 115 342 70 329 241 301 26 305 97 351 
64 233
118 315 140 65 188 8 229 235 320 140 20 186 318 72 104 271 67 274 197 103 129 70 102 244 244 71 11 315 289 121 210 343 176 158 198 139 308 249 276 341 37 123 236 258 112 151 134 179 99 303 109 86 37 129 23 196 153 273 123 145 41 99 259 225 
273 267
219 206 157 28 30 66 131 248 1 225 191 162 98 337 314 65 299 260 339 160 195 187 29 160 250 350 147 153 297 42 267 357 180 322 93 271 293 69 24 276 233 0 194 126 169 179 88 349 32 45 327 340 74 132 326 234 252 49 242 215 14 170 63 201 132 96 136 205 225 236 271 313 235 99 3 247 218 216 309 230 290 269 141 311 25 214 120 143 239 341 238 71 126 308 44 12 63 162 115 297 28 70 240 117 327 123 310 359 159 100 73 85 32 157 273 291 316 315 162 323 29 293 238 329 95 198 15 91 250 13 167 325 312 251 113 225 152 262 93 330 55 293 112 199 9 323 145 319 284 134 144 149 117 317 119 179 345 159 78 196 192 112 119 95 27 278 17 59 61 240 105 141 176 18 104 149 355 250 102 318 285 183 55 102 46 149 278 356 282 353 252 82 209 227 268 108 44 359 33 265 302 291 11 210 9 93 129 318 40 351 182 54 131 339 153 23 269 158 15 170 1 241 115 168 289 260 183 84 326 148 166 153 46 13 74 182 298 85 14 352 244 122 104 316 295 67 241 7 207 247 14 210 278 182 268 280 94 23 13 332 297 309 82 218 221 227 345 313 356 270 94 265 215 
220 265
82 204 31 354 334 15 218 93 324 280 81 224 304 61 18 126 165 235 35 126 56 39 70 226 158 163 4 344 241 174 35 271 303 32 160 283 69 297 158 32 41 30 35 118 63 156 317 182 171 349 125 236 181 352 345 201 157 18 349 340 158 275 123 332 286 237 154 27 308 214 39 158 348 152 159 226 337 217 101 226 196 305 17 10 313 28 193 114 149 240 277 283 70 219 1 33 123 75 290 193 234 95 21 176 75 245 177 317 72 115 67 125 129 107 202 112 307 300 142 216 287 67 142 8 75 82 299 139 221 310 37 164 88 125 136 242 3 53 58 194 10 31 255 151 49 56 195 332 215 190 99 216 55 319 88 136 295 292 182 176 24 45 241 43 267 353 359 12 328 340 348 211 15 332 61 67 8 18 97 17 200 244 238 26 204 292 168 229 250 175 0 96 43 207 111 74 356 52 127 301 230 215 93 247 62 159 80 243 266 167 274 283 164 177 199 152 57 331 164 306 
175 64
191 225 358 54 191 28 305 219 260 70 186 239 178 299 320 333 87 356 339 123 268 224 229 84 84 165 300 337 342 4 246 177 26 339 21 315 138 118 190 56 244 183 74 29 195 230 117 39 207 312 232 68 235 336 223 89 355 81 168 280 286 352 216 228 341 309 199 17 337 222 29 291 345 70 115 325 124 303 117 271 73 75 89 76 174 30 183 318 212 351 245 87 220 9 125 334 122 293 17 125 337 106 33 30 112 110 223 20 242 194 167 272 282 83 170 353 348 269 40 76 35 153 257 98 107 60 38 320 201 148 33 296 162 40 37 143 224 59 270 4 49 28 282 15 96 52 172 271 108 259 292 185 338 181 353 99 318 268 69 221 278 186 335 273 331 225 319 46 296 210 88 286 269 212 55 
195 159
174 82 74 256 185 93 58 63 184 114 286 32 138 89 307 135 83 227 272 208 251 144 287 358 261 343 337 328 248 6 14 320 314 349 236 192 225 18 87 262 63 349 77 40 97 126 25 239 36 128 104 156 168 126 273 326 65 111 13 17 172 9 257 270 294 202 207 352 160 281 104 278 92 352 41 66 70 290 161 55 322 225 56 19 79 2 62 253 4 46 290 327 184 359 192 319 88 353 206 132 192 188 174 296 340 33 63 266 264 78 256 179 295 315 198 347 223 104 97 264 5 294 97 194 307 152 355 139 11 228 299 254 207 246 311 39 45 133 19 49 250 296 278 289 66 2 15 181 274 335 288 38 339 353 338 104 91 225 48 29 217 301 106 289 335 43 194 359 72 328 225 335 85 18 357 326 346 13 352 84 188 57 201 108 27 221 353 280 191 350 344 257 172 221 287 
251 80
86 27 135 223 166 260 118 9 323 235 314 143 88 288 97 133 290 177 263 321 252 3 168 320 290 134 96 354 348 152 175 199 141 338 78 164 18 61 121 84 207 296 249 31 133 37 202 30 64 270 192 30 237 285 324 25 155 175 63 260 130 12 132 51 14 224 70 31 128 172 231 346 308 250 234 106 107 185 174 201 21 192 271 280 96 285 172 144 170 300 234 200 181 251 144 31 166 323 319 7 214 331 67 107 233 90 196 352 14 177 169 202 40 24 178 342 318 129 121 88 316 138 306 247 92 69 357 170 52 116 66 303 205 252 356 154 148 353 184 97 35 92 210 6 106 300 67 227 133 297 47 68 162 15 93 224 286 4 172 332 225 195 222 80 231 280 337 123 187 250 139 289 88 281 124 267 161 4 267 38 143 346 2 282 127 158 159 166 76 334 154 337 134 130 299 45 74 123 171 64 75 260 257 44 157 212 206 205 148 158 106 153 88 92 71 15 329 324 260 283 319 192 120 250 325 144 334 345 143 32 335 71 319 89 271 311 54 306 63 287 342 217 302 123 324 261 243 188 228 203 211 
233 64
57 320 226 180 179 276 195 155 136 340 225 267 110 181 96 49 155 324 298 23 233 36 190 349 338 194 34 155 45 203 215 45 309 352 63 14 72 17 117 333 8 245 248 95 328 151 46 146 238 173 311 31 317 311 357 44 37 202 314 259 297 334 324 294 340 265 190 181 13 63 64 342 190 291 159 188 291 347 198 29 274 293 267 35 141 176 8 298 55 126 228 164 226 192 58 131 213 128 165 126 113 222 155 322 70 345 76 62 195 85 304 82 236 343 130 148 232 159 288 95 58 35 116 127 241 89 142 178 207 179 153 232 261 141 258 92 56 269 13 298 176 177 172 127 114 303 133 215 131 274 115 237 78 196 264 201 159 331 104 331 216 2 309 244 52 167 53 344 58 134 226 185 157 138 135 314 34 86 43 259 40 353 107 129 166 140 46 324 28 293 321 84 6 40 283 34 206 315 176 213 315 273 171 137 109 349 108 66 233 153 128 27 117 319 125 183 12 131 259 190 309 337 61 295 152 320 299 77 80 226 237 92 111 
312 299
190 93 284 272 251 57 59 324 87 343 87 75 188 37 220 214 303 237 100 128 272 147 138 280 195 193 52 20 188 255 337 57 56 206 127 316 198 161 152 109 206 216 242 37 121 116 281 314 176 26 354 122 330 115 320 180 340 278 62 332 252 104 225 119 322 99 286 17 100 47 305 300 147 171 300 223 220 283 247 296 137 220 227 177 13 244 314 195 234 217 60 95 97 109 28 247 110 110 152 321 207 287 216 61 134 209 156 32 281 198 317 322 121 18 86 354 16 179 44 222 28 195 21 108 294 104 195 229 130 287 85 198 337 117 49 129 182 323 26 149 202 26 171 48 184 261 89 339 113 278 329 156 98 19 196 41 150 296 191 259 151 161 192 262 20 31 203 353 350 11 316 100 61 11 50 67 4 115 171 289 159 108 62 302 169 167 186 272 205 295 211 290 70 133 130 177 227 209 279 4 87 119 36 107 156 129 340 355 343 23 10 54 256 316 291 251 221 183 168 95 291 156 161 111 207 97 59 265 191 61 196 44 138 351 72 163 65 303 204 134 51 21 137 256 173 220 164 206 311 195 19 197 135 151 337 327 301 116 0 247 43 87 130 301 66 182 61 72 39 79 75 129 29 327 127 253 41 206 141 154 356 259 88 138 1 326 83 158 207 185 15 90 129 237 313 249 284 68 37 101 92 105 216 126 280 179 71 166 174 325 302 124 
219 184
225 232 192 0 194 72 230 223 331 190 39 274 306 303 3 104 352 47 182 40 67 23 181 48 19 72 60 21 299 351 242 299 81 293 291 345 73 123 110 185 261 49 22 286 283 198 258 266 227 322 346 179 190 302 107 268 156 107 297 316 20 213 150 142 319 279 340 207 37 289 305 48 202 89 177 276 208 269 229 37 221 14 80 64 79 7 86 244 183 103 330 163 155 85 285 348 248 252 322 312 44 143 335 80 78 7 274 158 36 45 300 183 144 258 9 321 26 180 275 198 166 175 144 81 34 37 333 274 202 326 87 9 52 208 344 160 352 257 156 15 221 233 211 83 305 216 349 98 177 313 289 187 210 13 100 183 162 134 70 249 250 128 318 229 242 318 195 193 240 282 324 173 176 238 350 233 76 142 200 53 353 163 292 338 102 261 321 276 255 130 138 287 168 145 16 256 247 102 308 328 174 223 126 83 70 68 208 75 58 246 78 291 245 78 303 192 306 29 49 
107 31
49 86 102 153 190 261 142 118 290 264 296 241 65 320 181 93 48 8 343 19 272 162 10 337 108 108 260 91 274 205 136 277 42 126 26 297 281 11 170 203 145 127 192 125 149 165 287 341 34 73 207 347 317 40 264 60 357 87 1 218 82 124 287 55 26 299 340 276 30 182 238 242 286 186 222 357 225 289 40 164 163 105 314 109 183 89 316 36 323 82 335 250 197 45 212 28 37 120 178 336 246 142 249 118 153 139 274 
12 121
224 308 208 244 167 221 339 28 15 336 170 350 
196 289
124 254 211 184 255 12 34 32 65 278 238 320 257 44 32 245 241 306 180 292 70 64 211 156 219 120 154 50 55 228 14 11 139 24 27 173 92 36 38 179 52 221 45 16 24 338 207 113 162 270 115 132 128 183 169 73 36 337 268 274 328 273 16 315 285 57 39 319 142 66 250 113 222 310 120 323 59 344 142 338 259 171 251 100 195 47 158 15 98 31 231 114 307 79 194 145 249 102 248 358 266 234 295 63 359 5 114 123 105 132 178 98 107 174 44 169 219 229 331 29 95 98 335 19 229 265 21 125 171 162 62 348 239 344 218 195 207 335 219 154 124 310 120 24 223 33 256 230 220 288 335 87 185 0 359 103 5 359 226 42 265 218 47 62 60 189 0 223 309 62 42 138 302 13 299 128 303 224 345 316 91 297 219 334 28 341 237 106 312 28 109 308 309 199 341 89 
242 10
262 22 281 295 216 103 73 284 295 278 119 254 305 35 191 147 274 74 18 150 321 229 306 24 91 135 306 100 310 140 26 35 46 173 284 148 157 111 98 208 21 111 231 91 152 306 71 172 204 327 138 14 139 114 83 275 230 339 0 180 299 308 234 184 280 134 64 245 277 271 334 4 195 303 168 163 102 221 129 325 123 232 289 8 224 294 100 343 132 104 283 10 219 261 229 280 100 248 42 359 205 329 241 356 11 347 146 170 227 111 39 87 294 193 213 239 131 303 14 148 18 191 157 124 43 296 29 240 132 217 315 97 269 207 341 198 150 82 43 5 73 9 320 192 205 69 41 74 275 73 110 196 97 129 28 188 208 154 209 171 171 22 213 285 125 155 63 195 139 193 52 267 131 283 311 119 265 157 148 323 165 160 299 203 317 257 327 156 225 284 33 300 60 255 267 315 139 257 21 53 289 132 13 111 298 3 135 258 19 274 313 193 109 154 254 120 95 158 346 39 157 272 320 18 35 206 114 228 67 97 73 77 348 175 330 17 96 89 102 258 113 53 
294 112
144 105 184 329 33 232 234 151 247 42 196 272 161 57 84 237 34 206 23 221 316 294 35 287 153 201 7 93 106 283 189 187 346 147 284 286 194 264 198 111 194 329 70 15 355 110 35 100 119 49 234 8 194 117 266 166 36 298 267 323 249 255 2 153 344 72 163 183 217 337 199 103 152 271 237 208 110 26 35 12 268 153 312 264 299 234 130 287 201 287 148 151 275 242 96 102 242 113 68 64 188 300 336 64 43 283 161 174 355 79 29 249 233 314 80 97 134 243 244 161 217 188 78 181 126 136 259 84 272 333 325 276 21 175 287 255 79 178 215 196 211 168 255 54 325 340 323 351 206 247 342 312 297 47 250 307 106 42 182 297 328 177 52 117 231 40 315 221 275 189 72 43 110 61 34 256 266 244 339 189 24 155 93 227 243 66 103 207 231 156 56 200 180 7 107 89 283 253 11 69 82 302 175 274 210 300 31 235 187 245 258 130 83 290 221 46 160 193 192 328 301 133 91 72 272 14 98 59 52 84 171 303 217 209 74 44 288 269 35 30 117 163 276 168 231 74 212 215 354 251 283 124 51 57 346 350 287 196 144 332 280 56 353 289 130 206 348 59 78 358 208 209 87 114 124 242 86 278 303 34 239 144 203 166 353 96 252 74 241 250 220 299 151 270 
221 62
359 249 349 89 181 353 303 47 298 47 350 23 269 265 65 116 257 219 111 157 21 74 234 274 217 221 251 174 170 15 6 177 209 193 237 325 185 328 318 289 99 281 167 128 72 293 31 57 23 110 59 204 17 245 344 249 131 176 344 230 279 298 142 148 340 224 70 226 284 351 93 349 340 146 249 145 37 236 128 213 227 333 155 348 134 102 45 276 261 139 156 187 302 245 83 17 347 215 138 233 333 33 163 74 86 95 255 186 269 138 73 326 62 256 195 270 111 179 213 83 124 244 58 125 189 338 131 63 135 309 199 37 272 172 350 118 187 244 294 188 176 141 64 291 237 28 297 333 137 168 198 101 13 140 266 202 190 289 340 334 249 90 220 133 124 248 71 275 292 156 121 61 148 266 83 45 161 32 10 284 96 327 99 225 324 60 31 123 89 345 218 12 124 213 298 313 60 151 174 166 220 344 99 285 29 144 225 197 210 130 240 94 60 113 346 273 342 202 8 140 100 
188 25
288 289 81 133 191 71 117 29 175 173 37 50 222 240 20 281 186 267 244 271 251 246 321 40 119 278 29 241 341 87 87 163 326 284 238 142 204 351 69 252 165 318 228 243 194 256 102 166 194 289 283 227 319 259 62 338 45 314 236 148 217 21 326 13 272 172 122 354 164 230 313 4 304 94 41 191 48 222 291 241 55 356 270 334 188 203 295 293 279 47 337 16 10 265 264 216 104 112 5 255 48 191 218 137 218 270 175 355 108 131 27 303 315 180 309 153 211 145 61 137 198 44 22 236 272 253 155 244 164 280 186 328 42 171 82 242 94 336 20 31 237 183 93 38 16 210 7 151 188 88 231 164 268 9 294 341 154 33 30 296 224 343 153 234 50 106 235 190 242 128 287 80 293 5 276 332 349 8 46 257 175 291 45 19 163 68 214 267 
266 290
138 169 247 307 102 75 196 5 349 83 201 284 197 276 92 5 309 262 48 265 261 176 41 45 51 269 74 319 173 255 76 144 221 167 129 150 28 285 286 117 88 10 217 350 144 358 288 193 219 148 288 231 178 19 219 151 292 243 331 80 35 318 165 2 328 51 151 261 293 352 141 258 9 69 27 37 182 237 183 353 218 73 42 255 200 131 37 323 292 185 157 293 311 344 5 78 12 192 154 313 128 25 52 333 151 255 358 94 359 59 355 93 28 162 143 241 188 70 301 257 238 234 32 136 156 233 213 34 83 115 231 24 78 257 244 261 276 272 315 218 135 104 188 243 336 150 1 117 293 162 356 22 100 189 44 196 50 275 140 54 243 232 288 176 235 274 153 131 11 331 135 218 65 64 139 257 216 333 11 247 61 187 337 164 304 11 336 313 166 5 158 203 175 351 107 67 171 102 72 124 185 117 98 351 34 304 244 51 355 57 198 28 336 283 198 18 15 184 11 300 259 258 248 104 26 138 78 204 253 67 208 188 103 245 343 147 313 179 282 80 179 344 61 232 144 348 354 9 313 65 200 117 338 358 247 105 330 235 357 238 18 231 292 186 124 288 
321 244
135 120 44 238 248 335 18 133 3 290 25 78 137 268 55 298 216 289 245 338 305 151 112 347 57 295 138 267 66 76 230 349 133 301 230 268 193 110 301 88 118 142 7 229 220 69 304 338 111 228 18 196 297 218 137 281 301 334 285 142 237 291 117 261 334 127 186 240 124 349 115 197 296 38 131 292 293 230 128 314 195 296 353 163 26 162 188 154 112 56 25 65 85 276 113 4 332 260 136 111 350 293 287 11 330 327 185 66 180 245 69 156 173 142 45 140 129 316 246 354 311 57 264 316 93 210 320 41 255 337 247 97 189 2 359 84 4 198 171 102 226 317 269 281 62 178 277 325 68 55 315 262 117 84 178 351 151 314 213 261 213 74 282 311 264 184 310 355 137 226 208 276 44 345 157 111 23 161 210 86 199 275 219 315 94 222 16 82 35 235 142 16 251 288 337 271 197 148 162 41 253 121 195 40 22 203 162 340 13 205 301 50 278 52 326 327 344 262 319 188 339 214 111 202 326 128 195 352 334 217 60 280 286 91 106 333 31 80 55 153 236 0 104 19 92 307 32 262 317 227 302 218 194 151 279 201 107 109 323 23 220 12 166 203 297 332 59 343 184 35 236 279 54 145 184 24 49 4 42 173 236 268 51 245 181 17 237 167 134 353 332 125 172 324 184 194 353 38 208 25 282 35 233 40 172 331 153 254 30 181 202 99 72 117 335 276 91 37 185 352 262 
285 181
37 295 243 147 275 303 93 226 127 354 97 83 188 19 79 100 352 107 6 88 355 125 258 216 281 270 197 318 195 132 282 92 280 167 240 298 309 357 45 131 124 320 215 82 131 149 189 97 140 255 236 197 340 81 322 350 311 190 219 248 85 331 19 88 340 74 250 152 183 224 109 122 256 86 180 296 90 314 156 195 246 243 117 261 217 286 28 215 12 331 246 203 204 5 11 318 202 318 96 160 207 34 333 356 195 106 346 99 119 97 99 196 93 56 160 86 63 46 306 119 1 9 40 201 85 58 155 175 247 339 208 298 136 195 195 159 12 179 325 255 15 196 241 229 112 18 228 174 102 75 306 325 272 57 350 270 97 84 165 89 296 202 288 186 160 21 59 131 14 335 164 168 120 254 144 264 95 205 255 91 30 125 311 230 338 77 18 359 4 272 17 340 34 353 149 142 50 140 275 36 235 208 274 288 338 192 23 265 105 261 106 53 354 131 188 326 138 261 117 10 36 336 276 252 116 87 243 138 237 221 325 59 129 267 110 8 339 257 180 312 79 18 316 65 212 267 222 214 123 284 156 260 146 69 348 336 185 238 333 195 123 25 310 225 277 156 98 354 357 156 11 272 172 207 22 123 46 115 235 69 188 255 332 334 34 
314 194
59 267 169 272 88 219 23 122 74 227 253 39 324 331 190 251 142 51 155 297 319 278 51 284 134 268 72 59 355 255 107 66 235 351 353 219 52 200 273 138 277 220 353 149 264 125 55 196 38 32 77 142 186 169 274 67 311 289 144 162 266 342 43 207 15 300 194 162 236 226 12 144 276 271 14 265 82 333 106 152 75 115 72 241 58 209 239 52 133 21 92 145 162 170 53 285 68 22 16 355 332 197 289 44 220 51 310 141 21 92 56 14 250 15 218 193 44 34 215 321 264 355 346 201 87 98 245 228 231 64 172 63 61 154 151 351 55 290 37 121 201 355 252 241 49 164 265 287 80 42 313 163 54 183 204 231 240 83 351 7 271 336 331 226 289 217 48 31 204 348 24 128 85 258 306 289 248 107 144 8 64 332 186 347 25 190 271 303 131 228 37 199 238 40 64 57 207 51 215 25 154 7 86 76 33 237 273 64 54 164 112 287 214 18 194 24 182 96 232 264 244 4 266 258 250 165 68 115 95 156 148 283 271 188 105 338 273 333 43 196 312 155 344 2 158 6 233 319 321 63 248 177 190 302 341 102 82 86 228 272 88 162 126 74 56 63 110 111 178 191 80 344 219 56 327 37 46 19 50 124 41 265 48 299 49 103 141 259 306 21 267 222 59 295 82 167 85 277 1 296 274 123 112 323 322 18 262 27 195 287 221 144 300 161 
113 337
348 210 136 349 131 115 69 77 50 178 110 347 302 327 243 145 238 7 121 256 88 236 35 122 57 109 73 330 175 346 274 244 325 146 325 150 84 306 74 36 82 330 209 268 166 196 84 137 35 107 354 188 17 312 313 103 85 288 68 31 65 71 359 124 318 58 311 209 124 31 99 297 192 24 38 53 309 9 337 50 359 277 119 206 117 14 232 332 74 35 206 26 193 138 309 267 163 171 266 338 101 204 134 187 85 141 331 142 32 17 82 187 183 
139 140
120 197 297 210 116 349 93 187 230 258 233 298 37 53 105 212 133 310 250 215 52 260 34 178 184 71 331 25 223 322 235 38 22 72 126 119 335 286 48 183 285 324 321 68 103 156 7 144 289 130 255 117 107 109 289 238 24 340 66 12 108 176 98 165 47 92 130 268 129 109 145 219 31 241 310 233 162 331 15 313 87 346 251 359 221 145 11 147 78 323 145 131 148 219 208 153 11 299 351 127 41 94 309 259 117 337 341 66 184 60 189 227 323 175 244 271 351 59 240 328 154 166 111 270 297 257 195 158 170 337 61 342 58 118 198 115 326 34 18 
92 191
289 141 114 294 109 106 335 120 107 143 308 196 173 153 260 97 99 53 90 29 138 220 165 283 285 74 282 288 131 34 277 157 192 238 346 355 325 221 28 168 151 299 322 252 302 29 137 121 183 39 108 199 272 194 340 153 275 236 279 145 54 107 227 213 159 332 230 136 294 164 314 356 222 347 123 214 83 253 298 296 324 94 150 262 357 328 54 21 156 305 10 45 
236 147
157 95 45 209 59 15 25 80 144 291 284 333 77 295 54 290 40 345 148 270 171 234 275 327 14 67 311 99 8 220 140 228 64 287 138 223 197 330 29 213 273 266 39 329 196 57 150 87 200 22 252 336 258 133 115 334 285 162 236 113 236 152 157 268 260 192 56 247 87 71 266 15 67 359 97 191 247 236 121 78 68 108 62 122 191 86 176 4 27 328 4 151 16 350 166 109 270 215 64 118 230 67 259 342 111 92 110 153 212 241 192 29 231 146 60 168 140 262 204 166 61 249 121 225 142 176 328 136 233 32 259 45 198 307 21 57 71 65 352 328 220 302 189 143 289 340 202 174 77 196 251 90 296 163 95 105 78 166 123 143 177 282 142 36 263 90 104 10 117 317 117 35 202 122 187 179 354 253 335 54 244 224 224 44 81 186 249 265 15 311 244 139 358 343 157 207 110 156 53 114 19 346 89 144 327 326 270 128 109 208 150 298 247 136 171 205 29 103 240 38 157 63 317 211 320 201 64 145 42 285 98 55 16 316 95 343 
238 349
7 191 42 25 12 103 187 324 212 145 114 38 225 343 17 346 304 334 289 282 309 231 260 212 174 348 161 65 147 46 107 261 89 271 50 233 101 250 167 182 81 1 294 315 104 10 156 106 264 147 66 69 110 55 316 69 195 105 44 184 58 91 202 203 144 129 297 145 311 333 207 149 66 259 290 251 283 203 52 266 87 324 209 89 83 4 173 142 34 322 147 88 333 212 282 353 116 126 51 185 82 268 329 185 320 273 325 247 173 36 5 220 282 101 319 258 15 46 74 183 198 279 184 354 16 256 170 0 221 217 174 344 80 126 137 238 87 37 20 111 112 134 259 101 218 38 133 88 297 217 54 194 293 194 217 63 2 327 124 312 41 251 185 147 325 108 48 1 280 359 63 232 24 83 291 253 170 56 87 279 344 6 190 331 272 28 2 126 326 43 241 109 213 244 262 255 154 280 82 152 82 92 246 297 319 180 222 122 0 211 257 96 32 256 264 246 284 352 334 248 343 85 244 308 341 209 347 140 97 252 321 182 184 324 75 327 205 207 
346 223
329 165 244 20 54 263 140 191 168 22 131 271 127 321 105 165 62 128 320 225 136 315 347 281 273 304 121 156 218 17 115 115 225 320 197 14 154 147 250 14 20 349 266 336 33 282 68 86 305 299 237 118 321 273 180 337 128 84 122 36 177 341 69 36 93 242 309 311 325 196 209 198 71 179 209 86 342 236 207 238 73 359 275 9 77 286 348 267 223 84 17 245 54 294 356 242 136 69 148 300 90 1 183 91 65 250 343 53 210 153 339 131 225 60 233 153 233 177 169 184 321 266 207 83 342 225 28 23 83 138 187 315 229 222 212 120 356 217 4 247 105 51 310 69 336 136 1 278 333 335 5 181 240 27 357 27 70 331 326 149 46 6 320 307 345 64 174 101 17 102 97 22 39 347 174 259 77 116 21 202 105 339 187 181 51 5 227 3 48 40 9 314 332 127 334 246 144 270 95 21 41 133 334 196 272 297 70 55 109 107 224 305 289 114 140 96 298 340 48 343 266 76 92 103 107 229 51 266 355 261 197 132 181 60 116 186 313 259 316 61 336 230 315 27 3 69 333 185 102 53 296 42 42 140 7 129 230 5 167 141 1 245 50 176 187 339 292 336 336 98 313 64 296 182 280 242 309 210 281 209 7 43 341 261 194 98 353 65 41 292 126 20 169 281 224 18 29 175 188 291 292 276 213 12 343 337 357 78 192 287 203 344 20 100 176 269 156 34 310 52 247 193 359 75 256 66 349 148 328 291 270 12 232 121 129 348 265 119 262 214 222 175 195 342 123 9 
218 2
210 137 261 237 183 337 29 75 344 0 224 182 86 291 207 297 94 176 63 155 278 336 134 108 323 200 263 128 273 109 265 194 139 40 86 158 74 37 351 198 270 273 101 229 112 192 147 31 148 54 22 26 75 307 327 337 98 0 15 170 234 34 209 297 32 122 203 180 240 287 255 102 49 174 244 196 115 245 195 358 211 171 171 291 210 28 138 204 349 279 120 313 0 11 265 208 50 347 170 312 86 161 337 107 344 341 281 245 313 316 151 65 82 286 337 349 265 250 6 84 175 10 1 15 187 99 149 212 50 156 260 313 324 131 232 50 190 231 271 226 79 24 315 65 290 69 33 227 104 261 86 268 18 182 186 97 247 252 353 316 304 116 186 12 148 192 156 163 101 194 319 218 234 290 246 45 345 16 168 5 320 9 322 120 33 119 221 250 338 186 264 308 319 1 340 143 211 26 266 72 248 76 274 287 298 132 113 184 40 329 19 286 323 278 86 117 183 310 
238 119
215 302 245 163 350 21 338 330 252 283 236 321 205 119 344 272 341 250 278 186 238 202 345 222 29 63 357 182 100 348 114 198 297 212 123 342 308 45 168 337 267 352 325 193 253 145 172 227 200 327 358 286 120 7 286 33 270 112 134 49 217 24 4 348 282 293 217 260 312 33 283 138 121 141 199 135 359 56 308 321 131 183 344 48 349 125 82 69 138 350 43 10 236 56 51 325 223 164 121 213 322 180 102 66 13 223 112 106 297 244 326 21 145 292 272 332 269 40 311 184 170 95 168 86 326 303 274 170 10 164 26 109 3 344 52 64 223 30 250 241 194 89 325 309 262 241 20 307 348 20 167 137 198 107 105 92 53 213 159 188 354 63 44 338 217 326 136 75 109 169 236 206 34 43 280 155 138 19 185 172 182 53 179 233 278 226 5 69 247 258 109 316 35 144 326 274 309 205 79 313 108 285 175 326 174 38 309 298 333 354 334 205 237 205 27 71 339 110 336 83 209 77 242 231 273 35 162 353 61 221 135 282 7 71 127 53 352 276 
164 133
285 174 142 114 127 273 306 75 7 238 248 60 77 352 242 19 170 316 106 359 238 196 55 11 302 239 113 292 320 237 120 269 75 14 62 16 143 17 170 228 274 76 151 231 357 73 153 274 309 22 194 280 141 183 232 158 59 256 39 3 43 313 291 232 9 18 169 211 201 277 110 141 214 253 76 351 211 63 48 325 229 66 40 226 133 135 172 119 317 46 313 23 253 111 354 108 299 89 315 355 93 357 142 62 162 75 96 6 169 10 297 34 168 139 238 114 59 184 191 205 190 115 257 338 202 93 239 155 30 204 321 68 46 210 268 102 324 311 200 256 305 256 236 256 24 74 76 185 47 255 233 14 193 180 227 77 139 62 194 130 29 164 285 41 
86 221
266 251 358 297 316 187 216 21 43 339 278 347 215 83 169 357 119 307 202 87 88 178 295 123 346 81 64 253 299 269 190 306 101 36 144 7 315 167 271 188 355 80 169 321 250 56 325 160 340 121 135 46 146 212 302 5 2 162 30 183 70 212 112 31 241 174 153 284 156 135 231 240 133 144 103 108 33 104 74 217 148 334 217 98 291 320 
350 53
215 129 196 201 237 206 274 135 94 80 181 179 264 243 268 268 222 230 147 344 195 167 223 28 199 99 93 329 337 273 109 150 342 27 11 346 243 358 112 22 75 42 167 336 346 352 187 159 355 315 153 271 187 291 98 347 321 327 150 199 18 184 190 354 324 223 356 188 25 265 96 240 38 165 123 356 53 29 217 117 188 141 165 327 147 13 156 326 358 221 8 153 263 5 141 331 139 330 51 195 226 333 346 108 11 270 339 269 305 251 16 77 8 65 349 148 155 285 4 167 181 18 121 51 217 52 238 13 137 228 242 138 184 31 11 351 353 8 18 204 158 352 145 274 179 80 306 83 219 155 150 41 204 316 102 7 189 17 16 148 292 191 333 334 29 240 158 257 156 75 37 52 308 37 28 258 62 254 206 295 317 347 117 278 79 163 208 91 42 245 223 0 151 349 229 90 288 128 278 339 241 95 91 258 201 122 30 143 0 26 212 42 207 210 196 228 5 105 69 4 151 96 151 181 335 31 71 124 295 139 59 288 62 41 210 126 163 346 20 264 334 230 59 254 148 223 304 347 255 337 356 50 255 203 262 55 148 10 144 346 202 290 209 54 202 245 38 29 186 68 43 154 339 220 249 105 131 4 102 73 225 155 109 204 92 289 128 104 328 195 331 267 85 298 122 268 2 289 338 35 324 279 310 354 326 57 79 301 177 126 127 287 305 92 244 223 343 263 36 141 56 351 329 44 9 245 339 133 66 235 47 65 241 334 257 5 171 331 312 247 331 62 71 193 24 249 243 295 323 139 
126 66
33 304 351 29 124 20 61 167 19 284 123 137 252 59 48 307 139 211 319 38 28 288 237 161 111 81 318 244 131 77 93 25 270 120 319 24 41 249 132 301 146 277 146 257 184 259 306 137 227 74 74 1 246 161 10 10 229 256 20 259 269 332 239 153 355 2 155 16 250 34 34 353 281 56 143 351 247 128 116 305 313 161 45 53 327 147 130 337 48 120 357 110 14 224 307 352 287 175 131 253 158 64 86 270 346 264 261 212 325 313 24 268 39 84 179 116 140 87 238 207 101 61 245 78 267 48 
264 142
309 227 89 214 117 321 77 156 295 299 288 145 6 273 129 265 315 358 123 43 207 331 125 178 275 296 336 191 255 226 334 287 328 239 29 96 349 192 249 167 338 353 265 72 78 92 125 83 88 30 131 37 80 191 68 120 116 78 166 285 16 149 110 229 215 77 141 66 105 328 210 246 314 265 44 340 6 226 279 4 105 185 355 243 69 232 27 134 173 344 232 252 161 235 90 78 244 36 227 270 281 323 34 177 226 13 315 144 190 118 170 196 236 1 98 87 77 51 136 243 230 330 287 3 236 140 57 111 203 301 57 13 30 300 332 344 193 189 165 79 300 121 73 282 327 175 248 130 316 25 243 68 190 246 93 78 136 288 157 253 192 333 175 203 180 211 23 167 346 261 46 248 312 239 359 171 148 38 148 271 141 31 340 98 127 95 297 266 203 279 148 302 288 359 347 86 299 159 336 197 4 341 130 119 248 116 237 157 167 54 6 177 121 192 176 196 191 21 17 103 264 330 270 144 341 303 281 357 157 147 279 116 167 191 170 65 72 90 312 139 44 230 38 1 99 104 226 268 222 183 301 278 75 97 247 93 165 216 314 47 191 216 67 21 
104 4
89 163 134 85 285 269 311 343 128 24 305 276 21 206 2 141 78 34 130 280 267 20 161 13 214 318 97 1 98 227 37 86 63 251 46 155 303 63 124 263 168 99 142 194 208 354 52 60 63 20 181 102 357 244 295 83 208 251 349 96 293 271 353 63 192 66 139 258 182 57 152 292 92 180 99 94 293 354 84 82 18 268 161 197 297 228 278 42 53 23 56 302 117 130 64 115 341 154 56 352 228 62 121 107 
118 174
346 322 28 65 179 159 98 236 190 236 94 236 237 316 261 276 92 250 59 355 4 142 227 352 306 83 45 243 215 281 309 351 203 217 5 265 285 139 33 80 263 149 116 1 107 122 49 70 2 40 318 194 352 120 97 303 252 127 333 37 252 148 129 283 294 86 60 160 330 240 139 271 320 0 25 28 85 246 144 75 144 127 265 33 152 206 126 28 52 125 128 179 174 72 253 48 130 160 217 196 249 26 116 65 119 66 33 212 68 187 198 351 104 95 122 58 248 268 
