80
303 182
185 181 14 38 128 225 225 253 160 306 142 285 97 174 77 150 191 103 259 183 142 286 93 93 157 342 110 201 348 104 189 282 320 340 132 127 181 310 185 171 46 302 52 137 129 59 229 219 16 197 98 322 225 258 354 321 274 321 5 98 152 158 310 315 87 315 126 315 51 343 223 25 317 259 335 142 193 83 75 127 156 205 346 49 153 301 195 326 267 136 239 357 192 69 182 68 304 20 304 251 258 253 125 181 350 236 178 280 305 239 264 20 127 13 310 121 109 329 22 340 352 272 210 7 178 315 203 86 294 214 136 242 295 340 352 186 156 25 110 6 153 266 289 48 22 87 178 216 236 93 227 357 339 217 222 220 64 85 172 29 116 105 177 267 171 178 286 2 155 157 306 222 134 190 300 123 75 59 231 101 9 307 103 114 200 309 185 151 357 306 16 304 290 39 179 111 279 42 218 135 325 279 321 140 153 13 207 273 25 19 91 268 119 177 129 307 6 81 193 289 197 86 55 359 278 223 199 101 283 347 137 274 22 122 96 261 117 331 347 81 140 230 123 193 97 288 106 29 88 92 110 213 198 169 270 305 59 296 150 75 42 181 239 297 253 45 141 132 182 105 221 12 21 225 232 280 155 11 221 173 344 342 205 315 62 175 1 66 16 68 264 97 39 313 166 77 323 347 299 52 1 100 108 
135 317
204 242 151 359 64 8 304 299 328 233 191 11 143 191 295 157 239 59 324 243 321 123 201 93 241 17 142 46 47 314 199 159 358 200 174 272 79 122 165 57 227 56 266 193 47 88 171 20 6 180 17 68 35 224 175 198 111 309 28 167 3 250 251 84 358 294 93 76 239 302 204 301 241 66 246 74 309 65 86 197 43 170 92 43 206 132 57 69 332 73 277 337 120 340 70 157 130 99 129 247 10 169 86 312 197 6 201 99 348 327 112 46 108 162 18 214 11 206 166 80 14 9 189 195 270 170 33 282 106 109 211 112 250 310 159 
240 318
62 69 83 230 148 352 161 97 91 301 226 112 8 281 230 113 339 323 325 348 280 92 249 16 239 8 144 173 55 238 333 302 123 40 304 88 176 117 42 56 235 211 83 54 236 294 264 29 221 235 115 32 38 227 157 325 281 231 210 292 14 65 194 113 346 84 262 199 204 37 113 11 0 263 62 184 253 54 50 165 228 243 73 237 175 144 348 86 237 195 31 31 305 148 198 295 129 329 3 353 143 194 83 208 144 81 29 240 146 163 80 10 109 35 13 314 355 276 64 271 137 93 329 297 53 52 231 332 106 117 340 259 170 197 138 289 301 264 294 202 259 5 180 283 306 12 80 24 155 79 80 178 17 97 15 273 148 108 233 328 259 52 139 96 71 216 80 38 139 195 78 10 197 247 214 226 237 86 116 114 218 116 204 181 66 248 177 274 1 6 179 121 211 292 82 237 305 103 321 249 145 190 189 16 323 116 45 336 359 196 72 192 267 25 55 211 271 249 118 75 196 341 305 24 146 310 278 153 162 110 328 244 129 196 2 190 97 172 309 241 
175 237
81 355 227 231 113 86 14 156 163 322 42 251 321 128 256 102 272 238 102 35 306 199 312 93 145 348 39 93 190 41 114 131 333 312 340 16 320 200 239 259 47 196 159 144 300 41 214 237 226 69 163 89 241 1 62 160 312 265 315 329 22 121 153 65 21 213 197 240 352 133 325 281 324 305 89 159 278 253 276 285 128 139 259 127 234 259 15 150 255 283 74 162 87 190 27 195 126 147 342 240 184 163 139 270 241 56 14 262 320 87 158 352 2 111 182 238 153 16 212 56 68 111 140 11 0 131 55 48 347 111 156 163 155 300 105 350 316 290 199 324 311 260 132 100 160 58 139 139 11 200 52 99 355 100 342 192 10 113 227 167 191 254 44 307 207 317 164 85 184 153 291 280 99 141 130 
341 74
270 182 278 223 313 107 193 106 127 214 310 239 273 109 116 250 112 92 190 277 331 315 256 336 63 333 296 154 314 242 8 180 309 78 118 343 185 142 356 297 252 91 266 287 18 232 58 209 210 257 254 345 292 236 223 83 252 96 159 56 100 355 302 136 202 193 235 162 350 356 278 187 173 246 47 132 96 269 57 321 250 232 319 245 232 197 192 133 65 192 46 95 11 208 126 267 356 253 198 148 314 33 48 216 269 163 356 178 9 312 288 263 340 228 235 269 341 175 202 232 180 199 334 230 268 36 51 289 271 149 46 81 326 130 190 343 166 41 41 28 280 241 308 208 198 276 215 85 49 66 280 88 136 293 349 186 283 7 26 50 113 194 157 211 50 22 128 203 11 234 201 136 24 61 43 37 330 127 190 341 240 234 157 98 143 185 248 326 327 270 201 249 6 359 55 311 206 163 92 298 196 48 329 218 131 306 161 120 200 159 92 18 154 216 152 121 358 352 332 249 326 200 24 341 155 36 122 316 87 350 268 29 320 232 17 216 194 113 252 276 59 311 108 193 159 65 167 133 253 182 309 73 75 347 198 166 109 264 43 19 333 229 115 214 147 351 221 174 240 93 208 209 3 321 29 313 32 14 126 133 90 89 296 182 33 284 123 165 23 333 215 231 305 347 211 40 185 342 323 27 70 137 118 217 206 89 186 355 17 199 116 306 260 193 256 254 202 32 2 19 49 225 51 177 144 97 179 352 96 264 182 8 143 217 70 208 129 70 128 47 267 
353 136
109 293 231 186 45 248 134 333 65 20 12 310 178 159 272 126 123 57 228 184 186 222 293 303 49 186 275 57 248 84 104 54 221 83 101 95 96 218 296 169 43 357 185 167 126 25 261 352 107 5 258 94 296 355 269 133 358 141 274 307 127 240 64 325 11 207 336 40 264 296 92 337 283 175 303 232 129 162 42 195 78 219 221 103 214 208 23 134 296 312 329 240 276 268 73 57 255 154 335 214 72 33 147 125 247 287 205 108 101 357 272 289 112 227 68 127 17 147 102 268 89 47 75 256 347 236 328 313 289 80 124 130 311 39 218 224 83 255 287 76 192 140 15 123 196 95 86 33 165 268 155 28 322 345 113 113 30 230 240 125 274 70 207 249 269 70 52 310 333 47 144 112 238 48 4 127 206 207 243 200 197 349 297 31 69 8 142 46 32 277 35 194 229 222 240 43 314 60 132 200 317 232 102 192 246 163 282 67 324 309 357 100 314 107 313 70 336 359 299 16 111 24 169 101 81 237 33 239 255 285 193 266 177 60 67 285 302 348 66 55 255 177 213 179 50 255 160 106 296 127 230 39 294 301 132 182 0 220 219 182 137 303 161 69 272 121 15 150 264 50 116 220 258 278 69 289 46 155 221 87 22 120 64 190 165 150 102 117 145 197 285 251 297 1 94 203 297 60 279 199 2 150 221 32 115 182 266 26 201 201 267 163 113 156 60 12 203 28 269 124 81 134 114 230 248 95 169 296 96 250 124 107 134 327 189 135 263 127 178 10 81 278 347 92 330 193 320 193 170 341 121 298 92 
246 352
328 142 104 291 163 204 334 330 269 282 162 198 235 239 64 118 160 323 104 244 254 144 18 305 357 225 236 17 197 296 254 84 189 347 157 131 258 322 41 346 189 204 203 335 252 291 147 32 306 215 37 354 177 24 126 221 215 74 192 357 359 8 198 215 351 141 67 28 117 11 338 351 272 79 121 96 194 89 330 220 31 94 20 240 306 355 117 12 282 163 290 7 343 129 321 224 320 112 183 17 273 273 129 350 40 326 52 279 115 70 267 6 12 176 244 4 25 34 106 295 308 265 185 104 200 16 348 188 132 41 270 98 255 321 331 27 191 182 293 94 180 262 352 147 333 139 39 101 48 172 122 330 346 243 313 277 217 105 156 305 284 254 171 1 273 128 353 312 165 265 3 261 140 167 124 125 300 236 63 184 157 345 309 23 349 18 232 46 105 100 36 190 224 227 325 312 211 216 355 287 37 137 80 218 309 158 261 290 350 306 28 148 283 161 211 84 317 58 21 69 240 30 100 24 248 302 268 103 289 54 246 299 322 231 42 298 234 205 23 234 130 343 256 28 347 41 
34 164
195 331 163 192 259 218 27 280 41 356 135 174 151 146 56 10 134 29 89 120 198 250 63 95 60 306 169 241 193 325 262 185 58 290 
26 197
149 305 10 262 329 206 0 332 310 84 9 334 34 153 3 164 130 1 184 7 303 209 78 247 155 225 
328 147
149 200 127 211 303 263 159 151 180 201 270 295 335 107 9 153 262 192 282 72 197 43 189 108 314 359 17 80 162 233 113 129 325 152 352 172 21 203 122 198 314 260 213 222 319 103 288 336 26 301 258 131 166 217 119 176 77 302 199 74 42 353 326 66 22 86 21 114 41 299 103 137 222 148 335 136 295 314 116 130 53 98 76 129 123 31 22 24 69 313 251 318 27 225 64 289 253 292 172 359 149 273 330 94 287 302 304 338 182 61 109 102 106 30 209 269 224 124 308 136 232 204 279 157 302 233 41 121 234 279 47 168 286 318 12 24 245 42 11 146 1 38 68 128 66 127 262 231 79 266 347 26 85 322 193 31 27 148 251 303 302 313 233 230 72 101 325 92 222 219 151 149 168 39 331 174 52 301 115 99 268 91 40 34 99 26 41 48 344 107 235 211 319 11 20 323 173 344 69 41 13 115 321 267 279 175 21 120 162 273 202 132 180 199 285 150 14 331 136 178 198 347 217 209 66 16 112 114 61 85 287 225 67 197 305 33 7 217 123 243 224 346 132 246 226 271 128 206 255 136 73 37 257 23 346 6 23 108 346 49 318 135 276 91 274 40 103 167 328 27 78 175 112 300 10 318 135 148 178 20 191 227 348 280 136 170 325 291 198 281 301 351 356 253 135 353 279 279 197 63 344 78 26 312 330 219 202 94 237 28 175 11 165 89 24 69 50 203 36 17 173 255 170 261 175 124 317 322 
351 24
207 220 225 277 203 19 201 18 242 255 284 324 69 89 181 130 236 226 172 157 39 135 314 71 141 262 220 357 8 55 303 123 230 266 105 283 36 94 169 240 287 171 180 212 252 244 116 186 258 22 356 278 49 15 27 152 30 216 61 315 304 328 118 164 55 256 87 356 273 277 117 356 189 216 258 53 129 297 71 97 67 290 316 32 43 353 201 242 156 170 100 293 201 198 175 300 167 260 241 346 166 20 41 175 337 300 267 226 184 12 110 312 346 105 271 46 137 340 96 241 6 231 89 315 306 78 326 79 102 235 40 36 299 286 6 51 174 64 54 214 264 114 39 257 318 355 297 135 41 356 320 294 322 237 72 239 71 60 306 209 184 113 192 22 69 195 223 327 94 205 345 322 173 78 329 267 95 43 135 297 77 12 286 71 92 103 139 262 104 13 271 167 92 56 353 83 192 299 32 192 76 92 180 57 212 247 159 132 224 16 105 56 334 288 201 255 220 290 138 91 103 343 273 105 68 292 38 191 277 307 233 284 343 168 22 103 154 83 51 251 331 46 91 46 206 202 80 169 142 318 249 237 40 149 264 240 337 181 310 218 8 268 178 313 149 19 253 21 59 134 214 78 306 203 207 333 263 4 176 346 268 222 214 103 72 96 74 263 140 150 10 4 159 341 102 134 265 39 53 250 32 178 123 163 342 0 131 67 347 83 102 104 124 168 144 285 276 52 338 190 41 93 227 32 17 208 196 273 42 237 308 242 9 346 299 354 257 61 253 294 352 124 177 265 109 224 300 328 129 126 149 
77 189
304 251 336 46 353 166 260 159 343 16 69 269 28 233 186 221 329 292 161 314 350 232 322 141 272 286 200 322 183 266 180 150 309 33 341 11 34 32 35 133 290 162 127 314 262 227 313 47 116 266 94 202 2 105 348 293 66 230 234 225 315 66 25 187 93 353 312 197 230 6 308 107 123 263 90 162 69 
53 358
190 332 10 313 175 161 80 133 181 70 163 341 111 296 216 326 133 168 309 57 269 267 61 345 311 172 51 20 35 320 103 48 134 308 31 219 319 110 234 17 294 227 94 108 49 8 11 357 100 246 326 136 141 
56 185
257 277 173 114 345 253 300 349 282 81 345 246 29 330 261 200 262 23 70 357 126 227 18 286 28 182 243 154 186 127 285 272 297 29 214 111 169 328 83 307 358 335 262 175 255 289 24 310 173 127 156 85 358 241 317 278 
253 28
338 216 56 108 164 314 103 119 265 352 54 308 22 61 67 119 356 43 50 183 145 105 359 192 178 57 107 157 99 41 112 38 40 263 72 312 87 228 114 324 267 288 266 352 162 148 136 185 54 144 189 343 56 226 11 22 237 100 330 2 168 305 192 170 20 169 134 269 128 4 18 194 332 152 246 46 84 261 62 243 16 163 111 94 179 61 242 11 295 220 8 127 220 97 252 225 112 240 63 248 275 333 342 75 65 158 243 84 113 195 312 26 145 38 104 250 216 23 10 51 18 180 210 207 200 296 253 79 330 176 352 79 214 217 230 323 238 7 184 9 247 55 281 310 67 189 270 258 155 170 104 169 272 168 265 311 191 55 309 133 120 210 328 36 225 132 144 292 289 323 314 312 154 164 0 187 173 132 321 283 31 242 53 51 52 345 29 171 112 58 222 169 168 17 262 204 188 337 181 109 270 41 306 110 158 173 87 84 37 256 187 49 314 68 297 168 159 344 196 62 56 336 133 202 319 23 209 334 340 336 205 112 342 235 356 286 330 199 107 54 181 150 74 248 20 336 31 87 170 86 216 179 77 
193 13
327 345 200 228 161 286 210 168 70 97 78 259 157 253 214 8 71 353 144 333 67 111 5 123 275 112 122 32 164 9 104 248 354 246 6 43 40 243 127 130 23 92 26 221 281 77 54 94 151 33 81 324 4 190 30 201 51 235 322 345 23 44 216 114 56 262 77 102 266 166 276 236 304 109 35 176 286 216 232 130 306 49 108 357 92 60 45 21 352 219 326 308 68 192 319 243 205 161 253 332 20 5 207 48 159 258 278 24 342 36 184 42 169 326 183 276 218 228 84 237 142 153 254 311 230 318 128 7 316 11 124 146 78 124 47 75 166 294 351 109 113 78 311 38 200 129 115 11 222 162 29 77 174 241 29 15 213 116 3 65 359 53 105 23 71 201 271 245 331 163 181 274 311 208 43 345 2 312 3 166 345 287 63 147 323 102 183 54 328 356 9 82 89 
272 210
206 33 72 111 1 52 3 286 209 328 349 163 332 140 42 154 183 9 120 318 154 31 171 274 300 241 188 92 330 194 101 53 74 112 36 173 260 243 233 190 236 103 25 318 164 144 342 152 54 11 131 236 25 65 277 286 285 165 143 277 194 104 126 247 110 197 74 101 200 14 106 233 24 160 137 14 63 261 303 292 61 175 122 54 217 21 13 89 106 26 198 119 295 65 159 183 231 232 339 275 208 327 212 86 204 19 184 190 207 334 29 337 20 172 35 97 135 358 47 337 358 128 153 187 329 254 264 113 224 347 289 9 164 22 192 38 98 81 317 253 156 359 234 307 75 351 252 230 214 50 258 43 286 306 178 261 104 177 309 284 28 345 170 322 72 251 20 231 245 51 290 121 251 126 20 311 142 1 51 100 62 118 0 14 158 72 310 266 329 135 54 170 30 303 284 233 162 197 116 79 110 254 72 23 54 54 299 206 341 32 279 94 337 96 50 58 130 36 79 66 254 282 82 359 148 344 136 38 329 197 185 301 183 325 102 145 255 210 159 345 60 310 115 125 331 283 141 194 185 186 316 170 121 56 153 255 197 184 118 81 292 173 126 206 151 153 133 14 339 41 70 215 
137 53
341 350 73 343 226 65 205 201 77 300 248 220 173 355 350 13 6 299 345 249 66 291 274 185 176 291 82 304 162 332 337 220 95 195 91 38 312 137 281 153 82 260 59 152 213 152 323 48 271 212 241 228 299 22 264 134 318 224 19 180 251 158 267 218 338 288 282 87 321 108 31 289 11 211 78 279 343 297 26 209 324 1 193 355 244 115 15 30 83 184 267 286 196 243 115 44 105 235 153 166 78 34 23 8 225 298 115 56 356 153 325 167 256 127 146 124 307 127 310 282 221 278 150 345 2 96 250 277 89 17 80 187 123 64 225 327 311 
36 86
134 204 330 53 285 305 350 184 26 130 268 192 254 326 275 154 205 222 316 22 301 69 110 152 325 156 21 74 32 224 158 129 243 277 174 175 
141 159
120 77 180 341 3 127 52 171 65 118 38 174 206 78 153 25 277 115 132 307 357 322 218 261 95 325 127 200 158 98 124 293 135 44 17 307 258 37 28 254 3 17 45 333 46 318 126 0 235 301 231 11 343 88 104 255 349 24 310 16 67 321 127 201 207 239 313 270 194 117 289 63 38 86 278 61 264 101 75 74 176 174 101 266 161 150 54 47 237 223 57 29 160 144 332 183 103 212 147 111 132 70 309 169 311 88 119 292 60 42 129 135 165 296 92 101 241 235 207 150 282 78 191 50 109 323 220 54 236 274 43 27 153 146 224 152 290 290 64 117 27 
207 198
279 325 347 89 99 239 303 89 98 156 275 142 43 173 8 93 84 40 297 320 332 135 4 55 264 102 184 203 76 278 39 137 188 264 334 262 63 277 65 269 138 112 326 283 88 8 113 83 189 340 180 153 342 111 214 160 290 156 263 77 68 345 143 178 231 333 197 222 222 63 329 28 338 39 222 303 70 237 288 153 112 81 244 215 34 197 54 314 52 144 84 137 221 172 21 253 219 176 317 183 346 316 93 98 51 339 194 210 247 87 213 24 104 122 177 343 274 130 222 104 81 77 135 250 44 301 333 7 309 100 333 86 220 184 93 251 190 191 346 287 327 279 251 202 74 126 303 95 27 206 231 272 245 248 98 274 216 324 237 211 108 136 235 266 60 105 147 38 87 167 160 339 111 325 40 4 59 307 329 61 84 285 149 209 22 310 317 315 172 258 118 262 82 279 183 22 330 217 248 226 168 238 33 202 259 259 42 
147 332
320 322 326 231 311 268 294 355 130 269 102 204 170 315 130 253 250 39 358 271 328 274 156 4 237 63 74 67 107 98 72 34 194 303 76 74 348 259 301 228 286 299 155 11 215 127 289 180 180 313 25 141 116 30 221 68 209 18 23 322 220 100 206 311 120 186 190 52 334 152 284 48 216 293 244 120 148 178 189 39 298 253 318 354 264 312 51 325 306 216 133 157 126 183 151 237 160 79 166 160 176 143 239 343 10 238 354 262 228 122 104 215 134 53 242 327 27 232 105 353 60 333 298 140 72 76 160 229 8 25 5 179 99 115 263 49 212 313 254 321 280 233 116 71 260 339 348 
242 234
169 326 153 28 229 271 45 286 24 355 213 178 266 15 303 280 29 28 293 247 212 76 60 87 191 279 87 18 134 262 336 33 264 15 289 37 62 109 257 303 330 130 273 311 212 222 322 211 7 327 148 334 172 345 150 321 244 211 312 246 182 128 255 156 186 140 2 274 49 177 59 26 197 40 110 234 318 195 200 356 39 323 282 16 48 242 129 98 9 235 315 193 158 284 262 205 198 174 354 85 11 358 276 122 179 292 110 216 103 163 316 345 29 317 10 125 101 35 243 215 129 263 316 116 52 331 332 66 287 198 65 329 299 51 111 190 48 198 322 104 70 25 170 162 20 248 133 195 31 339 108 246 340 261 127 91 9 132 101 109 126 125 305 113 5 239 330 131 77 269 186 335 73 326 261 351 13 114 323 141 294 62 294 90 307 292 96 201 197 298 130 293 356 304 35 230 176 266 83 203 38 75 189 112 323 74 262 303 197 112 180 206 214 119 169 88 126 13 119 153 20 79 184 6 165 9 272 146 227 126 161 32 9 320 80 131 260 64 93 325 322 336 
346 56
346 27 255 47 121 77 290 100 43 340 6 76 268 27 302 264 213 10 303 100 63 246 2 328 90 284 152 179 113 299 146 76 323 244 186 212 155 256 151 57 64 294 269 344 307 294 343 70 203 161 91 197 155 188 325 270 251 130 104 136 251 358 13 72 63 329 207 52 246 293 100 168 88 132 293 308 97 134 107 27 152 2 21 124 345 129 35 112 228 153 206 194 126 116 331 144 141 130 214 73 340 112 326 200 261 249 121 194 61 139 295 156 267 61 155 161 294 39 154 227 35 59 175 83 334 118 45 316 96 9 329 148 133 212 63 344 198 359 28 236 269 149 159 83 204 238 45 287 84 74 205 89 310 33 0 35 143 239 84 303 225 65 285 279 168 274 328 207 186 351 205 175 334 194 210 298 333 15 191 328 40 74 212 315 244 314 15 333 287 249 35 336 351 289 282 333 90 276 260 271 119 244 94 63 84 351 38 142 272 39 145 43 307 256 36 284 119 114 23 174 71 123 176 135 328 54 146 302 306 50 140 207 166 99 180 306 230 22 97 47 215 138 19 313 76 326 116 327 29 195 36 220 77 248 350 218 263 348 123 0 239 303 16 315 221 154 160 171 81 302 47 263 181 260 273 184 347 127 324 198 214 323 339 40 322 5 210 185 58 104 128 104 160 329 270 263 126 280 164 104 259 253 268 163 44 56 240 329 306 205 73 246 271 57 132 5 29 354 134 288 147 186 177 165 67 266 76 134 334 265 263 27 95 328 123 137 94 334 67 264 74 351 321 222 118 99 
215 125
110 283 301 197 232 161 241 227 222 356 301 295 230 6 281 149 151 14 116 102 50 193 242 234 326 265 300 75 7 288 64 142 355 252 135 282 318 271 295 348 139 328 175 34 307 147 43 210 275 40 113 45 122 107 210 237 116 130 89 137 46 355 72 3 194 51 199 137 27 300 50 345 257 349 256 287 249 294 313 297 247 72 71 341 199 154 76 344 278 202 190 176 170 275 169 254 357 63 210 332 76 245 218 356 191 26 47 97 41 357 189 219 158 282 324 122 290 358 26 296 290 254 45 152 9 219 262 331 211 39 332 311 52 340 116 341 200 357 42 19 216 60 298 342 349 74 75 286 120 307 272 49 120 359 133 25 263 41 285 42 212 291 320 214 182 198 122 20 284 203 133 232 318 309 102 197 299 116 124 230 344 17 28 16 51 184 165 277 335 359 285 134 133 305 148 175 179 153 295 288 52 254 93 66 146 260 191 346 89 42 236 120 52 134 213 
250 218
255 224 153 318 156 124 314 286 10 353 254 116 283 34 131 283 215 120 306 237 193 226 152 61 299 144 203 207 193 248 175 247 150 244 280 2 307 66 289 253 91 200 288 273 109 345 155 94 134 193 307 38 253 329 196 111 168 277 101 189 85 310 237 26 308 81 282 332 73 6 271 296 128 303 70 46 20 282 107 76 246 155 126 165 173 216 273 151 154 238 88 178 176 265 294 156 125 281 314 76 299 155 341 296 348 117 100 160 253 69 34 331 46 358 92 194 354 335 269 91 185 260 343 52 276 20 186 193 231 41 13 108 42 289 196 227 316 53 204 177 177 109 225 210 272 199 194 148 111 96 192 192 268 104 275 193 53 355 74 92 118 142 234 41 346 184 338 319 13 136 272 317 111 220 301 85 75 344 15 63 186 250 352 280 87 233 217 43 16 310 257 319 315 183 146 303 103 198 164 224 294 174 65 341 175 294 5 186 283 298 157 269 108 330 130 321 198 299 180 46 10 349 131 354 71 32 258 260 265 86 107 90 308 184 130 241 119 77 76 191 122 18 186 229 136 22 105 34 68 124 
112 3
86 127 132 123 42 151 264 298 192 53 270 236 89 202 246 204 254 292 119 215 24 311 223 102 342 328 59 155 318 340 149 26 196 343 297 170 154 300 320 265 237 118 107 2 183 18 346 234 260 174 325 65 100 71 29 308 123 207 277 172 354 130 111 218 323 297 142 11 248 343 87 310 49 203 281 196 265 324 129 223 83 5 352 347 284 289 232 94 326 318 267 181 332 125 197 304 282 108 134 29 310 137 176 78 253 350 204 230 169 62 315 65 
148 158
350 100 276 281 241 184 194 160 175 201 199 27 7 249 132 23 77 192 287 105 302 135 0 212 172 112 86 67 275 160 349 252 8 328 134 169 138 163 316 152 250 131 48 285 346 356 278 202 138 158 33 353 352 191 342 207 356 20 202 151 271 237 13 55 239 274 61 179 65 197 222 174 339 352 20 186 61 234 210 103 167 25 251 240 158 89 353 244 90 224 258 123 114 156 309 150 7 329 203 257 328 144 188 316 304 118 37 140 190 120 138 173 252 238 118 291 264 180 231 109 297 117 305 343 358 182 53 302 173 41 283 51 359 153 337 279 323 71 67 207 14 135 130 342 232 278 232 113 
342 299
283 45 221 116 346 65 28 264 304 228 110 122 233 274 316 246 346 286 134 209 256 183 171 145 246 347 45 227 355 186 176 204 211 201 114 0 322 322 260 258 219 132 56 158 146 218 88 328 7 119 229 192 36 98 143 29 303 196 342 262 108 318 21 185 225 242 185 174 68 157 157 324 21 258 9 253 337 61 148 335 140 9 150 245 17 339 280 58 37 342 317 209 253 83 227 307 359 99 282 163 27 214 95 81 109 356 290 350 220 99 321 296 88 71 69 34 216 61 100 206 291 26 66 21 36 154 1 351 121 147 165 279 160 335 309 167 137 123 135 170 284 49 144 76 47 299 231 154 277 72 324 328 113 178 144 169 222 300 166 257 332 345 276 301 51 106 189 345 276 249 319 313 93 229 35 111 89 78 203 122 183 102 257 323 88 193 35 286 80 276 341 326 255 160 122 286 274 2 150 130 39 292 352 188 170 341 239 252 12 27 158 330 113 350 26 7 41 249 277 57 90 148 73 51 211 294 2 2 35 181 298 358 117 27 309 202 30 346 214 302 152 8 117 190 188 135 63 112 0 308 357 232 156 52 140 319 224 251 131 240 44 38 258 66 7 79 244 120 327 53 155 174 310 244 32 287 254 151 289 263 323 199 72 31 257 211 260 113 22 41 38 58 182 193 167 214 15 311 109 34 279 11 204 342 71 62 335 100 102 258 207 297 44 228 127 327 214 257 310 342 293 127 205 332 63 22 73 4 337 38 105 350 340 199 216 346 169 37 227 337 207 337 
306 357
121 225 145 209 2 71 218 348 126 331 177 221 192 111 191 350 108 107 225 281 325 148 11 284 146 134 148 75 47 38 233 328 64 85 211 90 327 322 190 118 11 329 264 166 6 270 203 125 225 139 191 260 189 199 325 231 290 115 342 43 175 322 111 209 275 317 31 316 26 237 25 186 148 139 77 72 244 26 351 346 307 323 225 249 283 154 244 16 110 332 262 136 291 277 105 306 9 236 190 25 149 87 71 8 248 195 106 122 219 19 153 200 44 119 8 51 233 103 85 334 220 250 71 177 24 177 346 138 202 168 273 281 240 203 207 170 335 359 289 81 146 292 128 205 3 153 196 211 252 35 346 307 13 233 235 224 123 233 79 198 73 18 10 133 350 54 343 7 355 50 160 44 93 152 101 247 11 55 243 168 95 284 138 271 353 143 223 335 241 110 122 271 26 337 105 194 320 336 105 57 311 129 225 137 2 5 47 5 301 301 35 288 161 337 18 356 313 93 43 315 161 171 97 112 28 1 215 121 89 190 88 332 194 356 325 339 158 164 21 61 161 332 209 282 215 278 306 140 46 186 318 103 239 337 69 198 254 30 297 288 247 275 326 89 214 86 293 49 302 258 304 85 102 174 23 124 200 275 283 317 76 312 358 72 47 29 213 188 41 112 264 125 85 136 350 260 304 137 351 138 177 88 284 44 252 8 
56 207
71 348 34 147 168 27 328 107 68 152 142 16 56 202 341 51 184 101 134 14 262 46 63 104 192 192 18 86 348 274 39 337 190 158 346 43 326 120 164 231 186 189 188 350 195 237 350 135 12 256 52 359 174 256 300 326 
221 77
300 309 142 321 353 50 29 182 209 101 251 50 117 247 306 299 138 66 57 165 200 322 159 90 136 307 169 174 72 83 73 177 16 334 140 70 341 230 201 357 354 152 290 128 89 133 303 320 92 175 88 88 135 164 255 150 202 231 301 139 276 31 330 110 144 160 336 47 151 54 294 39 97 29 7 176 151 146 21 355 146 93 109 106 117 121 90 301 156 111 190 292 33 340 243 147 20 185 116 36 271 62 281 170 72 81 114 73 231 73 313 50 93 179 120 87 351 166 194 159 259 36 117 106 53 113 232 34 222 34 313 101 298 38 33 189 117 96 58 350 136 13 131 357 223 271 18 19 122 335 5 81 282 93 89 20 222 313 137 310 135 280 159 104 93 34 345 354 121 183 36 89 259 126 270 225 262 216 130 319 208 231 191 148 135 279 122 259 296 43 145 56 56 339 222 102 69 243 256 318 239 343 63 252 119 189 78 103 65 358 87 200 234 24 18 231 343 239 134 306 6 
304 71
270 186 258 287 318 219 88 233 134 18 163 211 157 43 357 338 125 343 52 110 336 45 103 156 64 325 203 292 272 328 38 0 81 228 287 132 185 73 244 28 117 45 122 10 273 294 324 204 223 152 108 172 106 113 212 126 3 353 87 205 257 314 70 231 159 282 282 81 317 332 340 237 80 184 359 214 337 341 10 98 334 226 342 204 257 265 166 126 168 301 215 0 273 226 257 113 194 315 333 208 241 75 131 273 127 95 152 191 124 26 172 275 180 302 57 295 272 56 54 90 228 313 230 225 208 337 297 207 327 232 197 79 169 345 2 112 31 185 166 217 155 89 345 198 82 137 85 246 235 282 293 325 119 229 28 338 289 126 335 3 61 284 251 0 256 203 35 210 62 13 350 44 68 180 320 351 177 134 163 59 336 238 165 256 202 132 263 178 64 195 34 266 89 242 165 125 56 328 342 258 282 309 11 224 187 108 201 124 249 230 34 251 13 13 258 330 265 316 302 115 247 258 70 284 160 111 252 195 152 177 91 49 271 134 173 147 20 102 142 199 14 91 86 220 87 280 11 232 178 46 152 287 131 106 288 309 145 51 31 358 94 114 69 23 272 349 244 276 275 178 109 294 22 267 341 142 83 52 195 355 127 249 136 340 171 28 15 65 98 213 252 116 319 272 149 148 343 291 329 164 314 322 200 13 
69 76
179 304 205 317 135 101 115 303 262 243 145 257 267 114 230 296 206 352 279 56 99 306 143 127 310 235 268 220 170 43 323 50 310 35 147 67 89 338 22 203 108 276 170 268 355 110 319 149 298 232 344 292 41 354 2 336 162 261 357 160 74 341 110 6 230 311 120 351 162 
209 82
176 94 220 138 171 174 266 157 287 145 259 221 218 221 65 242 60 328 27 175 322 101 136 296 87 172 95 345 178 135 25 344 138 166 151 355 176 198 317 309 196 267 312 162 92 15 124 277 204 128 161 171 18 203 249 160 242 257 334 301 119 222 350 305 345 185 16 2 338 168 91 87 217 208 304 51 25 93 88 164 175 138 36 183 244 352 102 265 269 170 40 29 302 60 5 193 235 141 259 58 82 107 194 295 28 334 197 180 315 319 321 47 289 101 61 248 49 50 210 187 172 155 89 350 308 336 261 147 337 3 163 27 283 18 38 347 188 59 189 8 89 49 157 282 203 202 9 81 16 97 288 147 150 119 5 306 105 276 212 119 338 185 93 274 153 204 62 292 6 14 265 206 94 329 65 58 128 74 325 248 233 208 291 343 356 337 93 215 258 96 356 8 126 226 196 170 156 131 174 266 64 161 336 132 247 288 58 295 3 
188 318
316 240 328 318 249 45 169 40 167 318 259 298 34 270 111 186 61 310 281 87 174 263 227 207 22 87 334 89 124 155 203 235 53 229 292 237 17 115 159 73 299 165 321 272 3 5 139 168 337 169 264 257 109 337 221 34 354 280 51 298 130 39 47 328 283 345 3 161 312 196 34 127 183 346 233 167 164 31 88 129 155 213 141 297 137 239 132 103 41 326 306 37 202 84 190 336 304 308 86 36 190 295 210 322 210 198 104 243 292 338 347 343 152 182 44 276 192 59 5 102 56 15 19 155 77 211 331 315 351 244 154 157 309 308 127 143 266 67 167 22 16 249 77 63 69 168 342 94 318 188 305 98 111 272 66 208 239 8 185 235 0 245 30 194 105 334 319 315 62 19 353 162 352 316 78 330 128 260 101 301 315 259 2 357 130 292 51 130 
72 313
283 0 278 156 42 41 205 202 47 215 289 355 105 353 100 240 112 47 323 22 27 189 257 238 35 157 137 180 119 145 105 346 181 86 56 169 308 317 94 121 355 279 214 229 272 59 308 31 264 76 155 203 345 84 309 58 12 329 231 130 224 153 52 108 100 357 135 141 230 232 264 89 
182 131
54 117 44 181 302 147 87 354 108 124 354 236 254 348 223 171 203 81 301 66 154 257 200 74 258 143 185 352 209 56 146 317 157 64 21 303 255 162 36 309 92 75 196 64 249 279 313 306 64 96 252 340 172 185 61 341 203 215 151 18 47 24 13 114 28 141 326 76 282 15 223 151 105 2 282 204 342 79 116 300 103 251 124 317 40 22 208 220 16 109 53 92 58 188 63 219 19 359 121 264 323 108 245 150 123 202 254 53 293 11 321 219 196 173 274 274 175 122 256 145 61 131 162 74 233 209 48 266 269 301 101 175 249 128 303 2 349 31 294 188 43 350 223 11 168 256 202 319 302 144 38 188 119 275 16 163 98 110 286 318 280 153 337 115 186 15 161 234 145 51 285 174 256 314 266 335 58 66 275 348 239 197 
228 232
195 1 76 141 25 173 44 87 213 41 140 197 214 6 138 314 6 192 215 157 45 109 159 33 128 30 35 258 118 332 246 294 77 13 35 234 226 279 113 47 93 52 197 290 326 66 253 142 201 114 97 158 231 199 353 215 141 231 108 80 73 121 179 271 110 322 12 319 120 73 288 9 152 177 20 276 297 350 119 145 179 12 7 101 143 304 353 228 141 299 55 78 251 235 212 316 166 330 124 239 179 48 348 221 127 184 83 192 231 10 222 82 35 337 55 96 82 141 273 172 222 92 42 342 313 345 143 10 19 225 354 217 193 316 90 144 308 4 215 27 170 202 120 343 274 295 146 317 171 316 276 239 9 63 198 331 114 163 188 74 145 53 203 143 300 281 227 104 187 141 14 261 125 131 187 352 257 309 330 4 9 31 187 6 91 6 40 209 155 15 148 245 14 149 89 151 68 348 219 74 347 39 69 294 209 188 29 221 137 1 358 152 341 1 230 142 50 164 248 13 108 128 144 354 314 344 105 211 
134 231
244 21 101 316 89 269 67 186 300 95 150 138 70 257 196 14 296 291 244 249 327 178 193 56 164 140 138 250 52 314 276 142 189 83 239 285 346 187 194 155 22 13 319 117 89 243 284 290 285 258 183 108 271 42 138 356 340 310 63 30 190 106 357 74 8 75 8 76 321 246 297 120 293 137 71 117 214 101 115 18 166 261 275 143 80 230 220 224 325 4 139 55 166 346 309 66 342 89 161 138 223 249 98 323 227 311 39 23 109 7 346 270 80 348 289 44 258 228 22 267 37 315 39 16 285 82 240 136 209 23 339 157 284 77 
124 13
194 197 53 203 82 74 316 18 119 333 79 209 242 278 203 266 22 316 224 332 348 80 350 352 254 310 67 174 310 21 222 120 286 18 203 338 33 28 229 200 232 323 106 74 316 96 169 304 244 256 68 178 276 83 300 303 144 359 284 287 328 193 28 290 283 189 158 152 148 181 224 284 174 86 247 293 301 187 217 220 58 50 16 92 29 22 336 311 237 102 181 151 300 197 39 299 82 147 107 175 331 70 100 72 339 46 335 13 304 216 43 136 345 234 185 342 160 119 355 193 358 103 324 33 
214 161
48 208 58 289 247 265 22 153 110 260 328 173 216 2 139 190 160 354 347 65 170 13 208 8 312 141 271 186 335 2 314 40 97 167 189 274 301 55 128 272 18 47 105 118 313 99 297 104 294 21 193 14 213 238 207 31 315 352 148 269 293 18 301 275 82 100 351 115 162 5 18 276 190 288 14 206 268 336 18 236 156 229 165 274 109 2 47 354 336 199 57 19 307 85 47 61 350 188 157 355 256 305 223 187 334 181 286 108 102 335 168 116 107 322 155 221 278 253 148 324 341 69 349 127 30 287 31 280 73 252 12 66 181 96 279 350 271 209 348 281 338 163 187 95 308 1 137 179 44 299 307 102 155 337 115 348 117 245 297 118 208 182 152 338 326 104 39 211 348 291 317 169 241 70 224 210 3 107 125 150 261 272 291 325 6 166 27 40 261 5 101 237 180 125 217 216 332 115 322 297 237 39 113 177 170 349 54 126 109 16 318 198 113 110 
64 105
231 13 268 179 250 128 151 304 259 346 264 63 322 114 31 266 284 180 233 90 14 283 354 97 327 324 173 198 70 107 39 23 251 175 70 99 169 265 333 209 232 345 176 168 199 17 195 354 233 295 30 290 197 105 286 220 236 57 78 331 85 211 237 312 
131 352
348 141 298 309 28 159 234 259 84 317 257 284 6 221 284 86 147 70 196 58 218 190 243 106 319 319 32 22 32 141 220 310 278 247 89 139 345 261 31 64 338 70 32 205 15 354 203 101 339 111 336 90 182 16 238 165 194 216 236 280 74 256 275 129 81 101 290 182 41 240 275 283 152 86 79 219 324 179 282 44 85 349 266 173 132 198 247 177 127 70 310 315 105 30 130 103 93 66 319 224 277 84 305 312 262 255 66 63 118 254 152 237 208 271 252 181 231 199 56 120 40 52 40 22 265 212 354 159 63 253 313 
136 22
258 288 291 124 333 73 108 54 88 92 147 114 35 29 128 145 353 59 264 126 48 277 136 33 124 32 177 78 87 21 350 158 49 134 41 168 86 148 158 227 218 242 234 123 210 115 206 257 11 50 5 163 46 214 100 162 98 46 26 145 292 229 222 103 164 205 84 118 308 331 118 172 12 125 320 68 0 137 240 102 273 304 214 149 279 348 33 7 224 147 12 231 27 26 93 121 304 324 281 316 233 177 13 137 92 247 14 272 42 181 32 175 33 187 248 187 14 123 12 65 258 4 105 333 256 108 248 205 218 98 331 14 166 269 207 39 
3 50
0 94 226 
53 140
283 277 152 264 287 181 72 299 24 124 223 158 34 13 247 81 214 38 82 2 209 232 313 153 105 161 340 253 146 358 47 90 56 52 281 50 16 119 240 248 129 305 111 19 103 139 206 287 303 162 325 88 183 
77 224
302 136 66 87 294 93 43 233 215 347 32 3 211 197 134 25 297 297 111 159 307 318 79 13 41 321 291 234 76 1 29 333 66 257 329 209 158 18 249 130 101 324 45 34 2 271 304 14 65 257 88 47 13 17 35 75 310 167 342 119 80 260 272 77 326 46 92 347 146 342 193 285 118 307 263 191 311 
192 268
332 272 92 313 37 107 14 137 89 82 114 307 255 342 165 279 73 256 137 229 178 333 44 266 285 78 67 305 254 228 314 239 247 20 184 22 106 96 92 67 156 34 167 105 203 206 167 315 35 106 125 13 6 110 130 139 311 265 63 190 252 265 127 183 237 57 223 7 309 234 27 260 196 162 228 343 297 92 56 334 140 171 3 11 226 13 136 144 347 143 250 209 19 247 289 261 232 349 34 179 85 23 290 12 105 233 273 17 181 24 0 256 82 170 342 179 41 304 304 177 126 141 237 286 81 25 259 258 72 333 34 19 220 107 192 34 289 214 67 117 145 358 302 114 85 176 98 84 87 146 225 345 352 247 93 169 332 178 14 134 282 232 137 313 240 351 160 206 31 307 141 52 337 287 329 334 82 168 333 213 210 186 289 44 314 346 100 268 176 53 133 151 
242 38
223 61 174 83 80 12 5 282 147 333 141 24 101 68 250 101 199 187 250 243 255 355 266 202 52 94 282 110 232 54 289 217 262 109 283 80 120 228 211 323 3 59 271 342 103 261 315 296 207 304 155 247 3 203 68 85 23 309 346 121 11 82 318 343 225 263 96 131 260 113 293 337 198 239 147 41 336 357 116 326 139 214 278 165 294 120 120 69 129 70 51 198 212 78 98 150 260 143 194 290 262 300 73 142 318 284 288 277 80 353 60 278 119 27 84 169 92 167 94 168 119 15 66 103 324 334 272 102 290 260 216 97 27 294 265 319 62 311 317 158 135 97 29 16 180 309 164 294 248 29 178 325 188 168 263 17 337 131 297 263 299 265 48 5 91 288 302 80 194 338 269 212 67 290 278 12 173 83 83 89 227 137 107 249 74 36 60 141 145 262 254 275 85 204 27 163 2 283 333 93 1 153 345 63 62 87 46 235 345 27 117 295 175 36 27 9 190 332 271 239 298 345 184 90 79 256 158 216 46 225 323 140 341 306 327 285 301 300 266 332 9 90 
50 104
351 207 153 234 225 356 95 23 343 168 179 108 116 183 62 249 82 0 253 87 291 240 239 125 124 255 337 0 59 40 354 16 14 32 235 137 36 154 293 170 290 126 259 201 218 233 308 318 212 334 
98 19
173 266 350 12 174 342 358 260 106 93 205 298 262 256 139 165 92 179 137 353 212 296 347 216 116 216 220 322 169 307 182 219 349 305 111 280 95 31 293 78 201 35 24 248 48 12 10 247 63 130 170 41 255 228 68 247 31 296 147 77 317 101 242 112 315 164 212 141 249 312 20 294 78 16 346 1 89 213 188 294 353 59 262 231 311 290 124 128 260 157 137 232 352 151 337 263 182 106 
316 289
227 119 47 32 354 294 207 141 323 96 230 356 252 142 280 301 57 46 182 163 344 191 258 283 54 46 187 302 25 351 225 87 64 111 16 33 300 68 168 68 255 29 269 228 236 146 326 275 119 214 23 285 295 51 331 97 340 350 38 221 256 215 312 12 29 8 79 40 200 109 43 280 41 164 286 274 26 145 238 337 266 258 203 36 35 234 222 212 82 306 100 167 170 12 130 101 173 35 277 233 198 309 231 4 30 83 142 321 96 146 139 305 14 19 129 54 327 92 245 323 201 61 182 24 163 359 4 36 153 10 108 130 139 346 240 77 11 197 181 3 35 124 195 151 278 223 144 207 223 309 232 136 66 346 164 66 28 249 209 162 140 247 195 116 0 62 216 333 301 256 23 330 157 231 311 35 193 98 151 288 130 219 268 127 204 259 306 171 131 48 17 172 281 51 249 240 211 219 73 46 266 15 45 212 179 63 301 54 296 51 38 299 61 303 44 285 211 276 51 102 125 292 184 214 100 63 270 290 262 157 216 143 354 57 284 341 178 347 308 245 135 104 102 305 119 205 150 261 228 4 304 108 100 170 346 82 49 77 274 335 146 188 59 226 98 300 248 277 37 340 145 54 52 81 256 285 164 356 145 284 276 356 176 211 53 104 225 96 208 294 197 200 280 330 217 262 340 2 237 289 117 67 65 50 104 82 178 74 300 214 135 157 85 301 69 268 
79 219
35 39 189 107 31 33 165 244 274 262 206 72 236 85 118 327 52 12 336 37 351 287 197 184 227 87 23 110 275 348 331 21 52 85 301 283 142 256 148 110 13 308 227 173 87 42 278 76 352 235 358 134 258 125 123 248 332 237 22 5 340 348 129 282 114 279 12 242 216 92 30 58 7 243 143 47 120 151 258 
12 335
329 79 97 61 3 14 44 139 263 327 11 16 
258 168
346 34 299 262 89 29 156 245 3 318 198 218 254 314 257 203 194 204 338 322 64 106 87 119 322 231 19 336 152 96 65 175 300 339 97 236 221 339 53 104 64 128 266 191 130 309 271 271 14 290 146 146 36 249 165 287 176 185 327 178 214 98 220 185 345 355 260 330 115 296 348 29 173 259 7 281 41 268 109 26 176 347 257 218 80 271 335 272 204 183 243 283 28 334 217 261 93 147 61 213 230 328 350 276 0 327 278 62 26 175 120 117 330 207 77 158 236 159 243 123 319 91 57 166 253 21 15 27 116 77 323 248 174 197 90 254 231 141 317 82 0 28 157 195 233 294 187 350 344 357 95 234 257 150 83 328 333 50 97 155 261 111 175 141 216 355 332 248 251 125 359 42 172 217 51 103 311 22 265 42 348 316 27 173 273 154 258 311 183 314 347 7 205 289 261 223 15 302 337 269 50 54 243 178 270 18 166 97 319 35 38 328 5 356 168 72 332 304 355 70 287 90 29 83 66 76 150 109 7 29 251 166 1 174 100 96 298 271 176 148 253 279 313 16 56 67 273 219 209 125 72 227 40 131 164 298 101 150 
143 270
218 187 31 228 38 282 339 46 39 246 20 332 262 282 184 297 48 126 320 18 150 297 123 137 101 134 322 184 289 304 266 152 279 353 90 202 153 163 206 300 108 141 24 350 264 178 291 31 256 42 91 142 20 358 269 40 311 168 139 306 151 348 14 338 248 118 346 166 259 53 0 302 195 251 209 274 183 287 307 132 313 256 330 14 143 349 178 111 249 313 214 68 345 116 343 197 160 332 140 174 9 138 319 343 353 273 339 339 94 259 14 193 138 273 134 111 177 207 211 75 61 142 146 331 122 47 180 340 85 288 133 109 2 276 208 152 301 342 35 37 259 72 233 
312 52
216 221 282 184 110 56 262 235 158 62 140 241 346 328 356 245 46 143 146 92 256 61 19 162 215 120 62 206 165 198 271 127 233 47 296 116 233 250 6 25 12 76 128 23 14 15 246 251 256 357 38 115 300 37 221 134 39 113 157 135 321 22 169 11 148 267 359 55 110 18 4 322 153 293 309 259 30 251 291 199 262 162 92 324 195 320 40 15 117 216 143 186 94 158 213 69 160 48 238 282 298 102 143 50 136 337 116 49 303 281 220 156 191 116 166 98 279 320 168 335 285 60 310 266 159 22 157 22 54 165 256 38 94 256 76 329 87 250 155 244 94 14 55 61 273 227 351 205 5 185 299 32 179 143 295 284 53 127 134 162 193 355 123 347 38 49 104 21 31 303 328 27 66 150 173 80 329 206 200 142 321 240 308 152 339 322 98 152 187 113 182 266 94 53 71 98 193 333 161 116 215 136 97 310 203 349 26 325 320 267 215 181 30 203 310 194 229 340 142 76 40 296 248 165 163 33 73 233 335 317 52 186 70 245 163 242 199 297 335 249 112 217 58 99 302 10 237 302 32 50 324 100 88 169 352 95 310 6 208 108 323 303 96 208 21 175 161 88 216 177 137 235 45 22 192 5 314 316 142 232 3 95 106 258 93 49 304 210 52 198 52 142 295 60 38 208 195 314 293 98 43 191 221 277 18 39 47 103 189 307 81 203 
147 96
278 99 327 117 99 47 48 199 253 334 73 126 170 139 151 224 219 56 3 301 89 99 117 61 274 323 52 7 156 236 7 79 39 118 116 208 351 250 93 203 223 95 347 330 208 300 22 21 160 131 352 0 158 154 356 299 215 110 257 353 105 245 15 336 225 337 226 354 73 190 46 237 41 351 183 65 275 138 278 211 218 174 91 106 92 158 310 177 104 111 188 206 258 30 97 255 68 247 155 52 316 262 273 212 55 280 186 287 91 182 251 35 150 217 16 293 40 157 181 131 333 56 179 251 26 83 254 90 194 190 9 209 338 195 218 269 43 332 62 351 138 39 73 96 312 16 81 
51 32
209 269 347 293 326 266 246 114 285 3 256 235 56 328 96 99 109 290 349 23 33 197 38 47 291 297 42 124 87 106 184 142 354 73 147 127 133 290 84 345 149 296 185 225 271 129 20 348 238 276 23 
287 221
140 174 306 338 202 35 192 31 121 251 175 19 225 296 315 118 219 76 14 135 295 123 310 125 283 276 275 120 291 290 251 75 194 190 73 190 57 60 345 183 39 347 3 220 189 111 69 138 178 108 125 243 281 174 56 343 316 349 197 180 188 282 97 2 343 266 177 9 107 86 24 109 106 207 177 358 1 84 43 333 56 53 227 206 269 330 37 97 298 86 92 249 47 93 258 300 147 189 337 310 269 215 101 193 216 62 179 192 297 147 251 57 104 268 167 342 239 22 47 155 337 75 227 166 37 48 12 203 106 32 115 203 325 138 158 72 223 304 270 106 226 144 92 135 257 204 326 267 141 31 73 177 63 319 173 14 296 353 123 268 156 324 127 336 313 4 201 29 4 106 27 33 311 238 286 58 144 180 233 301 78 245 326 333 39 320 222 96 118 221 297 334 98 81 289 302 89 261 124 26 212 158 115 305 271 291 119 198 348 354 308 331 351 53 225 165 153 348 143 283 175 285 319 164 136 161 22 232 210 226 195 154 341 269 123 107 251 276 75 111 126 18 354 270 307 117 217 245 235 187 50 125 212 132 319 162 286 251 358 26 260 101 260 313 130 285 199 33 144 354 303 281 104 275 318 84 2 16 228 231 139 185 211 306 285 98 243 
157 112
226 225 280 274 351 112 102 307 41 359 270 114 316 316 5 14 11 111 249 339 273 215 48 188 207 265 61 28 112 86 343 132 285 232 327 283 226 160 295 353 254 224 108 225 21 261 151 86 279 8 321 224 337 13 80 340 55 329 320 90 64 335 306 122 333 36 158 89 214 43 347 267 168 110 123 114 338 307 43 42 164 134 255 351 13 235 289 119 319 278 104 244 341 323 42 145 125 269 110 184 51 84 13 352 316 61 332 325 335 306 188 258 45 327 100 1 0 35 197 343 287 202 198 142 242 136 213 327 118 67 344 178 206 212 306 160 344 90 104 31 31 354 329 151 182 236 273 258 17 239 339 83 52 10 197 195 149 
116 82
349 87 324 348 30 182 232 194 142 121 96 217 214 348 14 171 38 26 80 219 299 174 197 287 4 317 340 337 87 113 348 303 342 148 32 234 173 147 142 53 52 241 286 66 84 5 247 297 82 185 252 124 37 75 102 77 183 285 243 151 224 138 109 295 241 85 334 305 223 146 109 213 176 250 125 259 1 228 212 241 108 169 190 276 1 237 11 264 15 291 359 14 291 21 52 145 344 155 75 181 127 50 66 292 133 197 134 147 39 53 59 266 306 139 202 111 
289 187
123 280 120 192 78 203 278 9 90 245 269 226 202 153 41 20 254 249 23 221 295 315 101 264 82 80 229 180 178 6 118 226 165 92 98 274 333 122 98 49 167 317 241 277 189 305 250 304 175 17 139 182 48 138 231 65 3 234 210 269 210 74 218 78 318 50 184 137 347 264 60 356 132 18 76 166 287 201 238 218 266 108 358 183 230 32 27 38 187 178 200 162 234 15 164 336 135 135 308 313 51 28 258 68 195 224 207 134 155 48 71 60 72 349 109 324 57 60 23 134 19 168 74 339 188 271 37 104 68 353 256 91 34 293 128 26 84 318 274 326 46 216 348 146 54 280 74 301 2 34 5 169 336 346 357 313 335 113 314 111 11 350 25 162 104 101 226 219 71 210 292 150 310 225 246 315 108 127 223 347 327 55 150 316 59 214 159 214 72 303 11 95 359 127 205 329 299 114 270 129 301 14 273 136 341 140 118 58 195 209 242 21 331 340 29 172 154 227 74 15 210 128 187 264 138 14 227 218 319 102 182 148 137 250 189 26 351 40 225 73 325 129 341 299 191 307 272 229 225 352 138 212 207 160 53 121 32 159 281 124 99 231 327 45 327 297 291 293 308 44 268 212 162 350 244 269 41 204 27 231 321 36 220 136 322 54 69 337 184 
330 30
118 337 258 133 159 152 274 118 87 309 197 193 136 122 76 273 212 148 40 138 205 115 90 155 200 62 316 196 35 101 171 289 7 91 70 341 224 109 45 219 40 321 94 261 274 62 100 131 91 72 208 128 262 129 153 95 20 196 39 204 11 1 125 359 316 283 14 306 265 311 4 131 231 100 303 193 15 112 328 131 7 213 301 80 299 349 318 5 115 289 121 54 178 242 81 19 280 344 339 218 101 293 265 221 287 173 141 104 50 149 130 190 229 28 146 337 348 279 91 7 342 257 277 58 264 184 78 56 49 284 63 265 151 283 342 212 110 188 101 225 185 301 251 196 227 359 178 282 287 252 201 194 293 76 31 271 217 107 312 271 205 76 227 221 79 285 317 159 220 56 167 170 136 35 259 0 233 185 190 183 330 139 222 254 103 130 251 252 314 301 74 212 231 118 138 61 9 166 48 359 286 47 217 318 246 265 286 202 1 93 153 84 92 189 108 220 282 340 18 21 201 211 309 290 352 65 262 243 238 202 192 345 321 204 259 45 346 3 137 79 251 255 131 195 286 234 192 315 285 341 332 125 236 104 343 116 290 347 337 294 65 156 35 46 94 99 8 50 22 267 160 351 158 226 247 242 202 155 350 252 151 54 177 221 2 113 295 45 150 221 201 115 344 303 276 26 288 156 293 92 125 235 150 128 67 249 81 208 232 227 29 218 22 359 299 286 167 279 214 357 341 350 23 220 13 27 72 359 41 320 
306 322
207 38 100 355 158 312 43 245 258 295 231 4 323 215 97 125 54 298 358 357 89 325 193 121 275 21 103 43 219 115 295 105 358 210 188 169 216 253 41 350 217 148 136 198 160 153 144 7 236 357 244 18 20 8 234 85 33 29 341 281 114 156 98 36 43 247 209 154 198 225 262 137 240 129 24 208 103 85 163 236 284 265 242 296 355 130 38 105 147 158 86 33 0 178 13 359 291 333 250 31 258 119 269 259 312 30 6 154 129 293 357 177 318 158 201 319 268 343 278 267 256 47 58 14 238 240 294 246 89 168 153 113 41 250 339 30 189 345 6 303 83 199 69 236 84 57 186 347 217 70 96 191 153 210 271 200 51 271 177 330 30 75 305 263 33 89 171 24 267 313 206 61 268 272 125 60 16 83 357 277 203 19 344 150 219 66 34 57 70 108 148 169 208 331 259 38 79 192 350 60 128 66 174 153 195 180 262 208 114 120 282 108 6 118 93 34 3 63 11 42 74 139 296 187 312 18 229 156 280 260 145 334 206 26 304 188 13 161 92 208 112 199 183 139 21 26 22 274 247 178 296 84 135 287 264 125 252 50 133 82 69 337 142 270 303 73 287 177 170 337 181 19 171 348 150 268 248 262 109 119 263 45 76 220 50 10 331 120 133 314 334 192 91 194 328 282 90 288 213 105 3 244 201 325 12 212 
304 138
131 160 85 298 335 51 50 300 352 307 167 128 8 299 240 341 167 300 47 154 188 37 65 182 288 289 214 119 52 165 46 198 333 240 315 148 278 268 96 204 326 290 331 94 11 31 281 278 93 125 307 137 215 205 227 153 107 193 248 142 325 341 104 202 310 51 171 344 236 113 236 140 235 42 356 310 326 172 53 261 270 43 27 130 350 213 177 126 289 187 336 206 353 85 132 177 119 184 101 64 184 160 229 216 186 103 259 179 303 164 77 124 217 52 275 13 192 257 187 26 297 189 274 109 84 352 204 90 44 146 337 186 69 321 323 236 272 167 295 99 244 228 120 338 86 191 220 248 126 351 353 16 301 345 109 259 318 214 203 45 352 97 342 197 151 295 295 264 172 77 323 232 204 110 248 288 277 342 186 147 80 195 193 15 11 211 27 197 264 353 238 174 286 191 89 88 75 178 22 317 293 80 225 150 81 346 210 86 50 344 332 248 169 223 28 298 337 92 327 77 197 201 35 289 75 213 290 177 76 328 204 218 288 99 124 213 265 220 243 192 290 97 341 342 73 339 193 43 294 194 189 253 210 96 323 87 1 304 10 168 294 197 208 135 29 284 189 194 206 315 321 114 310 305 276 335 128 223 326 149 154 99 129 312 18 356 18 275 287 349 188 86 67 226 279 218 286 197 173 49 102 236 35 73 
229 164
100 189 185 106 350 66 111 181 196 234 105 316 214 44 277 337 273 285 325 159 351 349 217 96 51 119 241 47 233 255 93 69 202 114 355 341 196 168 180 12 7 327 81 175 142 232 256 237 89 210 333 55 248 354 99 11 29 45 166 296 107 106 129 96 53 297 4 277 302 312 146 69 74 108 21 202 326 274 349 343 261 61 109 156 3 191 132 341 78 346 141 338 267 102 231 72 280 172 228 155 266 163 300 269 197 333 38 73 267 245 320 262 45 130 129 6 165 112 186 337 99 265 293 257 121 181 348 153 147 101 290 353 0 251 102 167 173 314 342 129 356 19 15 46 93 323 51 212 53 210 129 308 108 283 231 291 13 222 141 116 293 99 350 292 65 211 130 125 348 356 185 169 251 15 260 119 236 65 71 310 347 149 143 17 83 66 330 29 286 331 238 340 113 14 58 142 226 192 108 297 189 48 96 272 173 172 187 176 298 144 167 157 299 118 100 302 112 332 168 138 60 334 13 182 275 131 302 263 193 
163 63
113 186 148 118 200 85 177 11 23 278 310 227 104 82 8 13 87 254 247 234 139 261 100 282 269 58 237 25 176 136 19 354 58 253 10 303 263 305 174 303 228 146 324 152 95 4 93 25 205 234 341 267 182 324 295 56 283 349 281 15 247 227 276 172 121 182 330 143 230 256 61 1 328 324 116 359 95 261 301 191 336 51 102 296 357 44 137 309 286 214 48 348 177 302 234 216 16 7 18 269 1 205 147 285 286 72 135 112 12 177 64 226 350 329 325 233 113 334 259 211 143 138 302 198 118 212 78 48 208 139 86 225 299 181 200 190 77 286 179 171 80 122 306 34 238 237 198 243 132 335 56 307 41 101 230 168 300 20 252 20 30 293 250 
68 27
109 20 147 198 262 305 163 283 55 241 15 138 328 43 185 153 138 239 78 295 44 242 93 283 291 337 72 170 30 14 4 122 196 295 34 0 191 231 205 1 308 88 25 351 244 5 115 64 248 216 112 67 232 184 280 317 21 219 1 184 340 326 245 46 22 127 323 174 
21 133
270 200 271 254 312 351 191 218 337 207 317 46 255 175 131 241 33 203 348 308 66 
262 353
260 340 169 243 178 59 278 200 162 118 288 275 333 64 136 15 220 60 130 34 231 345 105 22 293 228 113 109 123 30 174 87 108 303 138 79 42 60 128 140 167 210 104 130 357 37 316 27 176 174 2 1 183 166 169 120 164 258 215 143 265 189 192 95 78 4 347 326 201 32 81 213 316 103 309 200 153 215 325 339 62 161 54 86 299 104 56 40 339 52 69 146 194 356 267 219 31 177 239 130 210 261 63 233 76 29 258 271 222 239 93 115 317 13 197 77 42 209 230 75 59 160 7 342 198 28 112 248 86 79 342 277 346 102 127 322 108 318 6 177 263 39 0 150 139 108 270 217 161 281 113 161 311 348 3 293 184 273 73 29 300 155 312 283 346 235 22 7 153 32 138 109 112 272 131 333 329 39 180 179 250 261 95 157 337 269 36 82 146 298 45 283 55 85 281 28 97 164 104 277 305 206 310 252 215 71 342 67 259 227 188 268 70 136 174 113 245 58 3 211 108 149 17 41 0 39 201 306 117 259 341 253 197 356 260 264 151 318 83 73 284 61 30 74 31 287 222 245 197 193 206 173 323 246 15 81 39 355 58 351 314 338 
139 98
49 343 228 10 180 108 162 236 47 309 337 293 231 254 26 240 88 86 329 5 133 248 343 309 3 246 73 346 308 16 64 176 159 288 278 17 45 141 277 199 292 86 46 170 343 48 235 139 189 19 162 152 6 221 228 310 355 176 62 217 91 357 252 264 272 329 25 18 282 78 259 294 231 335 107 316 307 231 331 197 145 278 182 339 304 10 75 13 292 275 102 231 269 27 240 291 186 303 75 270 50 89 64 86 114 270 72 103 281 252 335 91 123 246 81 31 286 62 117 4 237 45 301 102 143 43 359 143 237 220 12 186 191 146 124 242 142 349 189 
114 288
50 48 82 295 330 270 8 9 48 196 260 345 285 180 332 251 309 355 149 84 200 334 324 201 3 121 339 73 20 306 254 316 337 307 108 130 154 19 180 315 32 249 138 65 236 96 233 300 151 102 223 255 47 75 91 231 192 101 245 341 266 27 81 312 347 30 299 330 194 105 70 346 341 334 349 213 82 39 24 41 296 303 123 296 194 170 292 254 82 292 181 186 349 34 14 170 32 58 39 16 194 165 150 158 278 237 101 339 39 183 208 93 230 301 
141 141
151 117 12 117 4 325 20 178 209 298 326 132 141 242 196 276 177 345 351 271 211 266 212 121 122 322 42 36 325 108 58 83 21 94 225 173 172 44 188 282 323 283 38 181 282 206 257 140 246 204 192 98 17 99 207 339 200 29 184 331 339 294 281 164 225 1 340 61 132 89 80 233 253 195 62 47 131 187 95 249 80 144 349 82 4 324 120 4 340 332 256 102 107 108 176 120 326 12 130 286 278 188 113 242 4 254 33 137 247 279 14 70 279 256 135 356 36 344 304 246 187 79 166 255 231 265 174 352 202 316 245 265 131 127 350 329 125 123 59 290 244 
144 136
78 72 22 59 341 340 338 274 201 173 140 178 24 279 170 348 312 90 270 45 262 316 77 177 187 115 216 280 131 56 314 176 191 104 265 43 222 233 201 214 161 253 329 132 173 5 39 130 284 158 225 323 32 293 243 266 271 346 156 353 58 124 59 23 353 137 201 139 328 314 13 113 264 231 230 344 220 166 225 4 329 309 247 350 163 80 332 53 145 210 205 195 205 283 242 107 86 232 8 133 243 88 321 296 345 309 113 215 265 128 66 270 73 160 34 133 12 103 180 113 309 106 224 307 210 107 278 214 341 211 200 155 239 235 242 287 129 313 240 43 128 235 242 283 
333 44
12 193 277 290 9 151 336 126 184 8 18 209 320 258 333 81 185 332 351 245 271 59 282 164 1 343 15 285 70 229 105 179 357 16 146 131 304 47 16 220 103 278 114 325 208 83 211 192 347 359 132 48 135 265 263 38 251 1 141 244 216 168 208 190 33 39 55 143 72 279 114 119 313 277 164 3 92 176 272 241 109 94 19 301 246 351 175 269 210 49 137 241 121 158 175 252 118 87 196 137 42 45 259 23 13 54 321 159 75 189 252 275 48 133 209 3 255 168 8 195 277 355 39 245 319 269 227 193 295 179 307 130 91 179 58 298 277 21 265 343 3 187 201 167 204 298 350 350 311 247 300 218 313 259 181 211 24 330 111 173 95 170 285 189 197 251 211 231 61 44 26 304 260 347 43 317 58 219 280 232 154 82 218 72 269 231 240 350 159 288 101 23 337 7 187 348 288 210 275 271 261 56 29 164 109 16 232 245 80 232 165 343 256 305 112 78 19 170 37 210 156 69 251 319 285 326 227 169 175 84 131 132 315 127 149 208 123 57 160 354 175 4 217 55 5 227 160 205 254 29 195 306 333 115 2 162 34 283 287 9 252 113 293 282 273 221 72 147 69 154 312 39 328 257 329 15 155 20 123 267 301 115 243 357 162 342 95 199 87 355 124 185 201 62 326 135 79 252 174 31 246 41 317 205 203 131 11 226 13 351 67 14 142 2 159 188 214 27 65 322 339 150 277 161 95 33 292 263 118 59 161 303 350 
310 123
232 165 91 304 344 94 313 209 21 59 124 155 30 273 298 199 267 156 228 265 87 48 191 268 120 317 288 251 44 231 90 298 148 276 66 152 244 280 41 201 182 120 228 347 254 350 220 24 185 45 322 245 147 337 98 80 45 180 295 11 253 55 110 5 342 130 213 14 267 324 281 111 49 345 28 85 117 262 197 105 202 284 231 20 283 296 217 16 86 338 171 8 111 136 285 345 84 57 226 263 127 75 152 206 176 187 226 42 160 17 159 168 62 39 41 251 192 256 176 272 292 222 183 256 112 242 136 219 150 219 168 317 181 33 48 323 82 313 94 252 90 53 160 0 279 271 78 358 161 140 309 187 320 236 142 79 282 350 283 184 139 278 319 230 215 276 283 128 212 221 86 3 28 298 273 61 356 316 261 118 262 65 3 240 99 80 319 309 172 359 268 198 111 150 71 22 134 215 269 204 272 336 334 250 31 294 164 6 16 135 209 110 55 156 271 74 137 126 96 216 306 160 87 60 41 124 274 164 200 115 50 12 0 311 203 219 140 72 304 48 131 226 261 121 140 198 121 255 298 352 162 155 270 243 96 49 247 182 70 100 210 276 54 145 121 148 71 6 261 59 310 278 111 30 192 243 233 284 347 117 204 7 61 133 42 116 89 344 17 263 272 73 345 269 327 169 6 193 46 255 49 93 193 45 22 65 90 143 130 346 
300 276
173 292 140 132 191 263 282 9 154 233 53 211 35 224 186 13 92 325 280 281 90 299 316 329 278 183 328 165 58 241 352 134 126 308 93 4 206 227 147 76 330 317 172 173 333 2 71 52 188 16 334 194 58 120 278 261 261 281 318 247 272 16 92 168 235 48 136 261 106 298 337 44 275 98 101 27 320 228 58 60 290 165 331 23 218 239 189 227 339 64 160 251 66 245 12 197 290 256 105 41 114 310 3 266 63 4 290 144 214 251 156 193 305 179 163 245 77 246 193 264 126 244 183 329 197 251 246 143 238 54 350 331 323 141 270 123 237 40 117 265 211 250 117 240 242 354 199 291 187 112 350 284 247 215 31 77 344 307 104 259 278 149 81 120 311 153 282 184 306 29 92 134 218 233 155 130 235 76 51 44 354 107 49 204 146 18 284 158 157 324 338 82 86 309 315 247 244 330 191 143 6 128 156 185 133 142 55 327 290 172 318 339 130 75 18 84 108 167 231 78 77 307 81 245 253 29 132 4 169 199 49 323 358 301 118 47 54 320 292 179 154 162 194 126 277 245 114 309 305 59 65 213 212 196 150 53 154 356 225 42 257 288 307 217 20 168 73 176 75 193 141 154 344 261 109 205 68 318 285 185 159 218 110 89 314 359 99 179 213 352 356 189 102 307 328 38 165 185 182 99 
77 266
308 24 19 251 75 312 49 283 315 91 187 322 304 53 110 206 8 65 91 26 305 176 50 349 132 180 165 330 261 19 162 14 252 331 5 304 357 150 194 353 158 43 142 329 64 299 166 117 331 115 199 336 93 185 52 131 316 340 205 305 35 1 106 306 112 82 4 2 158 221 238 181 58 187 327 202 174 
