27
324 168
197 268 99 172 78 281 241 251 101 68 6 206 69 77 316 29 279 103 191 347 352 127 210 300 141 268 91 198 34 139 92 66 98 68 304 78 253 114 94 332 75 242 83 154 151 131 44 314 1 187 112 106 292 285 133 290 308 186 355 194 278 23 348 297 228 320 311 346 171 295 245 168 27 33 76 25 31 169 50 283 63 84 71 146 149 318 102 25 40 272 100 332 316 66 53 110 274 248 137 119 42 248 163 143 60 183 308 49 56 348 32 305 24 35 34 287 188 65 308 284 176 246 280 103 177 124 304 262 124 228 294 214 183 351 338 292 229 204 254 32 212 49 65 65 250 72 241 355 96 102 23 235 105 97 47 82 107 207 210 127 200 71 104 99 228 294 60 48 135 281 253 101 86 220 118 284 357 272 345 49 43 180 258 358 317 316 240 274 325 326 354 112 169 70 329 113 29 99 330 150 213 62 59 148 53 37 87 254 270 177 34 196 270 167 340 212 209 190 160 325 131 211 357 20 79 128 186 341 26 124 117 96 77 325 92 144 202 340 332 302 317 179 64 68 250 201 323 245 95 66 216 144 120 101 194 316 278 49 338 188 117 98 53 18 231 157 260 43 257 274 106 105 194 259 39 13 39 192 304 329 250 328 264 185 283 7 19 192 239 32 172 57 28 75 177 358 46 141 46 135 121 323 160 0 251 308 59 104 101 216 323 108 81 114 143 293 295 30 286 85 346 313 230 161 
244 97
116 116 179 275 26 77 273 322 234 244 66 280 108 349 306 5 91 215 352 27 178 261 86 298 43 171 58 189 32 219 40 245 128 22 331 141 258 130 315 191 48 43 359 97 72 169 296 15 321 328 261 321 186 353 313 202 183 312 108 258 183 211 352 44 348 56 347 215 195 261 358 143 209 178 58 349 275 218 237 331 325 289 72 54 274 68 355 35 178 171 349 0 18 114 210 205 314 337 207 128 72 74 58 282 58 170 312 344 192 24 308 8 335 70 36 48 183 241 247 318 200 36 189 317 230 11 202 231 333 352 313 91 185 358 258 64 273 333 327 310 264 218 311 132 83 271 128 244 217 138 134 132 4 169 241 138 235 155 93 145 40 147 13 105 26 11 150 137 158 194 162 124 86 292 235 88 11 317 70 106 290 354 182 193 89 138 102 247 81 49 28 114 152 266 202 298 20 35 357 41 28 36 208 321 1 80 316 194 79 359 170 183 5 195 138 231 64 119 292 328 56 25 304 346 218 119 176 198 323 17 348 302 121 170 215 306 97 120 29 163 203 174 163 69 
32 163
28 93 63 332 238 343 333 248 343 131 9 333 15 83 49 229 5 49 222 24 23 66 271 195 7 88 220 67 100 145 239 161 
17 191
79 197 138 129 262 6 40 46 56 220 111 326 290 346 132 350 151 
108 67
201 219 169 94 213 105 186 127 224 42 295 270 80 42 134 204 306 336 172 242 168 96 185 338 296 128 216 265 62 344 63 64 37 342 12 159 115 249 345 147 60 318 191 327 43 278 305 351 192 281 351 353 328 73 28 208 93 234 316 133 25 23 4 289 93 184 114 223 311 304 216 29 237 178 328 70 32 130 190 5 41 120 293 251 165 308 240 98 333 253 75 251 186 60 357 28 69 206 109 279 314 151 200 45 64 280 349 244 
324 323
330 244 253 163 332 326 132 300 79 81 268 53 58 353 221 309 113 340 308 31 81 209 183 131 57 60 322 165 348 114 105 245 301 173 71 274 213 214 346 265 305 342 52 21 136 42 316 164 120 345 200 327 61 335 62 104 92 19 229 94 235 241 199 115 43 214 258 185 235 333 81 285 319 31 148 138 16 226 166 281 334 12 143 185 150 272 195 29 154 0 331 322 265 318 228 324 338 253 16 88 35 105 92 137 264 338 149 138 92 328 77 6 112 85 133 50 242 344 308 245 202 1 94 54 191 188 30 145 2 181 22 6 121 5 148 254 171 321 155 171 262 352 139 56 98 195 22 260 352 325 321 308 337 89 323 224 328 80 286 244 42 119 341 275 39 116 120 135 267 120 138 101 10 246 214 344 148 190 153 299 166 130 48 322 131 6 310 5 206 158 359 163 255 164 186 15 134 182 289 286 143 51 213 216 232 347 233 179 261 25 191 209 71 0 173 273 58 316 31 77 79 263 162 48 179 138 138 33 218 143 301 190 142 190 288 156 284 188 18 91 170 131 253 200 66 68 249 35 250 114 164 290 89 191 66 203 335 264 286 48 94 90 87 88 241 30 127 311 16 101 295 39 291 295 250 68 207 339 199 82 175 84 179 104 97 141 347 290 13 309 240 28 27 55 32 358 293 20 132 94 184 136 141 81 288 214 52 329 283 329 296 104 350 65 323 320 41 20 74 143 128 163 52 223 
77 85
154 262 187 350 102 294 27 30 207 221 175 254 134 44 135 232 31 101 227 249 191 35 358 300 241 62 104 12 215 248 346 311 133 7 8 34 148 212 184 122 330 165 284 335 127 112 310 166 74 165 149 349 5 0 17 233 156 339 174 267 16 332 152 14 92 292 57 120 342 226 308 108 106 241 39 339 97 
28 140
242 142 66 54 196 276 270 210 343 232 121 15 184 29 51 32 289 183 332 326 167 284 38 191 208 353 141 111 
192 114
162 263 70 271 55 286 113 230 129 103 65 59 104 160 42 262 252 49 277 40 36 219 266 286 22 50 318 355 40 19 82 280 199 351 286 220 2 314 68 324 109 108 324 348 84 344 325 155 98 144 34 347 239 8 292 135 42 170 324 245 306 42 92 114 16 308 132 334 333 329 119 243 147 265 312 211 139 107 329 47 130 335 322 226 114 238 114 210 236 269 156 349 93 160 270 242 231 53 42 165 311 1 318 23 121 127 168 158 79 172 215 192 2 326 301 29 209 207 247 303 150 128 73 214 43 195 120 58 265 197 157 263 191 34 4 248 74 22 135 284 147 274 45 0 8 300 56 60 86 257 115 150 342 236 347 146 317 19 171 255 156 75 113 128 12 215 343 301 306 293 187 84 146 326 289 187 99 313 318 165 274 171 67 299 203 102 307 321 320 356 27 88 
357 345
306 301 324 317 200 204 254 80 3 260 267 28 36 132 32 155 252 343 168 280 169 24 215 186 170 171 70 99 302 44 24 209 184 252 220 51 269 317 350 312 37 11 242 15 147 213 355 289 67 178 165 122 100 79 257 124 28 6 323 335 49 112 195 319 22 334 317 245 266 64 48 111 263 86 135 267 58 323 17 201 139 195 72 345 148 75 142 330 224 224 43 50 204 202 255 67 243 83 347 208 222 132 345 338 298 82 109 12 198 256 198 85 306 150 3 280 214 170 197 353 174 28 146 297 357 165 101 347 9 241 323 17 64 66 34 153 304 139 192 291 252 279 96 56 212 237 73 195 3 206 293 69 213 86 72 172 228 65 89 135 66 46 110 214 94 191 192 249 73 299 287 331 214 359 139 184 68 182 32 251 165 215 263 206 116 104 293 315 129 186 133 227 270 153 274 304 239 207 109 101 142 141 145 277 345 136 30 40 37 284 185 331 64 145 225 305 275 149 232 142 18 26 267 75 53 279 91 252 164 9 71 269 57 284 357 187 270 176 283 293 60 226 342 232 161 213 188 122 174 257 4 68 283 235 238 93 33 233 39 186 167 254 260 339 187 53 104 77 211 208 307 77 252 120 163 28 359 255 183 279 26 183 252 147 295 339 76 310 180 246 5 238 90 302 305 35 253 87 88 336 272 255 239 206 74 5 225 83 306 353 11 337 95 178 233 106 195 156 49 187 210 153 60 351 111 59 93 86 323 124 191 42 61 59 152 57 190 165 264 113 153 38 168 3 99 284 134 52 192 21 9 11 232 67 163 6 288 
207 99
160 276 339 321 185 119 128 100 113 74 116 74 180 122 59 90 328 240 262 125 68 63 152 144 28 66 221 136 357 321 138 21 82 154 205 157 166 198 94 244 72 263 157 289 3 124 131 287 346 195 162 234 226 307 125 184 199 173 173 272 112 145 269 38 58 295 177 174 53 239 55 234 11 115 162 244 49 40 70 125 327 195 169 263 106 8 269 145 211 92 340 232 307 61 292 279 39 172 60 125 330 335 131 168 353 144 51 347 80 108 143 101 205 109 238 45 246 246 242 353 193 321 4 1 336 196 279 142 153 107 182 189 204 292 253 184 252 274 201 41 111 218 212 265 156 61 245 68 270 110 141 36 70 236 207 235 2 175 7 195 36 251 88 313 333 317 246 16 106 79 56 212 83 156 292 150 13 163 241 219 229 140 357 102 303 175 289 15 336 136 32 129 34 156 9 225 169 300 8 310 21 25 142 15 353 235 9 
239 10
333 255 137 17 71 294 65 326 132 354 124 4 236 8 128 126 331 92 115 156 187 212 338 286 301 141 320 314 109 160 1 215 168 341 132 116 228 321 110 223 73 22 171 120 354 21 344 308 313 8 160 69 170 309 271 198 251 126 300 183 81 138 197 83 234 244 0 191 79 305 355 124 60 290 215 232 300 306 243 159 302 49 161 27 198 218 225 354 139 347 112 96 130 80 251 91 224 210 318 347 75 39 118 247 251 333 128 8 160 193 102 261 303 72 344 263 88 208 124 147 338 311 14 126 202 239 242 328 103 219 219 256 343 9 203 113 273 135 16 350 2 22 167 89 194 96 155 160 8 4 119 28 270 209 346 76 146 227 218 193 7 75 333 28 358 330 120 267 334 266 141 86 184 158 20 232 195 141 41 320 120 61 80 160 153 328 231 111 266 340 54 175 191 310 311 71 331 266 312 270 121 295 335 293 233 266 100 201 106 317 11 286 39 304 43 82 190 210 99 128 257 350 77 155 209 209 180 235 51 345 237 257 95 63 318 131 247 297 289 
338 247
353 153 181 154 26 25 41 132 25 312 62 25 79 131 226 177 167 230 216 6 226 79 21 309 201 345 54 277 355 358 175 101 67 356 60 195 83 310 86 343 198 13 157 300 100 348 267 203 310 19 106 276 207 288 159 224 313 319 24 167 345 127 344 153 152 64 327 305 336 247 324 224 21 50 111 299 245 231 239 154 4 165 166 323 85 113 110 217 68 209 347 252 272 46 44 210 251 357 156 267 113 326 345 167 18 198 111 75 357 182 137 87 135 158 236 297 44 238 117 293 357 70 105 174 263 270 60 260 193 302 311 107 154 14 317 315 94 357 36 227 55 6 98 131 229 16 163 0 199 82 221 345 262 85 9 300 39 350 310 196 293 352 352 290 243 60 261 35 43 350 147 145 125 50 73 180 22 176 116 52 24 335 202 114 15 60 192 24 272 162 83 293 92 180 57 302 194 88 55 339 262 311 127 335 354 166 81 178 35 309 314 242 227 102 5 61 68 126 12 346 314 175 103 343 166 33 333 356 5 41 205 221 348 338 134 33 283 90 60 251 75 330 55 100 102 95 132 129 280 120 139 250 276 12 264 100 281 162 190 14 59 221 82 359 202 6 39 103 0 250 88 228 305 152 82 358 132 1 88 13 314 232 311 106 250 108 117 167 308 259 56 318 157 69 69 97 269 157 213 340 100 271 100 203 191 112 155 189 216 75 298 178 214 5 200 191 302 288 71 148 210 25 112 143 204 276 48 342 312 334 352 37 91 269 244 264 96 114 
34 3
327 47 317 77 221 119 95 203 213 339 217 53 10 356 331 266 158 20 338 186 102 55 52 340 23 284 121 156 352 11 181 322 85 359 
22 167
60 315 180 258 213 321 351 26 168 332 326 313 325 266 84 295 271 213 351 334 300 17 
244 19
133 137 174 312 317 93 127 93 13 6 10 358 35 58 298 123 211 140 161 214 331 128 79 91 259 79 353 61 249 323 82 266 105 255 284 161 203 305 133 144 95 48 91 177 95 326 77 107 110 311 217 219 31 39 19 330 277 209 232 60 152 71 294 227 268 124 359 302 152 221 72 39 24 216 139 152 161 112 131 316 237 39 265 185 151 42 119 143 144 307 182 306 0 267 238 81 158 41 123 271 206 120 173 149 98 331 21 325 63 249 282 71 145 347 321 305 26 280 308 13 212 135 285 276 289 278 320 277 333 285 331 345 199 196 58 64 45 105 24 183 36 41 37 85 200 61 264 99 349 64 241 235 163 210 299 231 71 98 270 113 138 54 227 135 318 73 342 150 124 8 239 330 12 62 136 34 28 67 331 252 3 184 125 276 98 337 79 176 83 110 47 317 32 36 148 305 235 318 121 346 266 116 250 8 292 356 63 351 81 39 12 249 236 50 6 218 342 120 79 10 207 262 85 307 112 227 210 176 263 323 274 46 150 296 233 339 227 206 238 192 105 11 55 91 
188 120
199 274 183 4 356 37 59 238 311 23 244 39 276 173 274 106 72 141 125 228 79 31 223 307 31 186 233 26 163 262 219 343 19 230 195 247 285 94 0 284 99 141 254 303 236 25 302 287 62 316 289 129 180 161 17 192 172 176 137 288 316 30 285 105 298 271 291 164 221 315 40 186 312 89 204 105 295 357 87 192 191 9 332 128 103 32 93 241 309 142 138 86 122 259 69 7 155 272 273 1 260 32 321 316 73 139 306 131 125 57 54 294 252 96 266 50 352 78 300 146 235 157 305 289 200 319 99 11 295 124 43 127 69 275 72 89 74 299 254 75 311 11 85 57 353 103 0 54 50 110 213 142 274 341 40 278 357 115 107 320 152 221 315 312 206 343 81 167 165 182 335 103 143 70 247 283 303 219 344 216 19 205 223 92 9 50 160 131 
47 139
71 45 39 187 42 98 222 249 133 355 233 15 243 146 358 151 274 308 114 199 126 230 25 342 293 241 187 190 22 303 228 70 331 150 276 274 327 187 295 246 22 254 157 142 18 62 178 
51 49
109 106 40 266 215 84 273 130 57 20 83 107 68 302 19 56 73 128 336 35 11 194 117 77 102 307 111 47 29 57 156 359 148 159 222 93 199 65 24 119 138 234 10 173 76 110 196 48 181 95 311 
290 62
33 36 12 28 84 286 216 135 214 324 211 228 20 183 60 200 298 352 315 15 72 267 223 215 232 333 226 319 244 275 299 166 255 211 256 33 80 193 41 56 312 347 59 51 223 239 106 66 160 123 123 285 309 357 214 136 54 328 53 182 300 272 53 8 46 357 253 300 352 100 51 211 346 273 226 32 220 225 52 302 241 233 259 101 355 115 142 169 79 37 208 261 68 272 89 152 138 169 111 335 14 3 136 92 341 89 248 312 207 319 240 132 322 13 113 294 189 264 63 85 213 37 276 240 33 257 166 314 77 351 324 312 237 53 242 227 118 71 298 199 58 137 27 266 330 85 349 198 221 260 245 133 284 316 231 76 213 126 151 126 84 144 157 99 7 257 13 306 172 86 286 122 38 41 252 21 247 100 95 99 53 65 321 133 6 275 90 210 124 75 312 345 28 321 219 69 64 209 112 60 23 96 57 130 223 30 114 223 134 328 179 310 37 333 153 225 188 248 251 244 84 32 16 178 301 141 117 248 343 301 57 35 80 151 68 131 112 181 79 299 196 21 221 351 13 324 290 99 179 341 146 156 91 6 346 194 163 19 171 30 141 144 128 359 289 213 11 78 217 280 135 203 305 231 359 105 224 110 348 321 171 253 315 255 331 331 240 196 270 145 
13 286
8 66 330 339 175 311 357 159 252 292 251 188 146 
113 267
155 282 280 310 308 130 326 75 78 16 191 43 302 138 303 74 269 325 283 179 50 86 213 212 251 98 255 15 235 313 66 126 345 209 197 189 268 64 89 40 89 130 196 289 190 199 293 27 100 12 45 76 169 295 179 0 301 259 327 153 226 197 291 307 196 289 283 110 348 70 321 69 278 311 258 123 214 185 345 267 242 268 46 136 136 80 185 154 313 191 204 328 118 13 89 62 284 298 70 321 261 40 106 173 287 344 257 15 193 30 356 189 17 
217 8
219 238 134 261 158 88 346 254 88 3 271 217 33 189 234 46 131 42 130 244 70 217 21 290 103 199 244 16 198 281 70 319 215 314 334 216 195 162 312 105 94 222 162 4 24 4 124 258 71 107 267 282 2 286 179 274 9 113 208 19 151 84 173 165 37 191 279 26 277 38 162 186 357 154 74 117 221 28 293 346 133 194 358 157 123 121 254 59 148 237 252 156 35 51 238 57 38 89 139 358 208 188 122 53 257 261 235 35 187 158 159 169 319 345 161 233 74 332 57 199 332 99 328 9 15 287 62 133 84 0 181 171 172 349 64 319 15 163 288 258 16 316 311 170 251 20 29 358 206 307 255 310 223 170 22 223 195 261 139 207 14 25 162 195 41 291 94 250 250 112 78 192 151 262 85 96 37 79 334 269 145 240 215 299 93 135 316 285 136 121 3 214 241 70 337 142 327 224 264 113 26 19 146 103 254 211 186 97 187 161 221 116 279 91 357 110 359 
20 120
186 299 348 15 306 82 333 186 275 349 146 198 38 118 355 350 41 178 189 71 
301 12
179 119 146 160 170 84 46 137 249 23 195 177 87 102 148 162 100 17 310 72 69 249 210 265 230 17 304 87 223 160 179 4 232 258 229 174 113 160 49 91 66 66 284 104 153 15 200 229 42 333 71 143 235 285 82 107 270 174 233 327 74 347 181 192 157 306 86 175 124 340 205 102 239 42 142 351 271 26 210 185 33 63 152 20 130 337 170 27 195 250 321 95 1 65 233 0 260 317 309 134 62 95 37 210 312 329 274 208 47 246 29 65 104 94 324 54 186 346 153 129 157 92 160 18 306 261 114 130 185 77 62 264 198 200 153 313 11 353 308 193 80 329 232 258 257 122 64 173 144 173 149 146 198 107 14 210 165 45 49 64 353 35 264 51 9 178 130 103 199 286 253 254 349 258 115 211 56 295 267 285 325 351 19 240 161 212 235 11 271 163 293 192 234 350 277 141 117 336 114 157 66 283 113 16 231 11 111 0 355 319 356 50 61 300 339 258 174 325 53 104 231 59 241 350 239 60 151 283 341 323 201 103 283 256 126 297 140 318 115 43 36 288 265 215 81 330 40 183 79 177 163 26 70 195 48 4 47 2 198 6 132 236 191 313 337 165 28 234 262 122 303 196 326 333 183 309 334 32 146 28 260 267 319 308 143 252 312 98 96 201 128 286 343 167 311 110 240 208 191 257 75 
171 18
306 193 81 347 111 345 201 232 286 230 65 124 249 219 236 91 321 66 203 308 99 323 29 293 231 179 302 317 257 218 86 198 24 172 100 148 20 19 82 204 88 260 251 334 326 85 282 71 23 89 202 338 143 4 296 190 198 99 195 175 27 197 358 210 134 327 13 98 329 68 173 3 314 137 137 27 219 127 177 29 355 136 275 342 356 270 297 280 32 144 316 157 207 38 299 117 81 11 38 21 317 320 274 165 262 292 169 146 290 208 230 77 147 112 38 338 353 324 327 350 286 227 272 186 27 53 48 247 13 198 298 135 268 181 354 59 69 345 345 42 58 13 3 218 191 323 58 55 37 241 11 152 264 149 198 19 185 341 143 134 281 302 302 198 288 205 286 67 213 307 78 
180 275
257 163 60 125 132 198 248 213 201 269 74 300 177 206 166 296 304 264 69 309 287 182 276 90 341 355 252 125 166 137 181 110 300 337 280 70 354 8 76 309 71 0 227 214 191 300 74 321 27 295 44 38 158 182 325 179 29 237 67 230 169 5 266 38 84 100 191 296 153 133 145 329 92 287 183 171 37 164 338 76 280 217 161 195 32 265 148 232 13 306 338 154 260 0 348 279 265 48 344 335 351 173 222 118 222 350 95 112 159 39 318 316 121 284 258 257 342 250 337 303 244 356 11 65 352 219 355 303 300 33 5 53 204 43 297 98 21 80 133 258 96 353 226 53 152 257 98 357 176 37 259 210 311 306 18 239 308 283 265 110 217 73 196 88 105 290 355 64 313 20 236 198 119 172 210 209 239 350 136 329 
