32
349 32
68 264 27 9 276 59 350 56 214 166 268 293 332 244 194 122 161 120 261 181 14 205 68 245 120 102 322 305 199 109 173 20 33 177 156 65 174 189 353 179 42 263 298 79 45 275 181 229 203 140 127 220 193 153 47 124 169 283 121 229 232 283 100 184 278 47 192 214 54 139 320 100 158 327 258 227 297 329 15 83 196 136 68 193 194 54 178 177 312 118 272 357 354 287 336 107 196 76 68 184 213 134 103 188 113 148 261 208 120 291 301 204 219 272 4 305 306 265 259 15 267 261 195 190 44 238 22 355 153 156 118 274 100 315 281 334 315 44 115 84 306 57 219 314 190 97 224 351 170 136 256 176 115 179 265 150 215 147 334 281 69 146 265 56 199 41 228 93 356 171 276 141 281 171 50 128 156 344 350 214 106 328 109 36 51 69 325 12 258 92 49 14 94 14 356 352 287 137 197 165 5 296 136 182 131 307 120 260 268 68 140 82 302 189 312 221 280 137 62 269 160 25 107 65 217 179 354 143 75 143 223 274 46 155 51 97 240 273 329 13 216 144 304 19 196 322 200 296 335 282 277 277 140 172 190 266 35 313 92 186 277 337 337 208 320 299 196 68 72 254 115 71 241 56 349 302 323 142 145 78 198 52 46 131 241 0 147 180 344 26 2 91 46 235 317 264 346 246 94 232 215 18 232 255 323 173 140 239 61 46 153 238 135 295 217 213 358 299 26 317 9 15 191 341 157 153 290 181 124 202 353 354 284 264 102 222 128 83 327 243 13 279 283 344 150 295 42 55 85 
294 207
309 240 304 303 153 246 266 194 99 145 21 186 157 278 339 153 342 305 155 181 344 221 116 10 302 93 230 275 311 77 186 320 249 112 32 187 295 333 222 225 96 241 336 60 167 164 75 245 125 38 188 312 79 112 145 11 176 113 208 231 251 185 41 180 307 159 27 109 198 48 55 124 305 139 288 212 291 320 246 349 3 213 20 301 341 79 274 92 326 51 163 353 349 19 32 168 81 17 74 191 66 153 226 55 164 108 294 132 246 303 122 108 73 35 356 232 134 0 317 75 263 283 117 352 268 98 203 260 327 129 310 225 52 320 278 77 238 137 287 244 270 100 151 38 130 251 68 354 303 171 66 342 274 77 220 134 359 170 37 38 326 172 232 319 259 55 236 319 282 11 243 261 85 260 321 275 144 223 146 178 86 217 338 289 231 353 166 141 280 119 134 167 211 351 144 323 164 187 27 354 335 97 201 328 147 181 274 91 133 107 214 115 333 32 290 44 107 294 77 53 80 70 265 74 7 177 60 23 227 35 216 184 352 251 348 340 42 39 27 150 146 150 291 160 319 352 330 333 203 328 5 8 98 51 184 157 179 191 282 219 178 175 71 127 307 231 287 351 11 344 47 231 340 48 339 184 24 224 177 95 100 282 311 297 251 152 24 104 212 67 303 231 170 127 
327 104
114 195 37 153 246 24 152 152 113 71 68 124 346 324 194 88 353 71 168 294 303 110 63 30 25 78 179 70 190 262 70 270 305 114 134 328 62 347 71 297 314 341 209 9 20 316 250 308 86 283 221 350 229 156 108 267 67 178 275 252 358 87 65 329 275 190 254 20 216 125 138 167 310 333 300 214 55 79 135 296 166 14 278 237 308 71 263 347 56 43 327 177 223 318 145 271 238 31 127 126 41 289 216 85 201 269 239 196 198 125 42 22 94 297 225 42 49 295 298 263 323 83 164 123 344 146 206 268 239 252 272 254 126 145 66 196 37 62 142 77 145 91 49 27 138 174 316 184 320 295 247 341 325 15 71 159 22 210 191 204 4 40 124 353 59 20 157 164 25 234 103 285 129 63 230 144 195 157 281 121 204 11 308 159 46 210 315 240 255 87 99 270 228 253 71 94 261 250 203 63 13 307 129 242 32 280 197 323 291 240 80 241 74 40 53 195 34 160 146 107 244 266 30 341 283 237 79 282 140 140 266 165 72 344 315 358 88 280 317 222 54 305 1 338 188 172 212 49 101 246 312 234 348 276 73 40 70 74 300 315 337 104 192 116 158 35 254 344 336 14 147 85 273 189 105 55 49 47 330 55 132 88 113 164 25 185 286 302 231 303 306 94 339 241 92 340 55 259 346 151 254 169 237 194 163 75 316 294 288 351 176 332 72 61 5 95 262 234 285 118 98 330 213 257 233 166 265 
58 54
342 315 306 74 303 317 93 317 337 149 348 48 79 245 142 61 62 122 17 179 240 237 156 126 76 71 31 3 359 303 174 120 148 215 37 160 299 66 110 46 46 35 93 334 197 128 48 71 312 15 41 55 250 58 88 145 138 50 
142 209
117 350 230 243 17 345 93 108 264 34 329 149 283 263 48 58 344 289 155 346 337 1 54 114 283 235 340 188 314 189 271 127 218 105 326 334 301 316 118 70 150 263 78 233 22 220 288 222 255 326 25 51 240 187 83 114 154 86 229 60 297 199 217 175 56 214 337 88 357 172 82 231 103 197 116 208 20 196 204 25 301 230 338 307 183 8 262 264 141 98 67 104 93 170 320 147 330 133 200 356 356 149 343 210 111 2 359 351 58 166 98 60 165 134 246 156 248 55 129 350 340 149 245 195 206 21 0 273 285 115 304 219 228 153 255 352 314 277 178 320 239 14 
217 260
29 5 295 253 174 265 180 344 284 7 170 216 318 183 54 240 208 247 95 72 117 187 176 37 103 153 91 123 279 257 14 323 15 238 239 46 15 229 320 128 143 114 15 351 72 40 83 263 8 135 327 179 162 174 237 327 56 357 167 332 169 254 355 315 273 271 282 321 45 127 136 262 30 42 171 119 85 4 191 131 243 210 133 98 27 58 343 11 203 73 77 342 305 121 177 243 11 343 264 200 136 264 287 185 207 206 349 38 279 140 165 209 115 106 105 240 223 286 252 86 341 218 148 140 165 350 169 356 317 101 179 201 127 56 107 84 76 270 43 96 16 183 69 306 177 120 203 93 82 342 30 90 292 303 221 7 275 136 177 99 305 20 221 308 173 121 268 204 107 18 142 148 104 355 202 94 44 214 60 35 233 39 289 149 143 349 36 337 2 327 254 38 59 312 251 351 76 171 182 58 14 96 319 312 170 278 91 327 359 250 318 143 260 193 47 209 193 
198 218
152 354 348 291 154 344 38 149 265 24 67 89 264 343 242 37 142 257 232 205 318 31 29 295 213 230 277 357 118 128 60 301 186 1 321 344 352 165 132 150 103 76 221 211 46 351 207 271 155 223 248 99 221 314 126 91 52 77 150 265 297 330 58 254 63 42 208 124 154 70 166 52 22 74 175 323 93 270 192 149 145 44 260 308 119 131 17 302 189 103 290 109 224 278 247 284 68 55 49 98 345 138 340 293 308 12 289 36 110 39 150 38 70 357 122 138 217 192 109 239 214 79 168 175 199 257 273 101 254 145 190 238 79 0 345 121 241 66 107 204 90 147 226 159 210 161 273 278 72 48 90 243 294 333 288 209 26 202 337 299 310 339 104 154 176 120 20 343 51 18 228 120 225 255 289 265 44 61 232 21 324 280 44 17 75 73 312 294 107 232 271 190 298 287 25 148 58 271 
194 316
153 138 146 43 98 169 336 81 52 243 155 40 185 163 28 239 80 14 7 298 280 240 266 105 286 183 122 136 114 193 256 308 6 137 56 226 172 295 126 149 243 106 318 152 284 334 14 27 131 271 237 150 123 56 226 8 39 116 131 147 95 311 135 45 146 208 106 67 153 116 213 334 163 172 191 264 320 162 306 157 150 3 206 304 33 125 353 104 276 12 197 319 0 169 148 97 46 282 180 312 45 104 194 133 214 12 353 196 294 252 45 204 283 29 328 165 261 237 54 225 182 263 127 310 216 160 239 265 123 109 80 263 199 338 198 22 132 288 19 52 246 262 123 266 244 119 132 324 105 59 282 264 331 9 136 221 48 93 275 86 177 56 67 247 226 191 62 33 132 333 247 153 355 170 206 74 55 291 97 277 327 303 324 261 23 277 124 258 35 201 296 105 61 12 
325 78
274 29 203 218 189 341 335 201 186 30 25 324 146 210 52 127 213 318 141 345 222 89 219 267 59 135 225 23 299 342 129 325 225 181 143 298 286 318 319 284 204 27 147 258 200 82 31 57 194 196 242 43 211 221 25 204 258 323 210 120 148 192 261 350 15 62 296 327 217 187 179 268 223 224 306 291 228 275 313 311 120 243 282 7 149 50 230 241 78 229 348 179 258 341 120 27 249 201 246 138 239 175 105 15 137 65 162 76 61 115 310 75 71 256 286 162 87 344 137 341 245 299 228 294 3 4 348 96 243 284 317 105 355 50 312 264 221 308 264 168 357 69 233 200 248 130 78 159 241 297 47 135 297 155 127 228 222 13 336 163 253 324 67 91 99 44 167 169 134 102 93 82 131 199 177 331 70 237 323 218 73 108 351 214 220 94 50 118 140 298 319 70 232 348 121 317 176 298 288 97 62 198 205 60 79 240 9 124 199 201 67 97 6 91 12 308 224 282 134 114 169 236 299 307 69 54 15 143 32 67 206 70 126 161 5 148 43 325 40 236 77 22 305 137 199 168 345 181 219 8 4 16 212 69 172 186 292 170 149 109 188 250 289 85 8 131 6 21 176 6 354 155 302 172 156 270 354 107 102 83 221 125 354 334 255 354 356 81 97 244 232 23 11 302 278 54 246 211 265 318 246 77 151 237 13 251 356 98 24 358 312 20 200 225 12 185 88 118 180 312 59 145 134 136 242 
112 159
285 280 280 100 22 94 48 260 331 333 52 144 124 4 338 214 249 343 282 28 20 23 352 191 154 302 78 209 349 186 216 18 90 177 240 203 295 167 139 114 57 73 192 40 290 300 322 290 238 65 142 265 108 127 304 143 132 321 274 350 96 154 97 254 146 288 102 186 296 96 62 40 62 46 182 169 31 106 54 287 357 203 194 127 283 350 178 345 186 117 34 228 264 172 260 286 183 345 245 64 60 308 265 225 195 215 73 52 309 327 7 84 
126 311
177 234 214 221 141 195 316 292 51 300 162 219 232 18 32 13 81 100 115 350 22 158 116 248 127 64 315 322 286 126 75 146 163 131 280 184 286 167 128 283 69 225 61 164 277 309 253 245 354 328 83 335 127 316 58 11 24 116 15 48 105 111 205 279 14 91 34 89 172 56 189 18 36 269 1 263 242 79 112 332 44 147 48 114 104 254 267 243 107 235 289 28 115 286 268 73 32 92 122 131 182 138 270 19 55 50 230 171 257 307 183 193 170 72 327 158 169 299 127 72 230 187 262 148 304 347 
256 93
96 162 133 41 99 304 225 226 351 270 328 186 24 75 167 115 67 75 76 108 258 324 279 284 65 144 154 9 153 25 303 23 24 220 76 313 96 208 191 262 200 234 232 88 277 347 34 44 32 20 19 69 208 150 27 255 212 96 227 11 326 107 274 37 159 25 39 265 29 147 78 332 335 152 173 285 118 316 54 83 355 234 191 178 9 291 85 43 136 77 200 48 45 137 210 157 101 137 352 23 111 142 287 58 81 184 24 52 347 281 107 281 46 15 41 213 159 168 337 236 63 234 220 95 126 63 333 162 82 156 160 169 29 102 80 209 13 32 174 1 341 32 318 273 123 136 7 74 131 316 110 202 215 309 83 261 151 320 156 354 75 226 0 126 5 296 284 216 156 212 273 322 153 318 95 31 282 259 345 69 322 27 347 94 176 112 285 268 87 21 154 358 321 100 10 92 18 101 294 155 209 112 73 292 202 255 221 296 349 321 291 107 113 332 288 316 243 312 50 17 338 72 160 344 68 199 39 248 39 325 356 215 310 176 1 312 316 121 140 303 95 256 208 156 123 351 222 295 344 136 186 38 343 332 214 73 
210 182
212 11 287 82 339 273 304 213 305 233 55 38 203 135 103 81 180 6 232 197 292 261 296 40 10 201 181 4 74 174 263 353 301 80 241 108 286 57 134 233 234 283 271 170 199 284 146 23 95 226 96 192 146 289 38 325 28 112 65 89 13 97 16 71 146 101 64 133 43 145 88 142 129 14 326 298 108 101 125 184 140 209 105 335 172 66 262 294 9 328 271 173 185 36 120 223 306 113 21 322 221 346 104 127 219 340 332 202 76 161 74 140 9 239 117 170 181 148 9 248 187 132 241 177 262 59 232 52 284 50 22 299 326 335 131 266 277 248 286 94 164 334 221 42 19 277 114 203 349 156 172 74 144 140 67 179 201 199 96 202 54 154 228 210 169 267 301 266 19 233 218 134 151 198 138 148 132 81 304 156 201 275 154 127 143 3 44 162 204 52 138 151 1 313 337 93 233 76 57 37 358 237 210 40 296 282 183 200 141 153 
33 303
34 128 8 349 211 14 181 32 198 120 187 265 298 109 86 248 15 26 21 145 95 129 89 358 15 152 135 41 27 219 236 54 303 
14 195
266 308 31 234 160 301 60 27 171 103 310 356 349 24 
163 251
185 204 321 198 334 183 119 104 206 190 122 208 195 70 306 264 236 150 152 276 218 245 135 147 158 224 232 104 106 54 70 175 303 146 345 319 79 128 54 21 176 295 192 313 201 242 64 240 157 244 209 51 214 153 313 309 153 135 262 154 213 22 113 217 18 249 351 214 145 336 17 347 292 104 107 224 149 188 196 178 273 74 253 324 52 164 291 144 83 303 3 359 107 209 133 318 6 136 125 86 169 67 323 36 82 119 215 163 100 214 349 196 32 333 102 337 312 196 106 314 336 196 164 287 129 213 72 41 160 319 138 21 293 42 338 206 127 80 195 133 287 165 211 262 32 165 150 355 147 11 128 266 144 174 281 355 175 184 232 335 270 85 338 
301 125
319 147 327 158 239 341 299 203 167 264 256 154 304 341 312 278 189 106 279 260 99 95 156 222 194 102 16 224 345 114 116 267 343 354 20 305 289 6 215 230 260 337 135 80 151 10 106 25 284 256 57 240 153 56 195 162 181 162 97 269 30 73 158 259 282 118 308 79 328 58 261 92 320 248 317 266 262 43 172 300 271 52 170 94 31 229 346 73 0 228 71 291 76 203 187 92 252 10 316 285 94 191 111 198 205 269 40 236 69 275 124 82 232 262 52 26 99 293 227 257 13 53 15 338 284 200 262 199 92 261 18 42 135 128 341 168 203 257 124 283 205 243 346 147 231 152 102 266 142 69 326 198 134 287 300 348 148 253 301 147 12 294 96 308 285 66 129 7 97 96 208 193 115 201 77 345 240 31 245 342 90 29 288 164 255 202 197 314 252 41 133 220 60 165 175 320 268 140 288 261 53 85 356 318 319 315 274 109 20 7 171 203 304 251 328 38 326 137 110 287 317 149 69 204 227 322 98 151 212 296 127 123 350 356 188 255 296 28 235 197 21 209 262 96 233 197 161 109 155 215 248 284 135 22 341 337 296 233 158 61 205 307 237 199 251 260 115 98 212 126 326 341 4 139 4 250 191 307 272 149 311 242 302 146 259 55 109 83 331 246 95 299 180 68 1 283 104 114 152 317 285 
6 51
185 200 269 150 31 246 
79 83
91 198 8 64 102 351 316 129 0 21 273 103 320 23 95 127 315 153 25 242 64 352 359 172 68 346 250 93 0 172 196 199 172 253 183 305 310 233 326 351 36 314 29 164 47 195 208 152 283 121 324 154 170 323 268 338 359 349 322 257 113 215 75 258 320 221 108 98 146 273 31 134 5 63 340 271 80 250 140 
190 287
93 112 354 357 128 317 36 102 317 167 290 52 358 88 110 309 51 274 121 51 89 151 278 46 69 264 256 356 332 87 94 84 73 302 210 2 351 341 145 182 280 148 152 153 258 310 112 251 343 358 227 250 140 209 150 0 289 109 309 310 226 147 310 52 41 104 263 2 248 211 13 61 65 291 325 17 198 318 203 163 143 204 192 36 76 36 57 117 219 333 116 104 114 179 313 84 76 166 246 81 163 344 256 309 278 80 0 171 143 96 81 68 110 4 204 180 336 85 323 112 151 97 280 190 209 25 99 264 269 352 99 3 25 250 202 167 324 31 126 109 284 188 123 136 115 64 4 307 48 9 40 30 22 239 189 282 235 8 323 87 115 42 335 99 275 289 245 171 73 53 41 188 165 95 65 201 313 277 153 320 253 71 279 247 129 353 161 116 146 344 
316 131
224 283 212 148 186 132 93 77 123 292 233 252 351 80 137 239 210 155 322 265 125 184 107 338 307 118 147 62 330 95 126 265 48 277 272 245 221 210 253 311 52 207 72 314 293 275 143 318 308 273 37 176 179 286 291 88 126 107 347 295 120 158 224 179 210 91 188 308 151 272 66 348 223 252 120 148 180 135 180 70 137 81 219 218 296 27 359 195 184 160 170 81 71 68 8 232 287 327 31 85 272 344 173 314 54 60 267 114 357 275 142 216 255 222 328 93 213 198 288 57 269 223 280 81 269 57 87 74 306 46 147 101 173 125 37 302 69 110 240 32 228 228 11 333 5 351 1 155 141 76 183 162 279 191 304 25 228 316 3 160 77 237 17 190 125 56 112 358 260 111 237 59 128 227 148 25 110 162 140 332 201 182 170 228 235 144 161 224 269 246 92 138 276 84 47 41 39 142 264 339 277 317 55 235 235 261 319 259 220 4 145 176 190 163 67 296 147 71 223 26 149 27 53 215 25 101 133 124 230 163 166 251 184 114 355 289 279 159 305 16 91 58 48 62 330 16 152 61 351 246 190 331 105 344 295 64 314 348 72 345 301 63 158 17 24 63 39 121 351 220 139 103 193 303 3 69 229 174 168 336 281 292 23 281 93 195 266 239 125 351 6 70 238 29 133 76 93 213 269 234 227 154 88 202 75 238 259 198 338 354 179 300 26 44 69 41 
325 38
257 262 96 301 6 328 355 101 184 3 110 228 242 138 66 53 91 341 331 113 110 179 152 40 188 343 236 73 159 4 211 189 116 143 174 134 38 19 90 101 264 98 69 158 122 174 79 353 251 132 84 242 225 236 190 182 170 242 172 48 357 60 13 37 11 305 144 280 64 138 215 166 270 157 174 229 128 273 356 321 269 201 217 72 103 197 285 147 271 351 196 116 77 64 160 316 64 200 175 318 160 86 198 265 60 348 183 151 356 313 37 147 9 334 88 191 74 215 104 271 199 66 1 23 240 103 62 181 23 178 294 252 84 284 303 47 225 301 55 345 74 69 40 246 5 333 245 278 226 165 244 187 83 54 72 41 356 212 311 85 126 103 286 17 160 34 99 91 185 339 331 52 204 1 177 14 91 104 155 184 275 266 294 238 320 211 10 192 291 234 181 102 33 213 85 246 64 317 203 129 270 123 68 89 354 124 39 248 27 231 321 317 258 81 175 313 290 188 22 119 134 206 77 115 308 259 190 340 5 184 111 203 158 115 45 90 104 75 168 308 204 338 241 220 136 343 89 301 38 357 91 103 226 305 251 275 10 53 318 85 182 41 304 105 177 160 113 311 9 110 159 64 298 98 59 61 295 152 193 141 56 207 301 41 233 305 19 294 210 235 121 321 176 44 319 185 172 190 219 232 86 210 56 272 181 295 4 322 346 311 77 186 228 111 72 37 215 161 223 109 4 303 81 113 148 
291 243
271 143 62 251 85 219 304 138 67 165 0 227 57 178 203 96 327 29 50 135 203 36 64 137 226 9 133 39 95 169 91 61 351 164 111 53 174 221 61 300 340 131 305 179 166 18 153 80 158 84 288 61 44 230 337 246 57 347 40 188 110 333 250 209 174 222 34 227 112 21 2 353 211 323 321 153 261 148 46 189 33 240 66 287 333 207 26 305 204 130 254 4 266 28 305 349 247 267 137 161 296 3 359 66 193 182 193 114 186 210 289 60 355 218 51 255 67 207 304 331 209 89 76 193 323 290 213 283 307 286 292 31 188 3 264 302 326 264 254 334 297 164 318 211 28 106 148 140 88 284 73 292 191 221 256 269 314 205 189 164 221 279 104 355 285 124 236 234 176 207 342 248 5 248 132 268 127 78 299 235 107 319 158 304 156 165 174 184 255 352 262 295 183 317 112 103 138 160 151 287 111 160 24 165 46 271 4 290 25 146 207 323 267 0 95 162 78 145 338 155 176 81 248 235 285 249 262 154 247 119 308 347 321 264 264 65 109 194 350 288 197 35 341 226 57 148 314 219 286 48 211 341 86 188 150 165 26 236 269 87 314 166 82 187 236 337 136 23 174 246 139 295 237 66 132 139 164 63 128 232 238 333 26 238 339 270 101 259 281 288 233 
265 58
260 232 315 41 81 170 314 72 154 279 60 192 240 136 83 222 139 241 124 196 29 184 287 114 96 171 1 157 143 107 68 330 143 320 307 348 123 354 109 286 256 283 278 242 214 245 26 356 347 292 52 35 204 157 254 13 21 319 3 113 313 194 32 281 183 230 207 24 339 202 324 182 12 276 217 130 102 324 222 116 85 267 108 128 277 345 105 179 118 14 49 332 287 256 341 319 231 179 170 323 108 105 32 226 78 223 197 324 158 344 32 120 291 232 80 318 33 266 227 245 212 9 205 23 214 200 332 97 184 176 141 330 178 250 302 230 172 97 14 2 105 129 61 165 340 8 58 158 111 176 92 51 243 48 234 311 208 223 257 32 340 333 294 292 256 133 274 242 72 269 34 76 302 255 275 164 296 108 271 150 29 11 4 261 229 60 28 312 245 253 86 23 26 8 242 196 78 78 249 335 71 325 176 187 133 101 141 334 191 278 28 169 91 159 163 347 332 207 58 39 245 257 305 190 217 161 236 127 102 12 125 53 73 127 62 305 24 151 49 86 18 130 115 114 153 210 300 315 27 95 35 146 272 150 164 157 329 38 74 124 150 230 162 349 340 
286 214
210 178 59 125 0 170 33 40 97 192 338 48 104 292 321 208 345 314 112 180 300 60 21 259 359 115 67 193 327 231 262 171 261 131 70 9 225 20 242 234 221 84 250 324 248 107 97 308 118 41 341 329 288 128 20 335 289 93 283 207 135 340 159 347 120 347 24 39 146 250 264 283 65 124 130 208 175 359 83 123 69 338 41 246 359 12 145 203 13 77 286 266 130 182 287 85 338 143 321 54 256 38 98 25 273 311 166 254 293 18 300 75 148 356 55 47 236 34 357 78 242 64 105 208 332 68 101 99 168 46 115 279 48 270 29 171 356 126 35 317 169 27 96 303 171 70 42 92 218 90 316 334 164 160 112 137 253 307 3 251 167 324 106 87 116 7 105 218 98 0 206 171 203 309 80 71 126 2 61 31 341 26 341 129 19 95 13 86 220 167 97 358 126 289 9 316 84 272 245 342 78 8 132 139 77 79 267 196 33 268 222 252 175 93 256 69 85 97 49 232 158 170 19 220 245 263 209 139 195 355 229 191 189 273 284 287 342 139 49 258 354 287 62 106 188 43 231 137 177 311 157 354 311 295 189 258 234 253 101 348 240 136 196 224 328 288 160 114 90 333 32 95 246 281 65 351 54 106 194 309 46 350 204 144 267 267 
72 259
179 10 162 288 161 273 71 125 322 235 354 85 27 20 320 350 7 230 219 318 205 115 189 336 20 93 80 183 242 250 25 233 47 338 218 213 110 100 61 314 90 214 162 61 13 189 84 180 49 177 294 159 304 279 334 23 22 98 299 230 167 160 209 303 136 250 178 301 125 179 201 1 
250 311
96 188 291 212 339 305 71 322 265 241 342 281 320 56 261 172 268 61 216 220 49 299 76 268 184 253 189 355 24 228 158 56 182 48 214 283 57 301 50 7 29 219 176 284 247 340 73 204 140 172 333 4 335 99 313 313 229 71 231 297 196 12 52 167 80 262 24 230 102 89 255 206 222 310 150 321 96 142 340 23 13 78 145 51 295 70 325 274 35 272 91 219 193 35 15 217 5 310 195 239 5 17 346 85 276 192 322 278 38 140 236 61 345 218 35 267 113 118 163 136 288 1 75 268 83 238 170 56 206 250 28 64 320 136 18 186 39 238 107 140 29 252 211 280 259 311 103 329 314 272 113 25 144 119 86 169 165 186 351 7 238 243 316 119 170 352 349 201 69 254 165 189 84 345 271 329 9 80 261 233 251 180 196 293 318 274 303 26 208 249 136 85 187 151 230 250 147 115 286 207 67 151 185 76 9 144 144 263 331 152 174 109 173 117 169 295 208 300 177 18 311 165 229 141 139 196 40 228 196 297 243 279 217 162 284 49 3 247 284 79 348 251 114 214 269 172 56 28 275 131 
278 190
152 14 95 176 307 298 23 347 196 107 320 242 196 205 351 224 256 332 342 277 186 11 73 280 309 275 215 148 275 149 335 311 290 60 332 239 298 253 242 315 267 1 145 215 283 334 57 283 244 227 242 255 267 215 103 223 336 89 254 229 306 51 127 187 351 98 281 234 320 168 85 221 288 159 126 235 39 122 246 63 189 224 96 351 7 117 127 0 192 341 311 175 225 170 156 349 331 215 182 2 239 212 163 213 91 161 38 247 343 249 4 92 51 352 94 302 42 167 244 241 110 62 140 271 11 76 148 255 159 148 148 15 158 155 295 134 178 183 71 244 239 269 296 351 316 145 131 210 219 269 308 213 302 261 183 242 333 41 116 149 183 76 268 193 315 67 347 332 206 315 262 173 145 322 324 236 69 109 22 299 151 336 115 243 31 84 149 220 20 274 193 19 161 151 62 315 335 338 85 82 0 132 18 101 115 319 86 132 47 299 58 40 297 95 238 223 39 166 136 87 106 44 191 19 55 42 191 308 6 105 142 41 346 54 141 86 285 316 334 97 290 249 303 246 191 39 96 210 266 253 26 155 177 43 273 254 210 290 235 143 358 209 46 97 9 156 240 195 317 61 4 201 172 51 257 301 2 277 
35 286
291 212 45 87 210 234 322 269 327 303 333 311 21 126 158 63 93 244 314 24 3 164 347 259 3 318 108 125 253 239 262 50 326 29 295 
319 219
150 181 184 116 35 26 204 10 23 184 323 66 339 229 158 221 293 171 83 18 143 326 61 84 43 306 343 265 146 285 338 84 310 300 37 168 15 182 336 294 114 256 153 278 134 77 219 211 276 29 181 4 285 64 194 330 285 216 266 20 270 100 168 240 93 131 74 77 96 110 156 165 188 338 290 196 317 299 287 263 257 186 205 143 255 270 274 217 179 214 235 335 21 193 121 324 89 350 145 299 318 4 346 116 291 22 235 223 226 225 89 18 88 196 108 345 144 171 216 80 104 82 154 105 65 286 52 308 345 350 163 197 29 244 15 0 135 102 165 104 72 10 95 265 150 338 184 56 315 4 32 350 87 300 109 214 58 82 345 46 310 245 152 137 328 184 233 297 148 107 7 25 230 121 83 179 218 126 302 36 352 270 287 149 8 65 226 122 143 73 100 359 29 264 107 53 193 170 257 132 339 339 35 91 354 75 128 305 261 149 279 320 166 96 270 222 84 114 10 175 26 302 357 289 95 67 130 69 330 184 282 133 275 194 159 196 308 48 119 325 192 32 301 126 240 97 18 71 237 249 196 152 325 292 358 346 328 312 199 6 52 304 238 320 139 318 16 358 310 146 273 42 320 318 27 257 228 225 303 282 98 26 172 96 1 11 90 252 155 227 255 339 288 37 286 114 140 325 68 21 315 140 318 80 112 336 222 256 306 185 287 202 164 275 34 41 25 127 304 
68 270
230 38 238 164 235 71 95 75 359 54 276 329 261 356 17 324 54 34 48 153 105 264 324 299 177 107 288 73 172 317 191 127 107 125 76 119 196 84 195 58 112 70 294 344 191 334 79 199 122 347 129 129 64 63 334 322 95 232 3 350 244 252 143 135 320 184 156 87 
328 358
156 246 7 22 239 213 158 166 273 291 19 203 125 130 50 161 279 315 294 251 88 174 187 110 25 337 293 183 249 324 183 93 53 165 64 17 224 260 121 336 224 47 272 40 154 112 28 331 209 209 102 268 296 45 62 51 214 107 66 150 256 103 249 216 247 188 165 218 249 163 190 119 338 133 158 215 348 27 247 228 76 215 76 282 91 211 98 61 235 239 67 255 299 175 147 106 251 97 17 7 46 84 122 112 313 130 136 148 58 139 142 352 6 286 79 62 29 247 289 194 258 21 245 122 252 52 87 225 270 196 319 107 133 217 63 170 270 178 11 102 90 209 69 216 355 308 77 77 28 70 271 79 70 62 49 319 353 32 96 6 313 153 304 288 169 291 25 181 176 316 109 30 298 282 348 56 240 226 316 7 221 93 225 36 125 141 41 206 212 74 340 244 307 264 133 267 214 85 65 350 40 330 98 305 212 331 37 234 161 121 62 119 85 129 296 248 98 220 67 128 218 160 356 323 293 254 25 212 189 39 273 187 343 290 293 346 219 141 108 74 349 119 193 258 75 50 301 133 118 320 144 162 153 98 18 39 253 219 241 330 163 24 307 110 108 191 1 276 112 264 12 126 358 64 99 61 324 144 45 181 133 312 158 4 292 248 97 5 9 155 67 170 128 85 245 15 117 274 6 220 241 45 10 131 345 332 95 269 233 295 12 167 102 33 237 343 301 43 230 21 200 309 250 105 6 70 85 193 
