36
345 325
275 271 193 135 296 331 141 210 40 132 167 231 335 236 87 124 265 218 96 329 98 298 241 88 209 65 341 301 74 310 301 41 89 100 42 354 216 51 116 196 146 139 217 282 92 190 16 125 333 23 355 150 163 38 38 73 206 95 222 277 59 175 85 343 240 303 146 31 321 228 18 4 62 141 352 154 334 71 65 242 48 65 108 6 75 271 125 246 228 187 212 153 339 354 354 94 338 305 315 139 170 163 166 181 217 250 102 240 280 275 135 251 197 126 244 95 257 160 8 115 260 107 249 168 158 141 65 134 260 306 18 215 33 91 302 46 300 222 238 11 300 71 113 163 323 316 45 10 359 97 273 179 133 155 52 139 59 355 177 53 57 261 22 241 25 297 211 351 347 167 186 281 114 95 98 209 224 66 200 141 158 165 278 194 68 57 245 253 102 281 78 26 79 178 227 276 1 176 302 291 142 235 308 150 305 133 264 187 315 328 310 6 111 285 179 311 341 333 122 66 21 302 171 74 43 101 4 129 321 243 110 183 148 133 49 108 39 79 327 81 108 351 226 40 129 85 345 233 251 143 273 125 90 281 321 24 217 338 127 276 293 129 326 159 14 120 239 333 209 136 30 52 81 164 191 320 202 83 205 155 254 147 227 345 105 234 261 211 139 163 222 174 17 268 26 249 354 103 41 157 12 244 34 112 92 265 173 358 112 28 327 299 180 97 145 86 76 350 243 159 19 218 228 135 359 174 167 117 270 63 325 240 169 37 182 247 2 301 221 213 292 33 287 278 79 
14 234
34 23 126 342 41 206 287 353 347 213 223 256 249 75 
111 200
317 253 333 140 19 9 342 140 91 241 38 346 314 268 319 134 326 145 135 247 259 207 338 180 108 306 10 190 283 334 63 98 130 287 10 141 248 14 311 63 103 83 344 72 337 102 348 105 334 311 175 124 153 314 122 136 352 91 59 13 276 15 346 209 190 108 146 53 309 16 283 222 22 314 149 52 117 49 355 308 297 195 63 325 40 139 342 64 326 229 7 240 234 127 230 21 13 26 235 16 76 283 65 282 344 106 76 293 128 324 149 
179 182
102 346 64 0 212 166 57 10 296 85 135 79 109 27 71 61 123 92 187 128 84 358 137 152 359 264 118 317 90 263 182 66 101 283 234 132 216 86 86 82 80 321 75 241 318 27 15 130 39 221 170 235 119 49 151 24 159 168 190 222 253 5 294 168 151 276 287 237 136 263 117 287 96 225 101 31 117 213 182 344 153 44 63 194 140 261 201 249 302 186 177 169 135 318 292 345 131 200 11 200 42 140 25 86 292 218 289 181 343 278 130 74 254 322 125 207 48 186 170 322 31 245 155 248 322 9 209 106 178 237 216 273 230 289 7 354 313 348 228 317 145 209 332 22 149 327 186 19 134 210 108 164 345 219 59 63 186 61 351 243 341 307 111 274 105 98 198 144 332 259 144 282 161 62 21 350 99 36 39 
18 29
166 152 149 231 241 41 256 158 208 58 49 122 206 315 208 110 222 326 
38 23
41 38 127 335 225 326 154 94 355 4 186 24 272 337 278 263 350 300 76 11 339 338 114 68 84 293 210 317 12 131 160 92 176 287 189 186 289 284 
298 232
286 197 301 58 69 49 238 334 64 14 266 221 245 312 33 307 2 302 124 134 237 3 319 227 184 329 54 251 42 46 145 73 310 38 311 100 338 321 70 51 156 272 341 137 90 319 19 158 87 43 80 159 41 307 191 146 174 184 23 212 284 277 193 1 105 129 146 258 174 298 177 191 120 267 184 57 189 76 309 80 111 334 161 199 250 270 208 237 78 194 240 327 7 175 308 69 160 22 353 69 65 256 59 303 199 170 199 317 294 147 344 258 183 133 193 275 342 39 92 130 27 187 315 243 6 79 73 243 267 289 12 104 306 231 311 182 337 208 220 143 264 311 57 179 280 353 326 171 134 128 107 168 99 172 209 43 182 119 275 47 21 190 176 281 293 60 231 88 71 161 300 325 130 325 354 39 44 87 354 187 231 147 135 153 180 81 339 142 165 252 354 24 220 72 187 125 194 9 342 271 357 333 241 335 259 243 299 122 339 12 238 256 203 40 53 76 292 193 194 246 175 234 160 89 279 34 229 50 179 106 47 83 291 129 20 116 24 33 70 52 160 345 1 217 7 269 80 213 312 17 175 267 212 166 199 96 332 178 278 28 238 22 33 226 236 187 300 40 87 66 207 41 265 287 91 265 34 101 140 116 211 123 341 296 333 75 282 297 6 297 236 239 12 54 280 121 286 90 
216 307
245 111 276 86 321 342 28 113 82 299 217 312 293 95 233 236 150 145 263 89 202 161 92 120 215 357 224 239 127 194 306 198 278 19 253 232 244 123 265 65 300 324 327 20 67 50 46 176 23 203 35 4 326 152 189 0 87 109 293 348 358 7 281 310 87 295 80 207 234 190 239 81 156 48 65 8 199 299 221 344 240 70 266 345 175 233 100 109 266 55 1 198 12 136 95 168 82 299 241 321 240 284 189 152 357 293 52 127 106 227 218 189 158 247 310 48 2 130 144 98 103 251 166 183 277 237 111 57 148 227 2 210 260 23 167 129 186 43 88 310 30 252 31 60 222 199 266 314 49 260 261 195 5 44 299 219 356 53 162 56 39 281 354 283 66 23 352 347 39 265 93 28 266 323 237 228 65 126 219 348 173 110 53 295 91 192 216 269 183 264 10 334 168 305 203 96 80 120 309 138 198 36 79 175 11 48 262 41 14 286 162 119 80 33 193 31 
47 39
353 115 85 356 188 18 317 250 167 331 141 155 57 155 132 312 332 307 247 338 92 252 280 159 97 338 76 147 332 166 242 341 279 237 279 342 97 257 259 94 126 284 353 90 71 298 344 
173 108
52 148 310 229 177 164 36 96 68 180 237 294 201 284 143 182 125 80 65 299 53 265 317 282 136 207 316 103 332 25 151 47 191 232 92 237 180 48 257 225 96 137 166 319 328 22 88 230 144 59 352 202 257 291 21 346 252 270 214 256 148 357 119 177 343 234 311 98 199 312 263 322 169 80 320 331 135 294 126 347 157 70 172 309 1 73 293 223 308 17 254 333 142 214 40 235 125 210 323 133 149 16 131 49 243 37 228 339 89 66 23 329 89 147 145 152 222 45 338 277 316 246 310 68 165 39 120 28 119 80 116 114 249 102 65 97 68 289 342 343 257 299 285 242 231 30 261 165 291 358 151 272 160 255 100 313 298 162 88 154 235 334 330 303 321 331 203 34 265 126 284 15 98 
33 101
214 335 145 128 21 137 121 55 65 303 111 299 43 274 1 195 318 38 97 226 344 357 128 69 340 289 0 307 326 195 342 97 281 
136 4
79 355 50 94 231 235 105 58 131 105 317 293 107 53 321 83 91 192 47 4 77 131 79 271 115 68 235 330 95 205 261 318 300 332 265 287 14 136 97 59 227 300 239 218 330 30 61 358 181 208 195 274 282 86 1 87 96 3 267 350 34 105 316 355 246 128 204 320 217 353 46 236 323 282 34 339 191 62 162 94 255 112 134 154 180 192 26 50 144 301 133 220 240 296 297 264 270 270 64 57 94 331 202 264 9 303 107 342 148 214 331 208 78 221 242 255 72 325 66 99 252 209 259 229 106 278 267 99 100 109 311 233 145 158 92 2 
6 109
335 95 76 317 262 258 
321 117
169 82 63 233 312 144 312 188 204 312 89 85 111 90 193 26 254 213 87 22 98 353 144 25 47 321 111 322 303 295 265 172 271 54 325 124 327 239 35 160 334 189 210 39 86 65 336 265 117 188 321 102 116 154 86 54 123 13 125 183 267 320 36 48 256 19 135 183 85 210 242 322 33 232 56 155 25 112 10 290 150 136 149 29 331 154 58 178 66 253 250 304 286 230 85 324 327 255 137 151 350 32 163 76 334 203 54 233 88 34 197 82 193 303 62 208 58 222 0 155 59 264 312 29 102 204 249 262 115 102 174 271 96 207 161 176 9 211 224 167 163 2 290 347 174 143 243 259 29 36 119 35 219 277 86 120 253 59 213 194 113 195 267 15 275 299 303 329 148 178 252 283 47 94 37 196 231 265 131 102 124 189 194 324 49 331 94 289 258 74 19 129 282 242 99 18 298 75 127 140 324 135 354 213 21 76 53 142 215 271 250 103 158 272 45 266 4 288 323 247 288 346 60 43 308 77 183 325 183 261 232 51 151 143 344 332 308 86 190 204 255 158 359 202 54 148 85 269 315 245 276 283 186 139 323 261 248 228 29 90 327 136 192 131 7 337 102 146 27 226 7 135 232 53 70 81 162 110 185 49 266 47 256 237 101 242 332 181 59 307 98 104 311 315 109 268 57 341 132 346 280 323 61 60 4 188 60 3 184 316 127 166 167 316 313 217 2 280 19 54 203 
162 102
237 110 97 289 9 345 92 251 153 252 134 22 56 285 136 242 149 160 145 7 49 344 4 235 337 339 343 166 191 31 156 269 95 48 64 164 99 30 161 296 227 338 197 20 303 85 95 358 107 116 22 125 95 285 178 353 45 113 178 125 167 29 89 72 265 237 359 279 91 155 240 170 99 262 3 88 272 220 195 307 336 217 304 341 106 121 13 35 277 336 102 292 48 191 204 65 29 286 313 190 0 130 33 237 124 29 293 337 63 97 285 119 275 80 296 139 244 138 176 136 155 196 75 89 271 220 161 348 311 122 181 94 209 30 77 326 301 204 134 226 36 4 218 250 193 307 142 72 310 106 355 189 161 6 2 5 14 112 219 353 21 225 
89 111
163 151 348 30 170 294 126 136 36 278 226 163 155 219 268 201 161 126 264 93 331 317 153 205 325 313 144 50 247 308 232 35 153 100 284 122 303 335 314 149 219 259 354 229 186 60 320 295 47 93 82 319 27 292 356 35 161 229 172 189 54 290 53 12 236 94 258 116 97 317 329 9 304 145 133 27 300 43 81 119 56 284 103 341 205 347 59 246 326 
86 243
80 298 281 133 220 40 169 38 22 22 189 295 241 68 183 199 299 23 113 105 29 120 110 92 193 354 174 161 14 248 89 172 238 156 320 321 168 81 150 253 305 193 244 121 174 160 36 85 170 93 113 234 139 320 249 43 286 126 233 191 282 297 314 51 314 215 30 255 64 223 275 98 335 50 125 339 273 174 227 194 259 245 39 209 175 214 
273 319
248 207 352 43 172 328 274 124 22 155 186 83 277 276 167 346 218 17 65 212 48 276 243 210 81 316 82 96 321 17 314 140 351 182 189 258 50 124 146 52 188 142 65 116 352 280 311 179 30 232 266 246 228 269 259 327 137 149 231 145 195 208 35 32 213 267 351 77 358 54 358 239 248 109 106 346 303 122 342 295 216 72 195 117 1 26 337 308 208 121 89 27 269 255 311 72 160 64 177 103 164 282 93 177 351 210 197 195 248 159 120 236 193 121 139 270 222 293 149 232 176 10 25 118 238 89 275 121 261 284 94 234 82 218 200 175 89 69 52 37 157 18 20 170 89 266 300 150 186 219 335 101 170 260 307 302 49 356 212 332 338 1 31 168 228 276 288 196 34 141 269 179 352 240 225 148 23 34 292 134 96 276 129 284 100 188 354 92 78 43 186 227 310 272 60 181 307 123 223 114 73 170 232 351 105 329 16 127 43 166 278 216 277 300 119 355 317 32 128 131 10 315 177 295 30 269 268 247 190 357 88 142 42 87 206 148 183 249 219 351 132 294 128 163 53 211 246 116 75 353 334 197 333 167 170 311 187 67 234 331 244 184 294 215 131 170 320 17 68 246 205 164 294 
148 216
34 1 131 195 241 22 332 291 207 58 83 291 332 200 52 162 109 6 319 54 258 243 66 349 71 265 79 102 166 147 266 84 222 277 283 150 222 131 305 77 17 329 137 326 152 28 314 349 187 129 3 98 49 275 168 280 278 76 237 87 326 303 103 196 230 183 325 241 347 315 181 146 172 79 331 136 175 170 172 292 58 348 229 192 284 358 18 75 3 206 352 45 282 157 57 352 133 43 256 207 352 20 191 221 253 354 152 276 21 23 330 36 216 123 28 293 138 245 299 221 255 287 101 287 226 150 324 69 111 202 10 260 32 55 254 131 323 238 130 69 233 293 129 338 8 103 272 5 
291 17
205 176 69 160 230 338 3 257 134 227 252 154 211 78 36 10 5 192 100 23 188 144 171 57 88 229 140 86 274 160 330 308 35 226 351 34 356 335 82 25 271 288 200 263 261 152 298 81 258 22 218 20 181 269 16 335 12 4 64 118 151 301 239 114 115 157 316 115 77 134 323 27 176 182 107 200 158 3 312 12 77 113 53 17 3 24 108 68 99 226 288 188 203 58 298 242 7 14 111 324 211 105 86 293 231 161 97 325 343 249 356 149 48 256 252 1 175 163 198 138 326 209 65 17 37 148 169 221 254 11 108 252 12 329 232 205 286 78 272 59 138 253 53 287 286 81 207 89 304 319 347 343 167 81 19 303 31 93 132 287 53 357 116 113 286 219 36 173 272 247 238 179 223 40 264 186 26 36 173 174 82 88 95 222 141 22 69 152 86 204 280 255 309 255 152 110 203 188 107 287 199 48 62 153 308 277 121 183 263 231 265 246 68 228 231 13 135 79 169 92 191 347 235 96 66 40 253 166 206 50 67 69 341 260 313 278 23 65 71 119 112 281 76 17 120 307 330 356 80 85 115 140 343 151 197 109 80 219 76 151 25 76 89 29 146 204 295 43 355 289 162 192 152 181 182 45 284 0 121 8 76 156 180 270 44 233 318 121 348 49 81 
245 87
186 131 158 173 325 293 31 348 305 353 354 319 328 145 259 357 126 70 179 75 9 265 46 347 7 117 29 234 163 244 6 230 121 284 270 198 53 50 263 31 28 9 304 308 234 142 25 272 179 146 277 59 147 65 196 279 355 117 238 67 183 336 329 35 162 344 330 189 264 14 54 76 18 310 244 339 307 87 270 156 239 117 125 325 297 33 9 236 273 107 335 96 318 37 132 140 209 205 145 273 248 2 3 256 59 210 235 4 167 296 196 352 70 310 189 359 132 222 135 184 118 317 75 178 95 301 39 74 113 214 334 317 208 261 123 102 155 77 31 140 221 86 145 131 319 275 355 55 258 343 345 155 352 217 47 246 42 176 307 174 48 117 315 238 290 327 294 337 181 22 8 300 24 2 40 205 162 110 295 59 40 9 46 253 310 228 314 51 354 268 180 4 189 64 306 57 295 17 104 41 63 110 302 42 40 329 336 350 0 241 323 110 39 24 15 277 34 316 60 19 206 27 284 263 131 150 6 41 35 336 13 63 33 246 326 314 9 163 227 96 79 32 331 59 154 
312 306
133 142 148 235 301 327 56 274 351 189 340 148 355 145 30 241 50 6 212 261 140 309 248 147 201 170 151 347 335 295 67 94 313 16 139 156 170 354 80 329 245 304 72 190 333 121 130 52 79 30 311 147 37 122 146 155 174 29 272 134 106 166 189 325 318 81 290 299 66 272 40 322 292 112 280 178 176 67 180 11 111 236 37 304 182 178 321 140 309 203 315 242 242 68 40 132 222 332 34 282 72 134 333 53 68 347 71 5 95 173 66 116 3 164 301 9 281 45 341 289 67 233 346 44 339 302 50 111 219 267 247 102 258 262 358 76 295 214 26 65 8 40 145 309 252 219 267 32 257 98 242 334 151 160 135 94 78 197 227 135 326 273 150 259 20 198 33 58 296 94 31 305 243 351 228 250 301 242 231 327 317 290 82 203 104 136 276 111 334 150 193 62 162 209 210 47 136 137 36 45 233 11 72 226 177 32 355 198 124 285 17 31 101 89 121 309 271 218 162 300 99 123 212 47 338 248 90 77 197 109 112 116 33 339 233 321 222 94 103 108 337 317 252 292 226 267 305 240 31 46 339 284 287 155 82 144 117 177 165 91 76 331 104 49 49 137 136 190 256 328 135 273 228 137 52 300 305 172 184 86 147 264 45 78 327 16 349 248 324 39 42 114 222 244 62 90 313 195 265 71 67 237 75 53 223 0 292 265 246 354 235 252 
344 315
270 139 284 168 320 279 325 185 3 76 20 218 17 207 160 283 234 291 212 333 328 49 321 256 72 330 138 8 132 39 27 42 310 292 234 8 14 291 359 135 46 356 80 41 115 169 78 292 82 215 6 324 11 5 284 113 171 102 185 189 38 280 193 26 122 201 238 24 46 70 90 309 187 316 272 303 195 154 235 59 38 354 318 328 44 200 245 115 294 266 237 49 132 75 75 357 304 168 358 330 52 262 235 117 290 135 140 148 146 293 211 256 56 237 54 120 337 42 1 271 133 123 54 153 275 269 153 256 173 44 216 38 333 181 151 224 234 327 20 69 219 303 135 168 155 316 180 321 217 242 194 264 304 317 72 206 204 76 202 90 111 256 183 37 277 335 338 117 210 256 216 304 157 191 59 166 142 194 77 141 245 160 83 321 130 56 260 120 131 317 256 93 46 104 146 112 160 347 248 276 111 223 167 255 274 63 6 160 149 58 40 346 195 124 286 254 166 32 192 217 299 309 102 56 57 314 1 163 134 147 86 37 359 151 294 10 305 303 328 317 217 275 135 267 166 203 239 290 226 344 234 333 273 216 90 335 59 298 331 127 294 118 323 104 1 268 182 21 138 131 160 191 286 342 24 200 188 196 284 301 134 285 141 314 269 153 58 201 352 67 82 84 182 161 83 129 254 141 89 134 345 236 49 164 156 60 158 222 307 243 108 151 265 96 342 311 282 128 330 278 236 260 155 162 333 166 110 55 54 264 248 193 270 314 68 267 60 319 142 271 324 109 154 94 
116 280
45 132 49 225 88 218 114 227 249 316 289 300 125 169 322 110 264 300 258 108 317 194 179 65 293 59 267 292 106 359 84 302 331 346 112 297 161 2 70 348 258 270 25 45 80 8 274 212 180 157 92 169 203 114 125 328 240 178 345 123 290 303 294 244 153 54 84 107 164 19 224 61 105 87 349 266 33 99 55 90 214 159 157 161 108 234 112 42 181 216 353 136 147 266 94 317 340 45 234 281 286 354 119 0 136 105 77 21 226 325 357 12 300 271 85 320 
232 270
16 107 238 73 212 163 322 84 12 27 345 334 213 101 308 126 255 191 173 358 57 158 239 123 98 224 327 357 28 81 236 219 357 216 141 26 142 218 304 104 332 321 27 258 134 142 64 267 121 170 300 261 314 127 161 48 341 309 137 155 14 332 213 51 127 252 234 147 232 210 224 155 165 278 56 145 23 336 106 5 242 10 157 76 17 34 23 60 233 58 114 315 40 165 276 300 60 202 217 239 319 190 59 130 43 80 4 241 154 308 297 51 300 236 339 15 47 294 168 216 41 164 121 155 97 197 183 47 243 349 52 344 179 174 0 147 93 135 8 127 40 117 142 243 48 210 42 49 96 196 18 181 326 327 330 332 329 125 146 271 203 337 170 160 239 252 78 336 331 342 208 188 69 107 103 234 291 229 103 51 76 44 28 145 337 253 240 104 235 16 251 114 187 203 201 293 168 324 227 37 29 289 21 101 175 338 356 339 79 99 273 197 151 27 269 97 140 344 0 290 199 236 151 39 58 215 196 57 268 26 325 77 
46 232
60 90 237 316 351 254 102 343 324 80 352 129 129 285 93 142 4 137 62 211 167 99 349 281 269 205 171 212 298 197 276 255 356 163 270 175 344 166 52 224 309 294 228 163 168 63 
162 355
291 237 110 209 92 64 336 312 158 271 248 253 83 228 33 341 284 160 145 214 143 239 121 88 15 248 274 84 267 130 226 357 17 27 110 28 43 50 104 298 44 350 56 202 343 284 87 25 33 88 198 122 283 159 30 226 46 94 264 336 292 16 157 168 72 170 336 226 304 58 146 174 317 117 148 358 60 76 229 55 173 244 334 82 260 127 342 23 58 319 290 101 313 175 25 236 204 234 317 36 340 343 176 176 228 252 272 121 231 140 10 173 235 181 248 316 302 100 309 322 184 25 180 196 137 349 261 297 64 36 178 115 172 188 20 320 127 126 175 40 74 65 342 185 18 114 286 225 157 22 323 45 207 237 225 239 172 28 165 193 258 342 
71 292
44 190 336 75 179 276 196 22 249 295 89 343 106 304 342 157 164 140 337 38 155 349 38 154 335 315 269 250 129 281 128 29 104 162 336 3 189 111 256 22 183 280 319 6 114 91 279 269 111 3 317 7 241 290 26 48 332 212 302 285 343 287 175 187 274 346 201 123 151 183 346 
175 134
274 266 111 105 95 18 192 269 319 334 291 276 264 123 33 120 299 174 51 50 292 25 279 76 62 8 113 295 201 271 132 93 234 88 26 344 38 200 84 207 170 74 127 160 312 113 245 35 256 162 213 219 254 236 264 172 135 256 262 347 356 286 124 290 117 8 274 13 151 82 233 114 302 179 165 108 203 247 65 355 155 335 144 21 354 219 358 34 56 10 52 296 315 338 269 214 167 10 243 203 288 123 220 329 248 30 254 164 337 213 214 230 110 277 354 327 232 266 197 200 321 209 67 146 134 306 295 69 252 11 277 39 140 41 42 74 195 25 124 55 205 192 281 114 24 65 94 98 328 203 337 192 148 43 181 31 261 152 218 187 139 342 73 20 323 130 331 257 87 291 358 77 297 67 51 
245 52
251 245 264 302 108 17 234 191 356 201 198 191 36 63 3 182 342 170 260 307 310 112 117 104 163 133 225 277 244 244 71 349 215 222 208 256 96 296 60 118 354 75 313 299 335 23 314 226 140 104 99 288 4 129 259 263 285 143 173 140 54 187 327 161 175 70 352 55 245 317 85 102 149 288 136 49 228 14 58 247 170 304 291 270 178 218 200 338 175 132 68 292 206 307 309 273 339 213 77 278 345 248 351 260 6 267 129 260 36 73 191 34 18 88 138 225 256 226 273 258 68 2 325 174 138 224 262 344 97 207 223 80 149 308 26 296 248 43 189 258 274 3 41 2 206 32 284 309 328 28 292 325 239 65 324 339 88 216 319 33 195 101 125 277 107 162 210 140 172 29 27 213 112 64 295 229 286 19 134 125 350 217 113 17 195 100 287 284 243 62 53 224 244 348 337 123 122 196 281 338 34 274 161 228 194 209 177 221 329 323 139 201 289 248 40 112 109 356 63 215 18 110 48 278 26 82 222 276 0 314 67 74 323 147 241 158 330 191 328 267 159 17 356 47 202 
88 303
337 95 49 269 257 113 186 184 75 168 16 69 150 82 188 120 97 184 155 211 136 243 263 37 184 275 12 212 57 172 22 100 259 3 180 76 36 330 331 38 118 22 244 307 346 244 224 145 330 78 305 317 221 263 170 268 27 142 89 287 190 165 184 350 334 151 139 112 182 221 61 314 66 116 350 65 6 46 141 36 274 71 255 306 78 227 59 110 
136 67
138 48 21 307 73 81 334 205 46 221 225 126 94 251 25 61 201 58 347 309 118 303 124 54 79 116 71 246 201 286 230 200 160 197 138 36 227 66 58 169 98 166 10 342 204 347 215 342 276 239 20 149 307 58 262 112 48 110 243 264 346 109 306 28 236 10 78 79 128 301 175 173 334 90 148 297 5 114 302 18 65 320 277 289 19 347 118 207 52 170 124 274 351 18 300 160 196 56 154 315 276 141 275 128 322 102 120 322 109 83 77 41 55 100 112 290 299 133 92 251 72 11 281 270 226 228 240 96 237 226 115 137 111 310 113 3 
179 152
20 270 302 164 110 60 226 63 224 327 197 332 326 38 112 58 244 86 309 151 350 333 354 300 67 316 20 195 159 17 258 293 292 258 259 300 95 160 333 269 306 69 156 184 42 151 200 51 322 113 97 61 346 322 86 58 234 214 278 269 9 340 213 62 6 223 295 149 329 98 277 5 172 226 27 182 156 177 194 300 75 356 235 34 96 2 297 25 21 311 310 231 271 63 148 256 221 248 142 183 140 25 206 136 261 258 132 65 268 312 24 128 79 227 236 97 54 205 33 193 290 179 191 153 163 176 171 215 1 45 344 273 28 285 317 134 83 206 165 302 76 226 155 2 337 102 260 36 38 263 192 331 1 178 355 216 343 245 8 21 317 182 1 250 44 75 148 350 266 252 290 182 318 359 222 128 129 301 25 
156 261
276 37 333 228 195 18 260 73 214 158 129 51 135 302 262 220 265 46 103 302 152 199 101 126 76 262 94 338 157 291 284 341 218 99 182 115 345 73 197 295 4 26 324 238 233 326 29 247 351 351 230 239 10 333 305 142 280 296 316 109 352 11 192 59 4 282 209 99 26 339 31 25 187 176 144 336 57 304 67 54 121 58 275 308 185 289 168 119 76 102 68 238 241 84 182 55 346 128 113 10 105 36 162 319 35 347 18 348 111 0 271 111 64 169 297 357 286 247 79 229 1 175 215 220 284 104 98 334 327 108 142 164 35 21 166 57 217 118 175 178 241 199 352 234 101 110 144 198 284 234 20 114 343 22 199 19 
146 3
194 144 195 161 259 142 345 254 358 225 115 354 216 7 108 281 207 146 317 211 26 118 98 203 179 77 166 150 192 76 298 172 254 56 352 111 218 183 38 94 304 155 307 312 170 156 259 225 238 254 346 215 350 242 233 108 35 119 321 6 233 306 264 347 337 26 146 238 216 337 177 279 337 90 157 256 274 149 348 109 74 163 58 193 315 124 131 348 15 347 110 203 175 79 315 199 23 205 23 45 181 204 241 7 39 302 57 330 271 159 2 330 201 316 215 175 344 20 342 158 206 115 349 121 11 102 111 156 254 274 55 167 315 218 291 271 8 217 273 269 220 324 209 305 296 75 
219 93
346 95 244 308 353 242 358 104 33 56 270 52 258 26 64 336 25 292 203 80 240 50 14 156 131 73 324 102 219 100 222 136 5 100 97 58 45 322 25 39 65 43 53 321 347 6 39 291 118 31 42 12 303 333 324 225 6 291 180 172 154 102 286 14 244 37 233 343 14 50 152 148 39 302 67 263 129 219 179 294 279 277 219 199 48 7 162 115 6 287 78 252 24 301 285 235 242 49 6 54 287 47 312 274 13 324 76 28 301 310 41 120 67 12 251 109 175 257 166 217 141 169 141 263 310 313 219 229 23 198 235 151 254 31 74 95 180 139 263 323 158 95 81 131 352 266 57 114 294 28 4 319 9 42 180 97 28 136 175 339 322 301 319 232 297 30 249 347 252 25 118 101 252 33 162 39 103 253 201 248 2 329 129 236 1 167 304 51 279 41 115 68 170 103 345 258 91 236 127 43 340 50 274 228 244 149 85 258 3 126 76 279 51 203 86 263 258 305 248 
