95
308 146
37 283 32 26 164 43 299 224 249 63 260 131 72 195 307 40 224 13 122 261 230 41 123 115 286 31 192 59 331 91 76 219 138 31 167 341 330 76 49 327 222 276 289 126 138 171 258 73 282 26 329 179 234 300 305 78 192 87 323 165 42 291 250 252 27 42 8 292 180 317 128 326 84 11 182 335 20 333 222 93 94 196 162 111 22 208 257 146 79 154 117 149 4 299 303 340 336 290 298 179 287 278 37 84 74 332 69 92 126 6 172 120 188 293 114 218 229 278 105 237 273 125 205 227 279 330 254 277 342 249 201 205 147 127 165 132 191 352 135 53 232 214 86 45 310 324 20 184 300 225 70 357 99 138 155 200 190 191 310 80 282 234 126 113 259 51 337 79 359 354 156 153 3 327 260 257 25 305 163 240 129 306 81 307 61 287 356 305 180 278 82 358 341 232 217 152 182 168 163 149 17 180 299 72 245 121 64 26 214 350 343 220 307 0 59 45 52 198 171 186 297 214 50 290 153 244 184 340 234 336 231 4 45 341 138 3 273 52 19 306 118 145 244 259 223 352 107 258 255 160 106 291 190 273 92 35 352 141 157 135 106 22 273 263 280 42 21 259 65 69 202 267 145 93 192 353 107 29 75 352 101 193 4 183 123 60 234 227 148 293 158 23 61 174 305 88 325 63 140 263 108 140 222 306 106 84 290 202 
322 354
83 282 122 257 17 98 300 5 196 345 165 166 256 349 187 255 176 126 265 326 125 33 197 304 9 186 270 108 146 102 143 203 297 300 122 206 133 281 64 174 123 223 265 321 206 229 147 201 205 223 121 181 106 169 164 39 311 272 222 298 1 78 232 240 78 185 142 28 201 2 118 235 57 159 69 310 288 327 204 347 298 112 82 54 206 68 224 342 268 276 272 0 78 326 86 264 63 294 289 73 105 16 75 233 30 254 277 278 215 245 197 30 127 89 221 209 63 47 253 227 240 353 28 305 301 11 139 13 104 277 115 194 276 329 171 123 217 267 169 143 18 2 280 357 83 97 72 320 83 37 253 201 210 217 346 132 181 60 281 125 7 187 39 9 34 239 272 87 3 116 3 118 0 181 233 260 87 304 231 4 327 335 61 121 332 113 116 252 310 103 75 287 250 153 34 310 27 345 340 94 59 40 43 10 302 241 207 316 138 2 274 240 318 25 21 13 6 255 336 355 248 349 95 122 284 317 334 89 262 302 319 188 226 267 242 11 208 269 358 289 15 25 297 46 337 248 23 118 160 338 29 207 349 337 134 258 345 200 92 144 283 121 164 45 152 344 148 150 32 184 234 328 240 299 297 213 162 74 15 344 358 75 225 312 176 61 32 197 130 149 182 197 241 314 17 187 158 160 31 234 298 156 132 42 19 266 131 243 85 35 133 355 198 45 64 128 358 212 348 191 121 253 
234 129
19 262 233 326 176 83 88 201 355 271 208 176 172 225 234 98 319 237 224 1 226 114 230 338 40 221 161 351 72 232 340 294 127 62 81 343 19 120 165 216 173 355 42 3 204 194 239 210 279 170 134 121 87 185 73 195 301 149 21 95 276 237 279 179 244 358 92 309 190 57 22 113 337 215 331 26 314 38 246 267 241 146 203 76 284 197 253 263 325 245 320 142 39 344 340 132 231 143 149 108 254 51 198 161 78 199 351 259 301 253 190 78 0 202 136 14 304 338 244 11 221 148 348 163 350 220 125 277 339 328 330 215 208 275 17 329 277 264 81 127 104 353 160 225 90 44 230 314 41 71 180 228 25 100 31 20 158 293 286 342 22 25 104 307 145 274 9 25 272 222 131 194 236 169 83 316 300 104 45 294 286 207 345 68 115 209 236 108 324 109 230 233 256 256 71 23 50 229 9 284 181 271 99 87 29 332 20 22 338 142 16 149 303 156 179 133 52 36 284 61 253 25 79 225 108 113 35 165 282 281 153 165 184 224 
278 179
136 220 141 99 162 133 261 7 326 37 212 289 175 34 188 176 185 70 76 237 275 278 71 278 333 70 128 281 162 205 327 234 158 93 34 339 248 279 340 17 35 209 3 219 323 76 61 55 111 173 15 321 162 43 39 284 5 355 36 204 246 207 168 329 322 247 131 300 116 48 341 329 108 34 163 166 53 114 102 54 72 337 213 23 112 359 53 10 75 42 84 131 329 6 90 250 212 134 4 152 333 344 208 88 324 239 167 353 337 283 58 140 3 31 29 267 199 345 3 99 247 274 76 349 219 227 244 158 33 106 342 133 279 122 338 299 278 206 22 183 43 241 195 74 317 185 276 218 346 53 282 291 149 170 18 346 5 131 110 35 186 89 35 301 75 171 17 238 297 333 229 48 188 196 219 275 274 348 111 223 265 323 333 245 146 289 61 260 310 173 0 115 3 74 307 119 330 231 315 155 338 272 117 221 86 262 58 223 325 112 231 28 290 28 235 329 77 10 47 159 156 197 232 129 4 91 335 270 52 51 27 32 33 306 304 282 5 338 91 161 190 24 270 269 223 208 206 347 177 54 299 169 163 331 241 160 29 265 227 40 31 6 120 185 99 114 147 313 130 235 344 349 343 165 112 243 117 29 
178 91
295 49 4 285 347 160 237 268 204 274 344 222 76 179 339 101 182 222 212 219 102 277 112 333 202 234 192 82 284 279 284 121 210 164 24 224 267 241 307 326 72 103 317 89 342 70 82 278 32 211 208 101 326 241 264 280 106 329 333 189 133 218 333 217 304 354 18 89 85 87 27 48 106 306 9 219 82 212 140 166 155 243 293 18 189 239 171 134 199 24 357 10 328 93 199 164 237 268 173 256 112 179 221 126 113 321 105 76 356 146 193 41 126 258 279 111 348 8 270 129 126 97 17 113 256 87 163 253 299 294 343 69 254 46 4 216 300 217 262 181 189 289 139 297 149 107 268 9 301 322 4 325 168 229 302 155 320 151 161 162 294 55 176 4 288 149 289 192 241 74 0 253 128 41 243 173 191 324 
16 103
139 171 277 184 70 314 268 196 149 132 210 119 76 61 8 181 
354 265
98 266 254 73 86 310 62 92 309 32 110 328 66 306 277 31 73 178 355 280 206 210 171 84 178 147 358 185 352 225 216 87 248 354 145 217 68 232 37 16 304 26 296 102 214 347 352 13 329 130 158 286 225 159 35 201 281 51 68 44 302 282 24 307 42 36 352 354 238 261 271 356 249 274 88 139 265 282 123 59 86 83 207 91 191 334 73 282 41 60 302 328 51 8 82 2 72 162 221 205 42 129 61 269 290 235 227 282 92 88 269 336 129 94 320 108 250 307 102 187 170 105 15 317 186 258 2 41 301 190 188 326 256 325 265 199 165 70 149 333 19 11 116 345 157 300 41 341 228 138 129 85 52 84 176 289 82 291 44 296 286 73 123 92 175 84 231 143 119 111 139 193 66 48 66 341 258 329 249 270 200 328 94 349 283 116 112 91 42 118 302 88 33 10 47 141 265 41 27 324 351 2 131 206 318 191 291 36 153 190 246 40 185 7 251 220 290 138 106 253 50 175 242 88 261 342 210 121 306 175 319 98 19 156 321 358 209 157 269 280 107 44 86 25 54 327 224 238 318 349 114 76 314 61 246 176 118 148 150 305 243 38 270 177 293 317 353 236 325 307 165 187 74 320 88 349 280 171 328 314 186 70 149 183 325 134 200 301 296 101 129 53 210 305 143 77 139 124 227 76 289 156 218 228 279 350 232 96 243 184 125 156 120 213 287 314 298 181 163 121 230 131 88 171 312 261 242 228 85 326 242 313 212 5 356 203 5 117 192 243 282 71 177 77 333 166 135 227 116 327 145 331 98 332 
193 301
6 299 308 262 196 121 342 183 100 287 279 268 135 8 345 193 151 49 108 97 260 233 256 341 94 328 83 217 64 199 176 94 298 272 82 79 1 56 286 298 281 299 22 252 174 285 184 190 148 127 58 318 8 27 7 286 49 229 25 281 184 219 121 356 358 175 9 201 60 279 156 39 85 36 265 149 128 266 34 59 204 204 5 261 279 147 175 96 116 67 275 91 278 352 283 134 120 315 230 246 181 222 5 127 26 96 145 118 285 140 45 338 78 6 207 28 89 141 280 222 28 297 94 32 285 344 169 305 170 146 197 86 75 92 111 256 177 15 152 194 196 303 319 241 120 324 27 275 271 319 85 227 67 266 147 241 75 311 343 233 225 17 10 224 120 168 160 331 204 168 64 219 313 23 63 280 15 351 335 281 83 160 290 85 120 7 216 145 253 6 349 228 198 
63 223
90 227 160 24 190 176 155 53 313 258 43 177 58 122 256 94 58 83 280 86 110 100 96 7 175 164 296 33 228 163 204 150 110 134 131 117 329 162 212 208 288 202 115 210 259 264 73 220 49 180 137 205 80 158 177 182 189 301 103 85 49 103 165 
273 50
239 0 119 49 331 202 190 327 15 312 70 296 253 239 237 279 56 96 348 152 140 159 294 86 337 38 123 236 279 179 19 310 358 29 322 298 118 288 124 23 141 173 26 44 98 63 266 232 287 171 50 239 210 339 311 42 280 54 178 276 45 291 89 160 260 113 196 243 302 108 305 13 224 77 252 294 30 16 66 128 75 352 40 115 225 264 325 232 152 359 238 204 12 60 220 11 67 235 1 299 67 86 80 27 115 242 290 73 181 176 11 129 98 299 54 86 322 52 48 186 337 111 303 150 110 250 56 105 118 99 130 217 52 178 53 163 257 130 92 245 143 344 340 112 81 25 350 93 55 245 333 238 55 196 21 183 61 7 215 152 308 313 219 274 235 129 193 172 145 61 278 58 77 108 247 303 61 228 179 174 24 53 276 121 108 348 204 272 164 157 104 18 136 149 278 10 303 74 162 332 117 205 291 306 334 280 250 263 161 313 38 2 132 265 144 332 6 245 192 193 89 149 40 55 37 327 50 187 270 166 147 211 186 326 242 224 331 17 257 79 193 252 241 241 262 162 337 31 7 350 137 239 115 142 316 241 137 205 54 181 245 125 312 199 220 41 98 16 31 161 175 112 342 
288 241
106 9 195 200 116 28 294 86 298 228 106 15 249 22 96 325 312 252 338 4 327 226 260 149 229 16 359 176 89 217 331 244 340 235 53 88 353 169 217 202 67 169 21 167 163 239 179 303 343 252 108 91 36 111 289 106 82 31 260 114 100 270 294 30 119 142 321 137 260 161 275 39 324 272 356 267 301 321 303 294 128 359 346 35 128 13 335 31 220 92 153 357 12 118 61 323 223 145 287 75 187 288 200 174 316 245 341 324 215 228 351 242 60 113 281 6 217 237 225 84 111 358 292 63 44 238 86 322 282 248 276 250 169 80 66 135 308 350 248 301 311 164 138 351 82 97 126 28 269 274 204 267 143 264 353 164 326 13 163 153 289 189 190 208 287 5 201 273 295 320 115 203 122 106 137 272 302 272 255 21 347 45 56 127 323 247 344 106 5 156 123 200 339 326 188 329 175 26 192 132 100 65 352 258 45 83 161 125 92 152 324 79 345 356 140 267 274 180 226 325 9 142 169 85 92 87 182 98 267 111 306 248 218 322 238 168 314 19 341 191 13 147 132 344 168 32 31 115 92 255 356 106 231 142 319 254 100 25 129 347 283 336 106 354 42 259 58 309 88 145 93 44 14 143 120 357 205 297 301 334 231 21 20 242 337 101 342 139 
100 225
238 162 16 202 143 97 52 123 253 49 107 107 114 261 11 24 253 38 278 230 204 135 31 242 304 358 102 229 2 120 76 94 83 301 52 255 220 331 23 126 284 225 148 22 155 66 40 80 69 356 185 122 161 148 106 132 62 194 343 165 116 292 278 175 194 64 57 135 196 132 85 80 3 269 89 87 89 142 105 97 1 100 167 1 229 184 37 5 29 152 47 59 305 310 152 322 235 222 357 338 
215 56
222 345 87 181 239 253 170 329 76 108 346 189 38 335 266 30 28 325 238 344 148 162 197 296 355 112 235 53 56 78 191 78 292 334 126 267 247 158 33 184 14 184 271 193 102 128 179 54 73 237 155 214 308 75 227 353 102 173 278 122 178 311 260 224 105 71 175 253 229 122 67 85 206 200 80 330 229 256 38 38 113 230 336 187 127 273 170 225 249 145 97 115 91 175 265 262 114 112 86 303 46 212 243 15 127 42 78 156 298 171 22 309 137 67 137 257 171 213 300 286 71 301 1 356 279 31 91 160 312 303 28 335 220 72 273 203 28 259 2 327 275 312 10 200 104 191 87 106 17 82 249 112 195 275 109 69 156 193 237 161 120 208 103 180 188 319 179 249 117 155 181 335 333 262 90 119 71 243 61 53 211 59 315 282 234 115 143 10 124 293 274 299 227 103 61 151 276 290 54 142 129 106 33 319 44 207 326 205 218 127 148 67 319 234 65 
248 286
96 137 310 277 205 100 95 301 56 70 330 275 329 301 141 315 304 178 169 86 187 278 151 243 148 250 301 328 104 265 305 44 39 231 26 207 272 327 225 197 276 113 352 212 240 336 216 37 298 204 248 48 205 313 34 312 15 357 59 32 358 304 213 86 124 227 229 1 308 139 25 157 86 264 89 147 331 154 197 199 144 270 156 357 181 180 222 5 167 228 68 149 80 163 48 30 142 303 330 180 268 325 313 83 210 340 67 307 310 141 316 198 225 149 36 335 317 297 157 254 81 319 0 4 319 336 287 238 232 60 206 276 44 114 339 20 306 98 42 170 89 169 246 114 37 220 158 322 340 248 256 121 313 70 130 126 114 152 30 156 194 321 320 89 37 20 40 122 182 92 135 95 303 141 145 96 265 195 79 256 225 286 255 55 247 342 211 75 82 134 305 124 67 178 311 8 217 78 20 153 91 308 168 322 138 199 343 147 75 131 127 100 329 133 89 236 277 164 258 41 217 278 165 284 69 243 359 131 327 22 291 309 214 332 17 21 156 295 262 321 341 315 115 88 103 352 297 83 
269 2
96 5 190 1 67 105 135 357 18 83 255 39 270 55 227 210 72 167 320 43 311 349 94 111 104 242 22 353 165 83 31 187 132 52 88 85 213 237 10 149 81 143 75 94 222 64 21 220 102 20 49 10 304 338 313 13 7 331 217 132 207 173 195 323 200 238 356 226 211 116 339 291 86 358 128 217 161 227 353 151 50 63 62 219 339 16 286 47 21 155 130 173 276 70 20 333 211 159 278 91 0 32 250 100 43 209 108 20 81 115 272 315 310 31 158 141 107 37 198 192 285 60 53 165 167 206 319 321 271 51 5 278 96 59 306 104 306 261 68 328 324 283 208 17 11 113 61 230 227 225 64 247 86 187 143 287 176 217 324 229 308 0 318 105 88 64 350 102 101 144 285 315 113 282 355 34 110 74 20 161 220 85 64 191 331 72 31 170 37 190 163 284 356 128 20 49 257 283 134 179 171 351 305 346 102 189 50 201 44 224 145 221 103 349 252 149 286 153 250 79 323 114 336 232 8 107 117 1 72 282 50 85 324 83 32 188 104 6 350 103 98 69 249 90 116 104 4 292 266 118 81 335 155 35 24 205 109 243 290 330 49 5 13 128 289 78 199 87 128 
27 300
74 98 264 331 302 170 319 289 285 345 57 90 252 65 353 143 209 355 188 329 20 20 356 78 251 180 345 
172 268
274 289 352 234 273 299 96 219 65 105 123 9 91 241 357 265 191 235 247 244 307 105 158 95 31 17 343 59 109 193 235 263 93 49 278 355 293 224 149 338 74 34 239 231 8 311 283 11 320 218 318 61 114 84 97 155 24 354 99 320 63 280 20 85 348 321 215 6 29 359 34 34 347 212 3 165 262 64 172 33 194 319 322 79 73 194 122 289 160 40 11 186 110 311 83 243 79 135 259 156 85 340 135 98 330 348 215 74 252 93 25 42 263 310 177 137 71 109 60 44 214 134 87 125 19 83 359 198 117 138 213 324 320 146 344 356 84 201 152 312 63 281 146 254 348 76 75 285 82 12 288 82 86 133 292 102 44 292 253 9 308 344 305 202 190 215 159 197 193 145 116 350 
147 330
259 35 41 243 162 294 133 223 152 357 262 48 106 116 213 42 268 38 342 35 27 205 233 260 265 87 148 80 211 243 3 185 23 118 62 202 223 47 91 303 25 174 227 71 183 27 163 168 84 279 316 187 126 255 354 263 261 346 170 233 175 202 325 71 238 244 22 170 105 303 115 52 290 158 243 100 60 77 44 284 344 69 66 207 285 11 145 125 25 324 174 223 14 34 313 68 176 116 155 37 71 344 222 58 151 353 101 119 352 273 314 238 24 353 266 229 238 134 210 95 153 80 317 239 274 337 212 248 203 267 36 120 82 93 198 58 62 181 95 251 189 84 287 338 352 297 108 
286 235
63 116 234 12 306 224 312 26 207 253 71 298 163 204 205 113 82 100 51 300 109 357 169 80 232 91 281 333 111 116 31 357 99 214 297 190 196 143 45 309 42 64 63 194 27 31 131 346 349 85 242 159 13 87 341 72 350 8 226 153 19 329 278 244 85 125 285 163 44 42 257 289 236 123 150 39 246 94 96 185 179 278 275 36 83 47 81 124 309 303 266 150 210 66 316 355 183 1 40 323 138 196 284 19 104 133 158 135 128 33 7 92 312 270 330 229 84 166 100 63 16 15 202 169 64 301 54 94 191 145 308 282 56 206 91 21 262 326 165 240 50 180 15 282 126 166 19 66 242 169 213 33 163 248 330 164 145 57 251 247 244 128 48 178 277 215 29 115 261 128 58 179 37 168 34 180 111 214 305 165 302 295 350 206 282 198 340 351 255 61 289 155 288 35 105 52 323 341 334 43 37 21 116 122 214 345 333 13 341 169 83 135 337 34 169 18 357 27 337 344 124 303 101 106 254 242 161 27 226 160 158 280 244 82 119 117 337 298 2 120 348 40 328 120 160 321 146 40 288 234 224 292 319 301 189 59 330 64 303 13 95 149 344 15 153 314 253 173 12 217 32 100 164 169 123 222 125 43 64 203 44 240 358 226 315 302 
198 142
261 28 32 119 294 2 339 294 198 2 169 121 224 173 42 349 277 196 243 107 280 328 84 227 274 119 212 5 2 189 188 321 348 246 225 100 98 143 139 250 12 179 168 16 355 39 17 151 310 72 146 163 316 183 187 78 213 47 257 320 285 213 357 138 212 46 95 284 98 346 244 321 80 309 302 205 213 119 254 297 114 353 38 292 243 50 242 308 126 284 263 334 350 124 162 351 60 339 332 215 18 269 66 353 345 56 170 3 313 60 103 138 92 102 284 231 313 199 248 254 303 282 232 25 344 34 243 70 197 333 255 190 33 177 224 97 212 48 30 4 317 227 277 201 237 152 309 56 166 326 224 135 299 307 199 61 173 98 234 184 319 180 227 166 196 57 180 324 244 216 149 154 59 341 123 129 216 4 28 350 327 325 253 143 337 279 246 68 212 77 284 280 292 166 6 237 135 302 
212 250
326 19 205 119 23 212 301 48 99 215 147 136 185 41 164 65 49 37 209 192 131 209 227 86 331 350 198 70 304 48 313 138 299 111 300 315 107 299 323 77 158 194 128 42 136 240 213 229 164 184 107 350 302 257 84 105 48 28 211 11 352 236 256 301 113 237 73 73 88 186 37 262 267 278 310 308 24 193 130 242 276 91 112 295 94 93 127 23 349 239 75 153 316 70 233 263 170 282 263 139 78 134 294 300 163 31 112 260 312 36 59 173 257 176 104 129 297 138 349 95 259 328 133 195 180 188 334 164 23 208 44 117 27 72 329 11 230 357 143 182 9 161 139 141 139 31 247 88 63 216 308 333 334 196 206 107 88 199 82 82 153 266 3 264 319 83 267 205 124 175 240 216 140 224 289 97 97 191 346 351 171 82 35 210 269 269 267 79 213 320 40 219 200 41 176 139 147 67 274 269 260 182 22 175 179 58 297 93 325 146 32 274 
293 203
337 122 71 328 191 282 185 307 58 290 206 298 30 326 205 303 223 341 116 215 178 18 348 120 35 41 74 1 45 49 276 244 6 299 228 330 173 227 257 262 156 320 67 171 135 142 79 273 166 148 290 186 208 139 335 215 333 244 120 238 263 92 152 336 212 21 9 40 341 227 120 67 246 266 218 334 306 76 335 41 288 275 243 187 284 173 229 67 92 137 283 35 254 139 266 213 272 189 137 312 37 199 146 325 357 248 56 70 254 276 247 206 0 102 52 312 207 136 346 164 266 35 108 116 304 0 170 197 291 275 185 127 296 152 314 168 126 73 112 186 350 176 74 31 61 6 322 281 99 7 184 37 203 358 194 103 219 322 24 206 311 66 231 219 348 242 125 77 236 333 299 202 107 90 55 174 81 298 125 304 335 305 58 335 292 225 210 14 270 132 267 309 359 131 135 85 215 177 124 185 310 96 185 259 355 259 187 301 61 153 329 254 328 231 197 179 124 353 199 24 121 277 340 143 134 47 227 85 267 43 185 36 118 69 214 51 113 271 168 307 355 278 161 299 187 169 201 284 279 207 241 13 242 185 13 62 264 277 151 153 328 338 352 121 58 30 199 25 331 164 95 45 73 39 280 85 312 265 11 330 128 33 286 49 127 160 343 237 139 26 260 111 11 
70 47
198 68 219 11 266 280 265 184 156 26 270 178 110 347 300 70 30 208 6 72 285 160 12 235 221 326 132 116 135 288 192 140 320 58 176 262 5 278 326 121 20 325 73 251 315 201 255 152 151 303 61 110 195 191 121 329 247 80 326 298 197 149 92 226 280 215 169 63 124 115 
169 349
204 241 172 20 68 4 130 45 125 68 153 81 322 217 7 310 99 151 288 213 37 328 129 73 257 349 9 216 131 303 267 128 80 11 193 98 108 151 40 157 141 25 148 277 83 194 287 319 216 75 213 72 85 315 2 349 203 279 97 281 324 304 106 14 328 251 312 333 162 213 41 55 266 117 185 130 216 354 84 224 90 30 288 36 286 104 286 45 307 278 315 209 184 274 212 242 287 107 53 72 58 208 201 119 233 344 288 351 198 42 299 57 43 302 26 205 135 71 327 30 318 351 79 181 348 79 8 85 333 186 253 299 186 30 342 165 57 258 44 236 58 233 98 131 269 229 353 314 338 169 39 95 154 218 342 163 2 90 340 200 66 268 70 82 163 325 13 349 1 
190 250
116 37 132 349 269 9 222 282 93 345 315 337 78 85 125 136 106 99 159 205 224 343 331 196 345 237 28 310 310 353 276 153 126 70 124 209 98 319 198 265 342 25 19 252 21 194 41 336 147 65 333 199 101 85 324 339 100 241 161 284 339 227 307 246 334 105 344 190 209 346 297 204 353 288 9 83 207 169 324 108 184 38 123 284 164 307 195 228 268 236 22 321 103 144 101 11 31 100 220 120 104 254 36 241 315 193 273 224 8 83 52 9 274 214 301 277 194 64 183 91 258 206 311 89 217 276 166 146 77 213 307 77 16 232 228 222 17 357 332 320 96 227 310 162 86 238 348 282 337 266 119 14 337 162 347 117 264 281 317 288 82 49 339 78 19 235 261 52 218 346 336 146 268 6 33 18 204 241 63 142 229 232 31 274 38 320 96 69 11 11 
109 50
343 348 137 156 282 282 187 110 111 80 258 289 267 109 198 306 9 191 17 75 266 39 212 124 183 26 124 303 148 99 66 234 328 176 163 33 232 30 289 272 182 269 213 18 167 85 149 113 223 264 264 216 244 176 244 333 86 280 65 15 308 43 55 232 184 316 80 73 215 124 101 293 202 272 56 328 117 349 213 318 340 336 36 92 105 6 354 212 174 66 302 19 264 232 176 147 86 308 284 100 130 273 306 146 195 294 179 103 162 
197 273
77 82 7 305 333 352 132 109 332 302 51 93 150 324 109 261 108 345 115 281 27 287 270 331 209 256 117 307 205 168 102 157 336 251 242 237 321 270 203 126 201 321 228 209 144 190 159 17 272 211 19 23 110 186 85 281 10 146 320 200 184 61 152 216 3 320 355 120 249 246 66 169 14 219 50 310 274 239 201 40 229 125 331 72 274 315 241 88 193 323 206 132 41 324 115 258 305 113 178 107 18 164 262 347 356 190 233 144 125 85 5 121 264 299 149 185 302 45 91 246 259 108 45 124 270 150 24 113 69 25 357 250 130 8 31 244 169 230 207 142 330 243 184 169 112 239 158 141 232 322 66 229 43 225 155 268 56 61 126 45 94 51 170 57 111 215 40 308 306 142 83 9 164 57 128 160 28 124 73 282 355 306 167 287 298 49 84 76 24 338 57 155 263 299 163 164 222 
200 299
43 86 112 64 306 151 315 260 270 298 237 81 78 82 56 252 322 241 63 8 285 136 352 302 215 126 297 207 171 0 88 316 166 59 146 131 111 158 271 253 202 61 229 8 61 213 281 1 94 195 211 133 212 274 17 42 55 277 26 113 293 260 319 332 150 126 311 328 225 222 29 71 56 10 126 230 341 1 331 312 26 63 240 6 279 164 221 61 318 300 7 230 120 64 174 330 129 318 349 120 168 356 25 133 79 243 19 157 198 205 83 294 177 190 226 111 257 239 33 248 62 295 157 218 213 263 117 267 313 198 70 137 283 144 46 88 203 166 166 110 355 205 295 321 71 171 339 229 143 21 192 70 323 305 232 357 318 271 102 229 205 82 103 235 88 122 324 165 32 249 140 246 82 160 71 83 298 3 150 317 170 176 282 283 304 210 317 117 19 136 256 262 286 164 207 186 240 240 4 275 
4 95
159 69 67 252 
21 239
329 4 43 60 109 340 151 40 225 215 2 8 278 260 124 347 99 354 16 172 183 
337 322
270 104 100 48 218 297 11 166 27 130 262 116 356 338 300 122 54 207 172 141 176 352 62 269 49 297 225 79 21 284 167 225 250 209 117 147 247 224 351 96 225 140 255 256 357 164 184 59 224 327 331 254 55 64 154 81 198 356 104 3 13 274 10 140 267 184 154 175 338 296 320 132 127 149 13 308 270 128 100 301 41 318 261 168 95 226 340 334 287 355 100 332 41 243 161 22 137 295 318 271 60 89 238 157 42 141 31 145 84 324 186 119 37 55 38 327 71 253 301 332 182 236 337 97 148 185 176 240 197 316 345 289 58 104 334 301 247 26 301 356 95 281 126 235 304 114 169 223 7 44 32 23 23 28 21 85 300 32 142 147 188 282 202 92 319 121 80 154 345 236 315 216 95 128 9 146 344 195 274 233 36 181 26 153 304 298 125 235 268 258 74 110 10 125 128 140 58 240 271 184 272 232 217 114 232 356 51 29 23 50 207 341 265 80 230 359 311 169 129 128 191 341 86 295 313 274 215 118 26 210 87 211 39 307 127 132 262 0 270 229 342 58 217 74 281 268 153 15 358 199 221 54 139 155 203 81 230 66 112 71 349 342 356 148 254 316 265 271 286 139 278 234 170 34 210 228 249 65 316 356 204 136 218 276 321 191 324 63 100 201 195 205 130 357 71 107 345 43 298 298 2 57 290 11 53 70 132 227 356 236 349 206 44 36 5 23 230 358 76 200 166 281 96 206 87 97 261 321 169 293 118 309 144 172 34 290 264 
304 351
6 287 140 220 308 26 311 97 251 21 37 333 267 92 224 82 320 46 117 24 212 40 301 214 207 248 54 91 325 136 178 27 152 266 279 81 23 169 231 33 37 142 247 251 287 260 312 325 240 58 50 204 178 244 313 215 83 29 172 152 107 210 264 72 277 69 222 200 304 224 12 256 73 103 337 263 126 257 65 136 311 351 73 234 274 201 30 107 200 164 263 69 158 275 311 192 159 120 308 186 287 339 280 51 55 101 177 21 120 105 192 46 179 319 297 40 167 165 145 301 308 344 342 189 193 184 148 111 317 204 332 151 181 212 349 128 167 352 124 108 167 79 37 97 234 281 82 351 70 292 226 143 58 60 236 25 217 270 16 247 322 0 184 345 274 50 345 188 295 104 249 343 319 86 94 8 336 133 219 170 104 78 274 330 265 182 229 38 194 36 320 52 319 322 191 117 20 35 318 256 169 145 104 299 227 268 122 303 326 32 186 273 79 267 40 267 45 138 167 170 252 93 143 200 215 130 283 158 326 306 311 327 159 13 256 165 149 125 251 49 259 55 139 337 101 250 278 91 42 328 38 254 259 74 32 308 351 358 201 161 88 33 3 340 119 306 265 5 208 288 271 22 21 355 225 340 225 26 138 359 59 293 123 78 188 168 15 101 249 357 60 144 75 106 270 195 122 9 335 235 310 62 71 245 
73 338
266 238 151 119 272 59 330 60 352 42 5 303 227 211 157 131 355 329 171 46 195 257 89 209 81 265 342 12 290 323 157 313 86 175 65 34 350 148 346 207 77 133 62 65 156 314 76 224 216 98 173 306 212 243 100 25 97 110 251 332 8 334 310 304 145 19 246 113 240 137 249 267 254 
198 7
118 52 267 44 129 319 80 135 287 188 357 196 318 33 261 292 223 232 65 213 90 351 85 120 293 311 274 250 320 15 147 248 302 63 222 158 53 305 197 357 340 193 156 225 121 171 206 350 332 174 2 156 207 277 58 71 145 266 134 216 215 101 295 103 100 325 115 323 220 60 269 173 262 56 3 270 335 331 278 291 43 291 252 248 228 164 9 201 278 253 240 194 341 148 349 184 58 333 182 56 160 129 157 233 123 216 50 348 237 343 180 2 245 269 121 208 67 21 216 226 321 136 62 261 126 268 114 134 29 159 98 93 57 319 305 88 195 178 288 90 311 52 148 0 347 59 146 32 155 356 318 316 158 182 180 172 254 309 219 199 297 95 151 330 309 245 91 88 58 275 273 99 329 90 252 161 6 305 254 204 169 242 250 92 305 121 134 84 359 212 162 153 303 138 140 294 267 50 
230 301
90 296 165 70 97 72 39 304 204 350 122 90 208 98 344 184 12 233 279 316 178 108 334 79 274 63 32 124 158 350 90 135 300 129 307 89 58 229 233 205 75 251 272 62 22 255 5 182 52 287 70 308 348 192 88 53 202 48 213 116 131 110 170 218 183 145 328 98 2 80 289 266 228 89 254 188 228 343 163 358 4 69 358 148 61 19 150 168 84 320 255 347 356 74 90 292 181 273 71 187 166 272 138 312 325 289 209 183 186 120 269 150 34 34 131 357 176 128 234 295 159 206 221 279 197 249 137 153 185 226 221 18 292 5 69 336 344 115 285 10 72 49 19 35 45 80 207 277 213 266 94 192 301 13 220 122 45 127 339 264 145 101 149 128 157 124 313 123 242 143 108 224 115 35 225 268 11 350 103 179 98 252 221 155 112 212 19 328 99 252 98 204 319 110 97 183 330 54 102 158 169 259 280 214 354 129 309 16 214 14 319 57 305 131 3 124 206 35 44 178 296 308 220 187 307 267 324 337 118 55 
297 309
345 324 162 67 69 81 137 332 141 44 240 93 204 205 282 254 138 201 276 223 105 50 339 53 214 170 175 339 172 172 272 50 58 108 209 92 337 342 248 245 225 334 212 202 237 177 169 252 161 47 309 331 127 327 42 84 22 210 5 213 193 88 78 60 67 235 94 123 36 184 357 223 274 232 288 105 85 30 316 267 270 232 225 208 28 76 322 221 258 204 261 95 216 295 257 162 76 351 158 71 146 294 284 298 265 142 98 215 87 128 110 266 238 216 36 258 137 242 338 110 87 53 344 214 231 233 120 68 273 222 276 181 122 278 342 316 92 129 281 183 81 313 273 4 311 275 257 339 302 285 34 339 308 152 240 328 138 160 192 33 28 335 280 154 22 105 111 71 139 257 165 296 159 48 295 292 248 324 228 299 139 26 287 56 112 262 307 30 234 192 81 40 124 102 85 268 241 35 218 279 229 42 55 23 88 197 242 110 214 81 82 283 67 107 193 337 126 97 8 118 269 154 205 237 167 9 156 125 30 215 133 192 304 18 58 213 285 329 353 134 52 104 12 26 213 222 286 347 62 282 33 115 51 283 320 252 260 321 0 2 296 234 108 349 90 172 32 306 33 25 247 98 77 351 276 226 104 146 194 194 70 130 121 246 261 195 356 84 300 277 19 96 104 66 346 166 268 
151 303
307 39 51 68 152 347 80 183 121 219 83 176 175 1 66 248 144 167 75 187 293 33 100 17 324 248 315 300 160 189 189 258 162 44 65 198 161 233 147 106 194 171 119 253 139 240 163 48 295 239 193 58 121 217 339 53 94 66 214 49 214 29 66 278 89 250 201 300 290 211 251 64 160 328 38 99 320 281 142 207 155 311 285 279 191 137 267 193 250 164 32 17 98 294 284 73 291 100 80 294 192 304 158 357 289 66 52 240 193 225 25 100 239 358 353 253 8 164 295 169 9 45 278 250 222 279 53 221 166 291 234 207 100 187 33 44 236 245 222 196 59 314 296 34 216 159 118 313 241 301 162 
238 277
172 14 263 283 281 275 112 314 288 189 133 262 288 226 301 174 247 316 268 235 218 207 146 91 24 336 316 284 338 288 172 217 359 127 24 45 273 238 2 48 290 330 75 305 136 121 334 333 11 2 112 227 69 208 187 69 62 138 263 192 194 231 272 296 225 222 317 338 131 308 348 313 129 78 63 280 271 66 57 249 352 334 64 123 202 328 328 87 82 76 141 15 4 43 16 242 169 274 81 94 168 194 41 231 350 308 157 313 16 128 350 218 181 237 169 12 9 15 292 229 82 221 270 301 227 223 126 255 267 78 301 194 44 200 44 146 23 90 336 93 146 347 131 27 198 72 229 344 126 336 149 258 137 221 311 68 321 330 179 42 42 196 231 85 321 124 107 42 20 186 148 186 119 174 70 57 23 169 198 341 102 279 233 212 289 236 116 74 209 328 191 235 99 212 291 296 116 225 304 142 105 148 32 359 148 15 114 167 327 57 61 45 169 147 342 142 39 276 354 27 253 211 82 61 98 56 213 349 295 282 151 190 19 295 357 260 351 358 
66 244
44 350 144 217 110 196 356 76 28 225 345 131 302 127 66 169 197 6 252 60 200 67 210 89 303 93 150 19 311 284 259 54 254 163 282 336 249 89 2 323 312 182 331 28 52 213 113 264 165 85 54 339 291 176 125 311 137 224 200 229 262 241 30 27 126 218 
141 349
66 300 213 145 70 283 103 9 308 196 317 10 62 118 19 354 86 60 14 149 164 285 204 25 135 154 263 56 162 102 200 203 141 99 152 194 165 218 185 38 60 268 220 349 303 225 350 303 284 214 234 76 343 173 127 218 97 269 352 296 221 357 212 117 213 132 57 120 308 232 231 49 221 185 12 117 337 11 226 222 95 257 252 18 94 301 242 154 276 335 91 321 170 7 312 182 269 54 99 279 271 68 61 72 124 82 125 104 154 307 21 204 42 12 3 246 100 175 341 251 330 72 320 324 181 64 105 18 248 302 101 87 349 201 270 189 202 0 93 14 239 
259 348
293 293 176 221 92 142 278 12 56 328 215 333 350 195 32 24 183 148 357 193 292 127 289 61 116 341 149 161 131 92 24 75 225 339 164 120 34 344 272 13 324 143 328 250 49 64 273 157 187 335 191 169 92 215 235 234 68 243 338 186 149 325 304 37 292 292 127 223 202 248 51 284 303 284 255 141 63 151 157 263 322 311 345 252 196 289 75 246 53 287 341 111 67 175 235 154 42 17 329 316 21 92 34 321 320 189 64 259 161 29 347 270 28 25 113 177 148 335 137 228 133 146 73 103 55 347 341 15 143 7 225 68 215 159 123 273 138 189 357 90 138 261 318 249 161 190 126 19 174 183 37 112 278 103 53 73 222 217 158 115 333 61 209 47 197 11 205 357 77 11 214 40 293 308 303 30 359 171 66 133 35 18 257 199 137 348 3 240 357 66 115 126 82 158 206 296 136 99 32 335 284 293 148 340 158 26 320 136 160 226 350 175 296 155 106 28 3 196 51 182 40 39 310 312 219 15 295 193 281 320 93 139 259 237 315 219 8 338 168 111 96 108 195 31 27 332 107 233 71 261 177 339 252 294 92 44 26 8 358 
20 154
318 285 321 317 239 219 234 326 155 145 306 171 350 222 227 209 116 10 354 101 
306 229
31 9 313 31 200 291 167 224 335 192 323 55 150 20 343 115 310 274 232 351 63 99 73 217 124 258 248 29 42 317 306 32 17 314 169 49 336 80 206 116 145 226 108 62 235 87 3 332 145 133 35 66 80 55 80 327 353 86 208 125 252 203 241 298 59 137 190 208 338 266 79 125 18 61 311 99 82 274 233 62 333 74 164 310 287 195 248 215 117 192 114 6 295 130 302 140 126 181 296 40 97 48 327 143 197 63 98 16 235 321 57 157 359 288 278 299 306 298 306 61 101 255 59 179 352 8 292 289 282 2 105 60 272 108 169 46 209 318 86 29 351 304 65 269 137 233 301 299 248 311 231 115 95 115 55 169 229 298 268 286 293 103 58 112 306 39 267 163 309 331 61 269 243 1 343 259 31 272 250 287 333 218 177 341 104 335 286 169 54 87 250 59 102 194 191 15 32 62 138 71 150 171 284 268 337 204 295 235 200 74 35 42 113 68 327 134 223 55 130 50 329 324 176 145 193 281 235 105 6 159 166 219 59 78 93 217 261 27 193 188 289 278 2 75 155 250 80 66 137 33 119 32 222 219 207 195 163 260 241 232 36 326 63 313 202 152 315 243 255 125 280 220 226 283 293 254 157 40 242 174 53 298 21 3 233 27 305 3 260 277 111 211 7 281 170 170 4 165 20 203 321 24 232 240 337 140 
304 52
336 50 142 333 168 110 292 164 68 335 134 82 258 37 89 216 27 79 24 357 142 179 170 134 309 193 246 349 161 170 138 251 297 312 248 36 208 270 285 255 261 294 99 48 315 233 296 148 264 335 161 220 83 23 344 226 71 204 152 271 201 56 250 309 61 148 20 188 80 87 109 256 309 256 10 232 78 195 315 274 43 69 344 119 302 259 244 147 312 290 289 343 277 351 254 305 300 80 257 308 211 80 246 107 208 162 201 119 245 88 240 9 217 44 344 327 198 266 28 89 274 139 357 244 240 152 273 308 249 271 245 162 232 78 136 238 240 194 82 113 211 274 49 153 290 344 71 344 170 302 111 44 58 149 111 167 178 236 146 25 14 3 11 304 219 59 123 144 62 139 49 194 87 149 50 271 176 353 306 10 304 251 22 33 190 142 120 192 58 234 104 183 263 233 343 240 203 209 350 315 307 28 141 24 143 102 193 251 166 208 185 259 64 223 344 27 73 98 8 85 13 54 339 144 359 70 87 253 230 72 291 115 355 58 227 46 87 248 286 280 77 55 270 99 157 160 121 135 335 122 319 240 359 228 156 88 49 215 354 181 274 129 352 82 329 66 251 116 229 23 199 44 161 32 129 217 355 316 109 27 45 346 189 128 228 286 315 352 227 287 127 204 172 144 314 167 246 127 123 218 253 330 47 219 
187 270
312 23 43 205 189 230 100 237 114 283 228 3 72 255 155 359 326 79 116 216 145 55 289 102 77 330 271 85 267 20 346 188 307 287 36 241 57 11 93 264 142 65 185 25 95 267 354 131 141 79 49 251 292 57 115 157 137 142 1 25 250 313 89 117 186 42 355 77 94 133 222 250 219 42 171 334 235 209 301 215 252 343 143 205 12 257 346 208 344 202 289 8 288 165 5 1 166 285 177 92 288 227 186 166 102 112 123 141 61 276 359 241 180 98 214 266 110 224 257 261 116 112 237 153 236 273 206 253 321 156 53 65 108 188 113 196 122 191 80 119 52 228 241 64 28 187 227 295 204 178 258 257 29 31 295 92 333 268 186 0 328 42 273 175 181 263 308 168 209 296 155 304 75 14 347 65 79 169 331 101 49 323 3 50 348 219 12 
264 347
35 90 355 80 243 95 78 320 358 268 97 133 346 313 60 3 10 257 61 13 17 194 320 73 202 177 346 339 44 335 43 133 167 336 295 275 238 11 85 161 26 346 128 228 184 8 315 281 75 150 272 45 112 359 124 167 138 130 248 351 74 246 129 193 108 330 118 331 127 85 173 358 97 11 150 283 340 51 69 293 278 345 35 161 17 37 319 329 196 109 69 73 173 304 205 7 33 228 187 238 146 151 319 111 359 359 47 325 277 75 209 96 96 142 157 106 243 230 274 6 221 357 112 22 226 106 26 3 339 311 297 236 35 155 201 198 257 191 40 295 138 108 236 298 117 197 63 298 242 313 341 311 41 60 8 284 116 211 150 332 41 96 113 281 327 265 291 274 243 355 17 45 357 266 227 315 106 333 75 250 176 178 311 171 316 85 69 108 117 88 305 356 198 344 95 163 268 294 171 173 194 233 331 41 143 145 303 356 237 1 19 63 224 327 102 300 147 188 272 66 212 255 335 243 21 23 121 203 39 137 78 136 206 110 354 305 14 322 232 319 296 150 66 125 350 51 115 195 300 225 345 265 128 301 128 341 107 205 117 168 290 155 129 146 
39 142
177 316 121 164 197 67 45 198 40 209 166 61 220 223 261 353 144 48 349 158 316 208 145 61 14 71 79 308 87 305 260 185 265 54 311 148 314 324 327 
308 102
139 244 45 213 0 22 158 173 212 131 268 140 333 61 92 323 339 341 30 114 39 68 173 214 242 344 35 146 48 167 240 345 150 326 236 34 290 328 185 246 344 79 233 95 74 38 71 144 231 95 2 51 119 46 124 125 274 153 142 237 206 188 253 165 176 307 300 220 200 161 164 344 61 82 324 279 111 342 140 3 63 259 359 257 105 354 344 341 161 337 139 240 172 329 123 203 36 218 12 15 164 4 91 103 274 276 44 149 55 86 102 279 261 194 274 68 194 19 132 331 159 322 325 12 181 108 342 355 129 222 205 236 232 160 64 328 47 26 29 303 246 157 270 165 191 133 15 36 60 345 151 14 114 346 7 338 64 1 59 0 308 328 304 47 308 212 77 224 163 143 89 209 21 19 227 153 289 204 117 307 157 218 22 28 168 186 314 186 38 71 224 340 151 100 96 123 172 173 282 124 65 343 254 280 127 236 161 52 32 238 78 30 129 187 99 35 138 182 174 281 114 326 68 89 348 145 62 174 214 260 115 247 1 1 195 100 118 56 213 98 160 276 308 79 132 103 32 163 193 212 263 72 191 37 95 127 142 201 110 305 207 18 48 104 194 201 121 156 115 320 241 190 261 177 276 3 329 93 210 290 265 30 189 62 356 329 146 128 243 320 351 258 307 246 87 239 9 182 187 101 269 195 353 197 284 9 298 324 
122 354
192 302 10 258 309 334 216 218 282 321 233 111 136 277 139 323 293 355 301 106 149 84 269 60 277 111 259 224 306 18 77 88 26 157 303 346 267 146 330 126 98 3 227 6 244 142 60 52 202 21 192 211 250 295 145 119 346 342 358 23 12 154 309 318 199 257 167 4 93 169 287 333 16 147 177 318 75 251 83 238 316 95 181 169 50 272 145 91 41 66 306 194 193 11 352 227 286 345 60 270 165 238 329 233 42 306 152 289 51 239 7 17 337 241 345 155 172 105 49 132 218 310 
219 53
9 287 51 121 337 75 320 285 318 235 74 198 215 276 8 30 54 174 26 47 231 191 229 194 147 238 199 183 2 34 32 62 309 22 210 321 246 317 270 65 301 52 109 36 143 199 42 20 197 334 50 92 187 250 73 271 123 340 84 72 67 334 195 300 186 263 4 11 183 318 184 42 58 85 85 243 246 237 177 305 81 133 269 242 174 190 219 193 353 257 208 357 264 340 245 48 270 270 83 146 359 24 177 321 210 195 325 10 112 267 170 224 293 6 103 286 345 50 72 359 187 35 229 303 244 341 216 291 82 79 52 196 356 71 55 146 122 137 319 230 36 13 31 133 272 307 167 224 138 165 163 153 47 258 288 27 263 18 78 19 287 157 139 0 47 246 193 358 49 303 91 85 212 256 325 352 188 102 322 48 20 40 228 324 267 195 96 229 146 179 296 50 65 103 9 357 110 181 138 42 138 30 176 30 282 67 71 122 256 10 46 81 325 303 52 161 335 300 65 
151 231
239 148 223 292 253 229 333 10 85 70 343 141 80 59 183 117 72 252 239 65 319 65 58 100 313 250 175 126 79 183 105 138 20 187 316 168 69 263 56 187 71 17 57 292 173 128 268 187 81 12 147 149 266 100 214 260 279 283 194 343 143 240 342 32 163 321 171 84 215 87 337 131 358 46 227 308 29 317 42 260 295 2 133 141 300 80 294 20 266 286 2 153 68 260 134 49 86 168 193 262 135 252 269 16 301 293 332 114 284 183 326 313 152 85 127 11 105 90 328 64 190 195 276 311 32 32 33 25 153 195 33 14 49 175 78 75 245 94 151 265 62 27 159 236 175 328 119 326 269 232 20 
45 71
175 252 127 282 257 347 121 294 230 257 293 230 127 298 111 203 32 75 68 110 250 94 63 58 347 242 270 146 146 297 39 163 91 316 302 207 30 284 64 350 224 1 90 251 112 
266 194
154 229 70 93 102 229 344 144 49 242 351 292 160 85 344 66 187 21 287 183 117 149 86 237 32 330 173 174 100 6 306 316 114 294 264 230 261 338 17 95 183 8 317 218 286 139 2 322 134 286 231 222 231 255 269 258 165 179 251 115 135 262 209 98 172 32 37 183 169 255 187 359 243 321 155 170 351 321 284 329 256 262 120 105 296 140 100 132 172 68 203 296 358 87 94 228 345 49 244 296 293 128 135 34 241 210 57 64 18 74 99 355 2 277 318 248 279 176 353 61 33 348 158 107 6 245 238 212 322 324 146 133 117 159 117 282 44 106 215 45 304 9 160 2 188 18 285 304 304 334 101 149 213 92 191 211 63 300 71 132 169 338 117 222 80 317 51 247 238 281 99 272 42 282 148 137 282 262 309 87 161 215 204 274 19 212 76 28 305 355 126 269 354 5 113 263 156 332 180 120 290 266 74 143 216 27 169 113 118 243 148 42 229 75 352 157 295 251 318 94 242 190 188 122 334 286 178 314 295 19 46 123 5 17 254 182 62 272 30 207 327 74 327 330 150 83 194 51 34 125 282 85 116 246 208 166 238 217 347 63 107 41 350 104 66 258 
298 268
162 221 332 193 200 208 343 132 154 179 4 351 194 159 323 226 89 329 166 114 288 180 186 202 222 303 308 232 232 201 335 301 76 137 202 230 250 174 54 299 97 219 48 154 220 284 227 28 160 60 59 329 289 237 330 60 16 58 82 155 316 143 147 81 183 314 73 247 352 160 333 321 156 156 350 285 120 338 126 31 191 180 129 91 40 236 250 84 112 73 308 242 136 314 235 289 112 162 262 22 230 75 119 320 264 64 101 57 336 215 281 174 155 358 51 148 231 51 208 315 273 246 119 342 122 273 21 28 30 120 300 298 249 60 280 138 344 122 318 260 253 213 104 144 329 322 282 258 343 6 250 25 343 286 176 289 255 291 118 61 117 80 334 17 195 3 272 3 175 277 84 49 338 132 205 56 77 43 311 230 350 256 329 183 352 202 153 336 115 127 162 39 90 82 191 57 91 47 184 316 35 17 118 308 154 339 351 112 350 34 349 36 58 41 14 218 269 37 99 145 276 226 282 59 232 257 205 275 127 76 340 299 214 35 235 197 263 78 119 169 58 103 97 257 294 117 42 68 297 116 59 180 1 290 160 270 29 106 113 330 200 187 224 255 289 44 352 55 285 205 163 99 94 114 158 216 81 324 13 320 250 76 283 150 229 208 317 100 89 79 253 235 234 159 309 347 248 161 
178 49
203 121 353 180 46 30 187 232 217 61 60 34 10 45 173 319 149 311 287 282 82 183 153 243 277 231 146 13 49 275 336 253 277 194 17 85 340 131 94 355 157 35 278 133 2 328 194 63 326 204 330 31 68 74 124 141 307 213 208 8 110 112 191 312 278 272 161 344 122 9 11 196 302 178 216 280 172 16 23 189 29 26 359 316 238 202 52 291 151 53 31 72 283 166 63 52 356 244 151 98 350 271 196 218 21 7 72 177 120 359 125 140 81 49 66 299 308 323 357 124 288 233 226 35 0 135 96 134 231 330 19 171 7 261 333 310 312 23 49 73 233 32 174 61 330 342 102 5 92 279 268 305 34 334 74 68 116 299 259 30 114 113 30 242 200 171 155 67 275 291 120 55 202 266 93 247 23 197 
196 50
16 180 87 46 15 8 50 286 272 270 97 318 297 134 145 346 293 142 8 21 324 171 154 232 260 330 125 110 345 35 177 55 337 95 221 193 157 354 256 40 322 283 143 200 162 74 330 44 80 317 135 302 340 136 240 246 123 319 118 332 170 295 61 124 184 133 281 219 168 95 239 213 69 297 77 139 187 189 352 122 175 181 321 335 126 310 94 140 328 99 177 118 133 289 121 2 186 121 24 133 323 242 80 20 182 68 154 158 93 347 239 163 357 13 54 189 57 196 213 243 20 214 319 95 94 66 323 167 268 170 28 50 67 349 10 156 189 247 307 86 154 309 32 170 129 90 346 310 199 253 250 166 22 231 290 331 182 217 265 269 59 247 187 143 174 249 117 277 184 80 36 122 134 277 88 313 242 119 71 8 36 272 6 22 310 71 72 182 98 251 312 342 240 259 295 244 
112 216
89 136 267 191 294 100 72 287 282 339 191 257 113 59 127 174 12 136 295 267 67 10 322 288 291 221 323 175 210 48 130 330 199 176 98 1 128 116 157 89 13 242 173 203 327 39 17 350 212 237 23 141 204 38 32 139 52 54 184 344 141 194 243 211 62 35 152 88 88 187 141 45 124 105 121 156 127 147 244 63 65 79 203 149 40 330 66 281 127 45 264 10 91 60 257 355 56 32 188 278 57 40 73 42 201 160 186 290 115 221 141 318 
175 312
120 290 175 287 196 304 5 281 346 41 225 147 129 78 80 230 237 187 53 299 332 50 183 183 155 359 252 354 289 311 68 140 263 216 237 60 126 93 194 97 204 291 104 249 295 114 282 239 73 289 146 40 288 331 209 45 175 178 137 140 114 233 75 352 66 113 265 127 113 169 62 348 116 42 170 3 198 198 8 21 194 150 177 323 23 289 20 45 254 62 48 275 137 96 325 141 98 55 269 230 63 310 123 299 84 81 183 20 206 0 99 13 158 28 174 268 120 218 129 165 45 206 236 196 147 95 78 295 109 153 14 48 183 249 5 30 198 184 236 102 60 189 140 19 350 45 153 301 14 52 10 296 49 274 39 334 232 119 212 219 263 351 245 89 239 80 43 101 280 104 122 101 142 76 354 
27 348
274 226 259 3 49 129 251 128 200 220 5 109 237 277 214 229 149 166 211 1 80 77 63 138 226 225 140 
262 45
31 34 204 50 258 89 43 35 118 344 341 287 271 89 320 359 315 130 141 203 221 88 164 7 290 271 350 213 144 136 314 56 138 298 17 238 231 323 71 55 337 49 171 111 33 110 146 234 166 216 91 235 283 267 81 232 24 165 268 187 44 315 88 73 132 346 283 136 41 289 292 68 84 139 162 18 297 354 20 19 154 316 248 114 209 305 152 256 179 210 226 61 237 173 66 351 267 161 286 194 316 71 165 169 160 121 246 42 43 163 176 86 139 123 301 330 262 299 139 330 218 130 166 175 154 108 84 129 278 229 176 137 216 45 326 253 34 207 337 255 167 30 221 285 305 106 8 275 169 108 136 81 97 191 199 129 160 269 290 203 323 75 224 258 4 161 277 308 290 132 347 82 87 135 156 111 190 108 176 89 63 21 194 273 116 146 64 243 0 255 184 57 16 175 171 141 340 18 191 320 358 316 273 128 314 327 241 310 83 8 7 7 240 74 286 351 49 14 224 264 206 228 280 89 247 322 100 353 198 332 206 128 311 58 318 82 136 335 81 35 300 205 220 213 208 3 287 82 317 75 71 105 250 23 115 165 301 208 243 43 122 278 
123 352
228 146 47 205 227 180 178 152 9 178 11 328 6 172 197 278 352 338 213 26 336 304 323 270 355 193 172 292 24 322 227 14 217 121 113 191 127 232 64 29 158 283 135 165 134 298 121 340 119 240 130 141 264 199 217 252 153 195 28 333 272 227 245 256 127 243 22 36 22 325 32 161 109 231 89 350 36 243 136 349 319 305 206 91 87 307 28 352 336 288 230 216 36 62 316 176 49 184 315 310 202 52 152 79 131 90 6 233 305 157 291 13 330 233 147 252 342 315 157 20 173 295 140 
76 55
62 199 59 98 302 194 317 57 69 6 140 49 166 183 131 356 198 288 275 342 50 256 60 249 315 254 56 179 337 126 28 176 328 291 68 105 140 135 293 152 189 123 246 271 2 348 49 185 212 220 103 184 264 243 200 181 317 218 250 316 86 186 291 35 310 319 48 4 339 217 10 54 87 69 18 280 
106 307
357 95 273 11 95 141 330 241 333 103 230 267 286 273 154 97 294 96 234 276 289 149 211 24 357 265 107 95 79 356 288 175 223 298 94 44 39 98 85 300 145 168 155 17 352 335 206 220 163 180 200 37 21 135 113 164 344 295 181 114 27 165 247 227 253 271 47 14 281 148 257 334 23 133 107 121 328 157 215 67 211 88 92 128 314 260 67 72 254 105 268 6 93 354 117 326 311 285 338 187 95 238 246 255 249 183 
119 334
73 226 185 103 204 118 358 4 184 196 6 87 9 142 5 18 193 158 228 23 300 88 43 222 341 345 149 358 337 123 295 156 41 122 79 254 161 27 141 259 294 62 10 95 217 115 168 170 4 127 5 210 97 296 273 296 295 120 158 241 82 5 5 37 109 96 147 238 332 105 200 332 352 336 254 151 215 342 54 239 355 46 185 14 22 63 4 283 76 138 33 245 337 152 162 313 212 244 234 132 158 144 212 130 319 138 19 18 298 312 294 331 2 310 332 201 184 211 172 
153 123
110 107 105 241 94 336 31 115 296 162 182 339 264 135 13 212 97 76 173 61 243 122 100 116 144 188 240 242 161 113 245 286 47 184 299 77 123 9 234 288 248 167 108 157 336 110 155 194 59 150 340 218 173 318 147 41 196 65 221 264 130 204 94 353 222 220 207 205 165 28 63 51 188 261 17 107 58 239 321 337 180 150 92 100 355 209 167 282 248 264 60 49 331 322 277 184 202 246 257 108 183 234 106 43 217 89 122 62 278 82 347 239 22 205 193 124 142 250 339 319 161 0 160 284 207 219 150 115 56 64 258 100 339 137 200 29 226 271 33 292 111 178 101 132 94 244 345 48 131 83 359 138 155 
352 161
161 339 199 302 297 132 283 106 111 327 242 200 191 174 166 94 264 244 57 244 173 244 57 121 248 148 26 330 106 25 352 12 11 251 138 246 64 75 296 331 231 273 154 354 12 1 217 174 351 193 10 11 21 304 261 276 47 322 116 286 220 332 355 86 91 281 231 286 313 67 310 131 271 255 347 47 176 26 33 354 318 97 144 67 276 172 36 194 279 214 153 291 128 133 43 32 40 155 308 299 148 215 281 288 98 143 296 301 325 161 226 325 116 268 137 124 332 150 210 42 206 75 114 336 277 64 109 279 179 142 35 139 32 235 242 331 299 214 194 313 63 291 223 277 145 83 341 306 71 201 80 319 195 122 297 335 304 0 309 83 179 348 167 211 311 214 264 101 70 89 230 81 280 355 285 45 222 296 196 245 143 306 209 32 235 187 15 359 247 69 239 7 348 19 76 51 7 294 302 109 120 122 19 267 197 192 117 305 46 176 104 101 344 335 267 256 147 303 185 141 62 291 199 96 213 141 249 73 47 99 139 231 86 302 144 53 181 278 247 300 95 161 296 103 336 13 227 337 263 10 342 195 104 313 335 24 213 18 96 357 31 136 94 171 321 119 207 257 19 195 105 228 13 146 165 99 263 156 154 75 205 103 357 353 0 50 309 249 169 190 19 179 111 134 308 63 293 334 47 336 318 194 103 27 155 333 336 239 331 272 241 316 29 41 352 132 209 316 148 48 330 12 232 55 262 58 182 232 206 98 6 150 194 168 245 356 115 103 209 268 109 349 82 148 281 312 359 258 141 251 126 302 
65 194
252 190 82 110 78 63 56 223 351 181 159 190 159 280 348 208 308 278 17 190 147 111 334 46 139 307 39 275 216 98 125 252 207 59 225 257 263 263 175 349 145 44 181 289 185 309 87 89 67 3 260 260 306 91 153 190 170 107 352 345 274 17 248 163 32 
316 3
291 307 317 110 266 265 277 1 184 237 231 137 350 77 64 89 192 273 341 26 86 177 187 217 174 112 313 154 293 262 78 44 328 234 324 146 191 280 194 224 228 155 117 21 317 296 311 40 130 78 49 238 286 252 256 25 280 338 73 162 118 220 36 167 191 202 22 57 28 102 204 70 19 295 259 83 196 148 207 146 6 162 270 273 344 15 163 279 253 319 77 116 131 119 206 136 27 32 334 121 329 36 35 70 40 52 305 269 64 158 314 245 5 207 61 101 52 75 329 235 21 310 21 344 1 196 139 303 67 135 42 90 200 350 39 183 324 64 336 112 120 201 333 273 345 9 55 58 202 248 195 223 52 344 82 136 307 296 105 122 181 44 21 240 184 194 54 252 327 112 106 155 341 59 320 227 166 7 150 82 349 243 110 299 61 212 163 225 135 302 49 243 124 343 305 153 160 90 295 131 271 129 9 91 190 57 87 309 279 103 39 195 351 90 108 342 243 138 325 1 320 173 88 156 184 137 113 284 302 322 356 227 6 252 213 51 200 256 32 114 357 217 108 184 285 202 201 115 169 75 13 66 282 174 252 262 329 119 223 303 180 292 71 310 110 183 33 323 115 280 169 178 18 103 349 224 112 253 224 296 94 165 311 138 220 229 48 191 94 132 232 229 244 101 240 117 340 75 270 105 207 273 42 38 149 141 271 215 69 245 313 0 240 235 1 101 
340 84
300 342 255 151 153 35 33 88 234 262 71 286 280 111 242 352 118 21 8 108 351 248 44 196 176 129 252 158 335 250 320 120 223 197 12 353 130 30 211 94 53 145 18 64 54 105 14 61 329 75 117 84 130 129 309 106 34 28 60 56 33 235 313 210 40 138 232 321 358 344 201 30 145 214 209 322 106 106 267 330 275 267 96 175 35 291 241 59 228 138 2 244 348 267 161 76 234 214 141 214 65 79 115 343 189 182 139 189 248 197 46 24 220 104 127 97 128 323 247 127 40 27 52 251 18 355 314 135 270 305 255 273 303 327 177 63 122 302 164 174 226 98 216 286 17 199 347 322 135 158 70 166 119 156 272 141 130 8 200 337 56 214 26 162 257 129 155 183 69 284 155 0 170 187 113 58 86 179 163 75 275 113 261 142 46 270 103 102 252 78 268 291 317 62 69 186 3 358 126 77 19 11 107 98 18 137 126 337 173 15 102 229 326 0 301 58 239 237 315 199 127 178 212 39 91 177 281 329 2 262 249 124 222 160 329 182 343 312 105 177 272 150 87 272 71 299 47 82 103 191 329 135 37 215 50 328 80 277 346 184 185 218 76 338 25 84 136 349 332 43 271 319 316 222 283 73 195 295 176 45 159 237 254 215 311 284 115 352 236 201 13 157 319 2 191 313 61 1 242 260 46 45 121 239 207 212 40 98 184 190 240 351 77 258 243 67 131 359 9 168 132 320 283 297 56 241 178 120 161 331 56 43 271 129 42 301 140 280 359 32 
193 354
227 56 342 191 23 273 134 168 14 110 49 48 283 102 154 102 356 17 314 350 89 91 65 122 105 188 79 154 235 277 148 343 88 57 129 266 96 62 347 71 69 151 350 4 342 238 273 136 197 286 333 17 353 244 307 92 147 226 241 264 140 102 232 87 243 61 52 157 258 312 169 89 3 306 238 52 203 313 290 125 350 303 213 115 226 192 215 30 198 233 236 181 98 68 277 2 122 215 75 82 243 129 44 252 124 162 349 260 98 323 49 337 201 279 127 135 2 312 197 131 156 147 299 9 222 2 109 349 40 167 11 123 105 189 281 139 123 62 40 158 309 166 16 115 291 313 163 252 45 60 225 337 28 336 155 16 313 283 187 195 288 34 161 293 103 298 282 49 67 222 1 198 116 16 138 87 192 104 348 249 45 166 176 249 141 165 269 226 245 222 213 166 68 
316 53
158 166 92 227 325 331 81 104 77 150 217 161 184 234 221 37 202 22 167 286 129 301 7 54 77 24 233 354 164 81 346 24 219 229 173 350 310 222 93 344 1 166 254 211 76 200 159 352 228 196 357 50 145 115 231 159 5 2 236 166 232 30 299 214 238 248 230 343 191 189 126 139 112 92 127 8 137 222 2 33 193 266 246 26 32 68 284 21 36 114 60 67 281 147 346 105 91 155 121 51 247 246 30 148 307 192 13 235 139 287 18 27 118 78 160 176 96 182 147 36 68 177 142 296 43 238 8 196 114 169 195 107 99 208 349 19 199 312 106 174 201 268 294 330 6 41 100 81 72 147 169 100 45 234 266 339 70 186 325 230 325 222 282 22 32 170 146 5 79 329 226 179 98 254 209 16 12 106 240 267 285 67 317 346 35 273 274 171 160 19 354 192 314 45 207 343 272 40 238 257 345 121 313 243 77 247 79 262 337 80 200 180 187 122 331 315 304 10 184 160 315 255 216 101 95 152 3 250 175 246 51 79 102 50 278 42 239 16 50 193 173 249 80 107 285 290 88 316 281 279 247 142 294 213 122 341 15 12 60 321 127 60 127 92 212 211 28 333 227 62 60 97 44 342 184 17 250 107 214 12 225 353 322 51 304 29 218 89 35 244 121 205 127 250 268 131 5 250 190 317 197 160 21 36 281 277 113 104 37 56 125 261 160 140 350 164 
72 248
341 151 327 335 90 75 133 248 241 348 111 201 353 116 209 4 317 216 122 268 45 30 50 117 172 14 78 2 95 191 16 11 236 90 233 123 253 277 319 95 239 132 324 91 241 282 342 101 195 78 85 100 147 309 123 58 195 171 66 18 106 109 235 21 8 269 93 282 16 106 98 22 
336 333
274 110 21 59 239 230 124 154 105 53 196 154 19 20 345 282 313 125 169 64 288 220 308 145 15 71 344 170 45 87 191 343 279 356 161 181 25 229 32 340 66 354 86 265 138 290 226 2 359 330 15 263 166 15 142 133 30 119 262 25 154 218 160 332 230 207 300 261 358 300 278 314 355 198 193 253 206 174 221 43 43 265 75 310 202 194 84 22 29 96 107 278 321 200 271 323 126 349 144 346 247 280 247 331 57 66 166 244 274 6 57 6 49 72 112 152 242 17 110 93 282 188 273 8 248 129 38 332 351 291 217 315 226 237 212 251 204 127 191 205 262 160 294 147 340 251 306 162 310 151 162 2 256 112 184 305 188 58 242 354 27 247 196 126 132 164 191 50 123 15 147 117 34 229 322 40 82 32 87 328 96 126 87 259 152 69 294 252 30 50 72 170 156 262 5 262 143 293 171 135 12 330 256 227 33 198 169 197 221 29 37 39 98 132 143 66 251 350 94 334 207 308 133 254 200 97 156 269 281 116 134 220 193 21 129 347 270 69 196 135 276 43 245 39 217 4 6 140 61 354 268 53 128 349 56 301 287 80 128 219 54 286 73 257 174 224 243 165 72 238 17 151 15 272 165 39 127 201 285 122 313 53 269 285 42 258 240 320 213 165 226 132 90 38 310 179 145 324 283 126 348 356 352 230 25 194 54 173 82 319 31 212 2 188 205 66 303 20 269 25 17 158 11 335 253 152 28 346 172 206 127 287 48 65 354 115 
155 34
71 44 15 68 36 179 329 181 64 194 320 326 279 342 260 12 235 310 349 8 6 251 287 310 232 151 124 348 25 88 20 140 71 193 129 11 43 278 228 176 174 85 342 257 130 93 200 275 54 224 1 34 214 54 261 17 22 322 274 140 71 80 146 221 304 62 212 247 103 230 31 61 209 344 344 20 61 17 142 111 194 161 192 38 120 188 18 115 341 178 316 5 55 299 288 259 114 6 206 333 64 74 214 359 276 314 163 75 92 307 154 240 82 273 132 307 289 33 53 20 0 288 171 319 40 347 282 9 4 317 290 344 316 192 127 170 33 190 23 282 243 125 132 263 233 16 70 301 264 279 272 328 352 142 128 
195 41
79 312 44 172 228 274 198 195 252 88 239 340 317 159 217 142 181 223 108 142 285 276 124 260 153 125 93 265 326 209 234 45 214 37 34 112 264 79 222 342 265 76 150 305 221 305 40 287 27 281 74 170 213 353 56 11 130 301 356 333 224 312 285 73 161 224 242 127 99 221 347 237 143 130 299 72 62 217 214 224 127 138 100 11 338 150 277 70 249 124 4 50 187 357 339 275 132 261 114 40 55 299 221 243 129 71 8 69 314 191 58 215 256 89 99 271 284 207 146 37 346 204 310 48 245 178 303 8 10 252 265 56 318 258 11 165 331 68 204 174 143 273 358 267 21 325 233 123 350 72 91 271 130 205 286 322 118 286 110 240 267 125 348 255 334 292 259 22 83 205 274 270 343 113 254 159 143 184 225 236 36 298 147 57 66 46 30 272 90 260 242 317 103 208 351 
14 285
302 33 133 205 45 189 40 164 74 40 43 128 334 107 
192 81
331 110 357 15 287 239 289 160 155 136 348 269 302 85 142 38 319 336 236 280 111 320 67 221 27 119 103 13 136 332 13 24 335 256 221 199 229 283 120 83 337 294 194 188 146 39 262 128 217 88 356 358 188 169 118 154 355 138 8 46 81 265 195 235 61 324 351 295 79 298 157 240 144 266 176 30 165 30 143 42 38 352 333 20 245 139 322 125 122 245 5 264 207 36 294 71 240 254 345 191 211 279 207 212 43 304 293 128 0 283 45 73 269 120 315 290 66 210 291 161 179 166 181 38 207 129 307 264 256 65 23 309 316 265 331 222 163 319 241 102 222 234 353 178 311 81 96 48 325 346 244 253 26 337 31 324 0 341 282 264 295 265 292 242 345 45 251 273 17 23 261 232 201 194 278 285 47 29 229 237 202 53 180 336 272 258 169 219 57 250 161 117 
5 106
134 246 15 82 32 
215 272
196 227 356 14 231 264 249 44 87 118 348 324 336 96 347 45 77 205 31 8 72 174 150 195 98 263 160 199 102 59 260 250 240 93 252 59 41 108 244 55 307 355 179 47 317 74 100 301 262 62 244 251 313 127 99 134 157 348 125 108 357 256 225 148 37 220 312 146 39 129 82 249 216 59 0 36 160 47 37 189 179 239 205 332 173 61 21 258 321 11 189 127 271 303 314 113 298 249 319 160 91 330 146 108 115 202 255 159 174 298 166 52 278 342 332 276 53 18 108 76 138 122 163 212 155 18 232 341 316 64 50 11 291 343 48 144 246 226 22 357 287 224 196 177 298 151 254 312 160 162 350 203 123 248 296 221 268 280 167 133 339 208 336 18 319 115 4 244 30 250 115 260 291 343 172 76 216 200 239 313 136 160 47 134 148 196 319 89 351 144 349 301 88 40 101 14 347 110 62 61 280 105 145 13 13 245 180 25 157 95 35 229 182 238 234 
341 132
271 279 39 73 327 311 50 250 244 83 127 307 170 253 259 309 182 135 330 88 174 133 290 132 128 264 179 314 261 45 227 316 290 216 272 174 91 336 81 27 163 115 266 189 48 319 300 141 254 110 309 31 209 340 265 50 97 179 60 45 60 270 138 142 131 102 204 30 355 272 208 137 185 191 162 211 261 161 285 52 69 290 37 266 130 182 9 358 349 186 78 285 89 174 162 341 346 205 229 211 276 291 64 6 210 149 118 333 7 329 330 287 164 211 50 272 205 28 143 141 306 295 124 338 100 160 202 220 355 217 346 2 261 326 168 261 289 240 60 244 218 172 21 318 172 327 191 144 20 226 169 338 250 233 287 184 172 250 31 32 259 227 339 65 269 193 250 59 276 100 162 324 58 242 13 236 170 139 75 28 94 153 153 38 212 322 43 249 19 143 322 195 120 304 151 133 293 180 268 108 137 228 187 354 170 39 269 238 280 40 111 149 172 262 244 238 140 238 3 281 150 121 304 327 169 23 258 259 139 111 323 58 64 158 123 221 339 63 251 14 171 98 11 354 271 272 206 95 225 288 15 88 185 224 121 37 328 37 274 89 268 13 221 212 27 38 169 294 324 57 318 311 92 160 18 345 346 119 170 27 225 104 298 249 0 32 258 200 96 213 273 339 110 100 308 265 159 207 215 274 72 82 241 340 171 118 110 54 58 247 218 38 95 47 110 87 281 301 49 155 68 224 198 271 108 225 71 54 219 142 148 179 109 234 322 163 215 95 6 38 317 
117 67
228 183 48 29 184 307 142 186 313 2 33 40 210 340 52 50 262 200 337 123 219 98 107 188 176 163 167 293 46 250 292 254 341 97 46 320 301 282 304 228 39 94 238 28 241 62 217 9 158 148 88 195 314 201 229 325 94 275 54 81 271 348 246 101 139 69 14 305 44 92 130 121 38 167 113 158 1 166 38 13 18 347 113 18 272 221 49 108 173 76 133 164 134 317 137 166 355 223 216 3 48 249 193 240 262 328 65 326 20 256 128 139 141 192 59 136 186 
73 349
304 351 26 58 51 213 90 38 108 125 198 0 55 302 15 133 184 173 178 108 44 337 78 198 292 259 264 301 107 143 201 112 0 39 106 316 216 251 312 0 12 184 301 251 259 263 324 286 222 346 37 288 2 351 41 180 23 290 69 266 264 266 202 18 332 282 153 52 16 235 165 100 28 
341 39
268 64 245 318 144 309 93 137 322 179 158 264 179 104 312 297 73 245 231 149 252 33 52 256 239 222 356 181 96 221 351 14 60 205 21 122 172 0 106 255 221 24 141 242 34 270 107 122 94 24 140 325 233 150 327 216 72 344 347 201 80 177 241 9 336 294 152 315 341 331 242 257 246 215 3 337 83 337 244 177 322 351 252 99 222 121 105 265 264 58 316 188 237 30 29 253 83 96 251 4 137 268 83 65 338 117 24 232 244 283 31 146 207 66 104 267 308 64 169 199 281 264 167 101 96 71 347 114 111 106 322 304 153 261 112 338 175 62 349 180 313 16 296 294 136 95 337 17 70 295 216 241 74 266 108 280 77 112 35 17 165 316 269 30 191 76 279 46 52 210 136 113 121 268 89 276 83 263 25 63 64 126 87 158 328 28 84 231 84 323 145 77 145 177 242 130 58 176 134 243 4 354 299 162 170 159 77 249 96 228 54 245 110 345 158 79 266 157 129 314 295 338 51 287 273 46 219 156 231 157 272 66 137 45 116 317 171 91 263 64 53 142 25 182 211 305 134 228 220 344 252 95 91 199 320 358 10 134 22 239 266 259 7 264 298 93 76 337 314 156 331 196 206 307 56 242 50 239 320 155 42 120 327 353 205 23 270 178 246 90 331 268 261 272 21 53 243 9 189 308 23 147 247 191 214 212 335 185 201 229 309 252 244 357 55 1 290 288 228 2 186 239 334 137 350 75 293 77 300 15 194 252 305 260 110 199 104 294 232 269 306 
21 19
210 93 223 97 44 141 19 205 215 49 80 221 31 276 324 169 41 209 159 288 280 
316 145
266 198 311 94 110 64 293 323 48 15 304 40 328 243 25 236 117 145 134 175 39 266 231 307 90 307 234 111 224 20 204 273 230 299 80 284 46 220 7 20 276 129 338 29 135 330 101 162 47 317 318 99 179 206 277 85 215 55 103 41 253 11 331 157 127 185 130 46 18 277 147 313 153 101 272 177 92 311 243 137 46 93 74 44 206 71 200 157 353 204 215 243 14 208 31 176 159 227 170 182 247 154 66 81 97 131 55 229 208 184 8 25 300 79 247 252 153 38 200 258 222 124 191 352 306 137 73 314 283 303 347 176 245 153 221 94 203 188 279 209 259 20 355 283 178 75 1 162 285 271 61 39 350 2 295 42 88 203 124 59 72 353 201 175 343 97 170 236 330 152 164 106 123 64 66 189 15 350 346 346 51 122 114 234 52 20 11 336 172 297 101 17 204 265 335 327 341 202 6 334 346 92 320 210 207 324 97 306 220 127 292 299 252 335 108 280 317 146 223 229 184 321 53 11 144 39 193 295 282 272 11 42 7 34 270 12 354 113 66 283 271 303 3 128 296 223 354 330 64 313 144 61 261 139 88 184 72 243 168 218 356 35 253 237 330 31 304 349 35 79 133 42 346 221 167 47 83 277 22 10 291 308 103 264 69 313 272 150 233 337 53 59 45 318 305 259 70 153 216 221 94 356 158 311 276 244 54 65 323 68 316 205 156 207 30 299 
224 298
95 143 229 52 138 336 134 58 173 59 268 248 317 158 271 292 82 228 220 350 66 244 165 146 296 187 212 19 48 335 26 151 318 247 65 191 345 166 171 345 199 43 50 91 304 64 70 232 9 59 243 322 302 143 33 79 300 191 103 288 259 0 108 322 99 128 260 95 219 265 152 136 92 224 9 306 240 258 230 160 351 194 34 64 336 25 219 129 51 104 294 275 161 354 212 91 263 329 131 276 89 282 246 256 302 165 99 314 51 222 125 324 91 7 36 279 97 123 337 84 73 338 300 192 24 47 3 150 311 59 163 346 127 329 192 307 156 143 338 39 21 282 43 96 211 295 284 28 159 204 7 138 158 205 179 262 353 326 341 145 181 16 186 330 242 230 239 353 293 319 270 206 319 38 29 308 28 71 318 146 201 320 140 127 99 352 221 296 172 143 42 272 315 278 215 161 289 208 266 123 322 64 342 159 288 107 92 92 140 202 235 180 187 210 116 31 89 189 199 133 318 153 347 256 
162 84
356 135 291 17 181 232 25 222 330 161 237 229 269 49 316 125 307 166 279 335 250 342 223 69 74 1 76 33 195 289 31 228 171 97 310 36 316 354 180 193 309 258 118 228 329 127 87 158 313 214 52 277 216 336 324 229 273 229 173 144 223 223 331 288 182 194 3 153 315 234 176 325 196 353 152 291 227 294 317 141 16 323 250 157 241 230 317 108 107 345 187 356 10 346 192 129 272 286 149 262 352 317 3 37 11 247 48 93 331 287 134 0 22 279 258 274 187 169 164 332 276 346 323 248 131 334 199 303 155 51 63 256 260 242 81 72 196 110 338 103 203 244 332 249 92 268 180 343 128 157 303 260 93 203 235 318 269 285 38 266 108 336 
268 326
302 70 199 158 138 107 324 226 135 316 249 176 325 282 156 340 89 204 246 283 291 301 24 20 216 48 112 239 29 313 246 266 112 74 352 6 224 255 324 53 221 143 349 179 226 192 231 263 232 330 309 192 195 268 7 4 213 12 155 265 244 182 166 49 229 5 18 359 265 66 168 242 209 264 67 63 170 238 340 292 288 62 207 248 41 68 140 57 88 315 270 356 173 101 37 119 24 302 217 175 337 308 310 51 25 28 182 216 97 107 121 65 129 278 299 211 154 252 345 7 328 166 45 169 270 13 208 99 184 5 318 328 149 10 203 333 188 352 304 230 274 36 0 207 27 324 206 265 36 11 255 67 102 226 357 47 348 146 31 241 158 338 254 155 277 116 97 60 309 303 159 355 12 146 271 42 268 344 133 292 273 140 122 269 237 189 103 144 256 312 35 316 205 358 162 161 154 226 192 81 90 233 121 66 282 349 125 310 326 268 227 211 289 54 323 57 239 239 13 328 171 258 274 251 27 41 78 357 183 169 132 31 174 339 171 165 306 275 190 210 345 225 98 247 10 290 200 0 121 289 282 231 268 298 182 18 21 357 0 13 180 168 174 7 23 133 347 53 
54 291
9 265 69 117 219 157 7 316 37 12 172 289 294 9 20 333 256 107 337 270 35 245 200 201 117 237 273 268 253 225 275 142 97 202 266 69 297 291 11 298 58 26 275 346 315 126 346 233 262 216 134 305 18 329 
203 96
248 82 303 244 208 68 115 340 108 306 23 4 56 49 77 55 99 17 53 130 299 201 268 305 181 124 300 290 315 141 133 93 240 138 265 67 304 74 224 275 305 198 186 181 329 241 323 157 114 244 223 42 99 182 159 188 234 103 132 139 55 256 168 152 115 270 95 54 16 335 183 272 174 50 139 67 53 122 152 352 222 52 216 271 200 26 202 32 80 126 334 222 216 151 145 359 115 177 27 228 91 315 143 136 12 158 104 49 211 25 92 65 157 121 181 166 12 47 108 98 131 285 161 49 110 317 4 305 336 291 276 198 221 339 68 309 269 189 4 36 345 230 138 205 222 60 36 114 258 143 103 299 190 215 211 26 252 296 58 227 244 338 123 318 105 207 310 258 342 354 255 37 291 346 235 346 205 251 131 179 6 241 194 192 316 135 291 189 355 110 67 100 204 203 354 126 356 69 280 111 111 237 156 
242 225
331 73 305 64 36 116 19 81 277 92 32 130 318 298 155 84 200 138 343 88 237 157 286 177 94 330 314 170 70 328 177 306 306 184 146 118 157 222 162 265 202 260 320 115 99 344 236 176 296 316 113 303 160 151 120 59 189 36 350 343 188 189 82 130 247 217 146 357 345 336 240 164 136 341 222 251 239 295 42 213 165 257 258 71 134 51 5 233 271 241 119 264 329 180 201 167 15 325 1 256 139 309 351 288 55 46 60 250 45 317 225 29 87 109 289 170 77 37 184 216 318 116 208 346 314 282 170 343 192 181 324 329 85 222 295 287 312 91 195 39 318 50 262 9 10 321 55 104 71 219 265 143 29 260 131 178 43 246 248 145 290 96 158 104 275 149 27 1 275 220 126 82 82 223 192 49 274 215 247 241 124 11 214 122 159 125 77 264 327 137 218 11 338 191 57 63 299 53 136 75 170 323 189 275 295 347 111 147 328 246 315 254 164 224 68 323 238 128 68 317 81 311 142 271 348 151 55 357 309 210 115 332 136 165 317 67 202 278 61 321 243 256 
153 79
31 317 212 294 165 272 220 74 188 194 218 317 201 195 117 292 91 31 53 238 290 264 280 185 216 332 125 242 13 251 277 292 106 351 26 359 34 288 268 247 46 153 70 173 275 271 151 37 148 188 46 57 341 238 227 325 56 185 48 22 127 326 315 148 7 95 221 347 220 147 116 184 344 53 226 223 282 7 2 358 167 105 23 33 65 325 233 218 176 148 198 285 175 236 47 75 75 288 141 92 33 69 244 16 330 229 157 42 234 132 288 336 142 299 9 143 23 110 260 227 182 141 204 44 22 79 1 207 222 97 240 322 18 226 156 296 311 65 37 160 225 7 317 210 236 212 278 21 62 174 216 276 217 
203 91
25 182 114 124 342 269 290 99 132 359 273 244 267 83 277 73 98 18 161 242 345 82 106 331 68 332 287 1 84 207 144 329 202 306 144 267 143 181 311 325 337 270 78 32 10 83 324 336 203 81 208 132 220 316 280 225 329 43 176 245 55 189 23 89 182 264 284 231 120 169 213 69 314 81 311 291 100 11 124 292 288 148 101 77 255 355 45 311 208 345 117 322 24 259 30 354 127 266 254 15 35 235 356 230 30 242 315 141 251 251 145 338 19 232 265 54 260 246 22 66 267 347 233 67 129 62 339 223 307 104 14 251 16 44 36 234 307 278 149 149 280 203 199 158 70 319 325 243 79 190 260 175 172 312 56 9 348 21 289 69 6 322 32 59 154 296 315 229 26 148 249 151 171 131 4 87 45 55 318 50 134 218 336 223 243 19 262 304 10 51 120 276 85 206 133 224 206 4 214 152 288 9 133 
191 309
96 359 89 51 248 92 11 346 103 213 222 216 114 349 326 85 45 98 79 169 235 21 269 219 160 197 216 200 71 9 140 16 139 344 56 116 71 99 261 339 305 7 220 138 210 156 60 157 244 254 249 242 224 71 200 122 136 158 296 144 297 161 319 339 324 310 38 214 258 68 61 17 358 12 246 112 106 109 239 167 334 155 342 184 235 77 293 43 229 70 247 164 293 272 286 29 256 297 173 166 312 310 38 241 150 139 349 86 162 24 51 175 256 24 46 72 53 310 238 51 128 219 193 357 169 266 10 168 193 42 71 15 112 271 329 96 138 286 142 70 219 4 129 64 223 174 293 139 186 244 251 275 260 304 297 183 134 282 270 331 41 328 243 134 285 33 22 55 357 63 254 284 324 150 183 259 25 158 150 349 185 104 173 19 190 133 41 269 71 136 288 
102 310
297 299 11 298 18 6 180 199 326 175 11 305 299 17 179 208 275 35 233 210 309 222 211 6 258 79 354 319 252 163 117 76 101 137 337 138 344 69 91 29 205 96 351 255 252 328 146 163 82 150 11 255 200 259 280 320 194 4 246 59 254 6 24 227 79 186 179 112 69 335 233 123 274 259 31 19 178 301 296 314 223 359 96 247 95 356 17 87 110 113 192 330 64 237 99 167 282 314 332 99 234 252 
