316 896
725 368 1324 586 287 1433 1001 1413 614 478 956 137 1220 1953 78 1036 690 250 1915 1297 904 696 908 777 758 471 327 415 223 1683 291 1007 1220 1428 1275 155 1513 1635 1416 222 803 945 1107 932 900 203 1289 1633 94 892 1471 696 1359 958 403 1136 865 724 268 1367 40 2299 120 10 1905 965 1323 411 707 1648 517 1297 256 379 219 301 3140 868 726 937 398 1156 1129 1163 861 731 657 295 304 479 494 2444 1715 105 263 755 2301 326 423 1822 392 971 466 554 2049 1127 898 104 1531 839 55 777 452 1298 2311 216 718 1797 161 518 1050 1671 769 1142 505 265 1135 1852 391 1039 1188 421 41 1650 1026 307 475 920 2263 487 125 412 1905 1308 227 1823 192 1193 615 1070 467 12 877 2030 717 1267 1412 988 330 500 1647 677 696 987 1453 555 195 1676 1082 345 495 1508 1302 493 905 547 1689 274 286 1342 1345 598 1472 650 116 955 1744 356 811 691 1552 409 288 1642 686 524 2102 327 979 225 1510 1524 318 1327 541 1323 966 817 599 677 774 1291 1169 610 709 1332 590 160 1473 1433 686 363 1432 244 1203 961 529 718 1004 881 1245 478 1706 264 852 1700 878 928 858 323 925 1403 110 1807 922 732 720 781 343 1673 722 1249 315 392 289 2320 540 211 1891 368 1113 1270 732 826 417 1391 441 168 1753 954 1044 477 1082 73 588 1979 396 1051 67 1982 370 648 1547 1118 1227 934 816 357 663 1131 789 373 2231 992 711 115 390 1598 1331 1477 718 326 1700 342 483 1505 863 296 1173 1640 675 626 418 155 1939 1032 
27 740
554 341 395 1061 532 23 1278 1412 434 583 120 924 1887 693 268 727 17 435 2369 571 337 649 643 1445 275 1250 249 
18 599
281 660 180 580 738 35 1567 351 444 621 677 211 577 1250 146 145 86 1219 
36 158
59 121 161 192 188 104 107 5 72 500 121 160 29 118 393 136 154 46 202 62 382 10 115 55 374 74 103 229 260 169 121 180 91 238 167 133 
790 462
13 383 123 223 741 426 1221 504 371 210 395 173 1034 84 800 373 484 411 230 446 996 266 378 554 587 137 200 728 256 631 350 543 377 7 80 172 1010 335 55 1288 1039 3 15 992 800 501 138 59 1289 566 317 194 200 1173 494 5 819 541 81 359 743 28 808 69 414 571 1053 232 434 274 243 1013 602 457 178 125 936 293 428 244 156 162 878 756 979 23 505 771 364 187 35 416 264 878 391 1063 206 355 113 193 776 809 682 240 533 643 569 299 256 132 311 766 1002 103 773 514 602 165 149 69 908 972 80 815 476 116 702 623 154 112 500 156 535 1276 108 42 188 11 1676 193 396 828 59 1111 258 121 302 255 1373 379 66 986 30 45 277 940 387 453 696 752 522 359 115 430 283 875 131 798 486 402 108 466 598 275 1064 78 606 366 300 429 635 888 482 324 465 65 755 266 558 618 287 889 463 125 471 19 996 164 252 790 56 158 1065 580 602 127 445 371 816 147 72 33 163 1389 243 510 26 690 1469 179 666 441 151 511 361 211 469 895 153 596 330 32 1529 486 291 417 595 260 262 798 227 558 152 767 338 590 850 325 278 97 838 544 210 483 321 382 810 1 647 442 497 362 382 1283 350 193 819 460 386 289 488 361 661 553 210 638 145 684 537 458 588 230 21 634 737 262 35 1031 201 793 8 1115 363 243 222 710 532 732 426 27 874 308 161 892 189 718 528 407 397 144 79 199 1073 757 27 715 468 653 536 13 938 410 142 216 451 699 285 479 600 812 66 783 415 162 148 67 841 53 154 1350 632 235 525 1215 378 38 127 781 945 91 9 381 1101 338 824 502 129 187 997 489 281 181 10 1076 703 111 167 453 949 47 824 118 114 768 1202 95 402 18 338 835 1000 532 71 138 946 137 888 296 24 1002 669 94 455 517 176 342 828 773 43 894 189 456 564 571 305 315 229 954 429 293 348 634 681 275 568 441 85 1005 323 255 703 369 369 761 422 24 810 373 112 471 72 437 357 363 610 263 683 416 594 1363 134 37 511 1055 572 110 361 509 841 477 238 156 899 54 355 470 843 110 356 276 87 1744 336 236 356 63 31 831 178 1404 623 317 508 155 186 1062 462 287 441 270 153 957 601 156 497 519 652 345 554 326 571 416 317 684 619 198 592 374 53 1154 60 649 301 83 16 1162 376 704 874 208 190 157 170 654 623 343 590 80 349 1715 455 109 257 971 108 25 231 1166 781 39 425 332 329 905 113 1060 170 520 199 375 17 576 99 978 248 820 1151 312 379 460 100 267 797 612 530 147 858 15 1061 70 697 210 333 561 659 47 234 1115 37 936 560 266 229 424 289 393 650 704 359 518 258 139 605 834 794 323 458 722 141 298 364 300 442 1119 392 341 584 246 636 465 59 637 233 1 946 323 442 735 28 1062 555 608 180 71 882 690 178 209 971 69 68 131 1385 525 444 566 159 353 713 27 676 297 57 192 721 198 1160 708 128 830 332 881 369 32 1022 340 589 70 398 360 887 667 1 28 872 1032 452 207 309 776 213 231 548 15 870 1000 153 52 38 1210 220 753 15 613 625 221 185 165 1280 132 1230 330 17 310 459 500 869 308 595 343 670 177 909 522 72 254 682 441 506 452 730 50 953 43 169 452 1147 517 67 110 837 684 47 1055 404 245 667 398 449 231 670 196 72 92 237 795 1012 2 23 251 600 903 384 1285 673 516 291 181 741 165 406 585 446 457 570 227 123 711 1007 349 367 242 651 255 189 463 877 337 407 1058 162 379 723 43 739 317 338 624 416 508 588 151 258 1158 544 246 598 459 56 721 536 430 617 79 810 448 104 806 157 489 
441 266
21 169 7 615 352 376 219 304 119 21 157 641 374 251 81 500 131 1 664 23 110 95 151 281 686 183 621 276 276 84 361 66 239 317 396 371 215 318 216 160 380 12 87 633 296 160 335 30 526 363 280 226 306 110 18 163 130 242 901 38 395 369 65 95 475 76 458 24 625 124 168 566 36 114 531 70 267 424 290 239 171 435 370 219 77 330 47 101 400 71 576 79 728 198 251 240 68 345 133 182 217 650 355 58 410 224 225 128 551 96 313 40 674 225 182 337 182 318 281 48 412 271 277 184 94 339 178 104 85 86 1002 282 173 11 729 127 315 315 107 78 468 355 141 513 36 41 621 95 287 432 21 211 51 8 866 197 91 432 272 180 559 53 226 373 431 62 238 230 422 452 53 485 27 394 427 41 304 116 530 157 145 548 95 241 35 99 755 324 231 89 156 201 703 125 265 95 425 336 213 328 265 112 503 272 69 201 497 256 222 91 56 299 107 799 286 265 246 33 161 32 369 754 275 302 142 93 343 80 359 14 312 448 14 430 248 457 32 435 522 217 214 138 21 112 1 587 529 386 485 56 458 56 16 436 222 151 528 3 427 420 118 291 59 87 119 745 288 516 185 416 10 505 11 160 332 395 294 254 353 79 552 201 146 123 144 325 51 557 285 544 207 344 109 113 72 750 222 306 224 191 313 236 290 27 139 494 201 443 307 47 465 31 508 272 28 309 120 522 319 178 448 164 356 213 40 519 241 273 33 149 554 106 142 355 68 705 362 87 417 278 102 204 516 211 289 243 274 93 278 324 325 31 488 322 30 146 242 511 417 59 193 109 371 533 240 341 296 281 25 222 262 56 701 221 295 308 134 412 223 4 248 309 456 108 100 699 67 421 25 325 345 389 138 368 211 176 160 500 290 318 13 486 292 227 156 10 363 143 364 483 230 39 392 10 19 632 520 39 521 377 54 328 193 225 99 116 309 581 54 94 767 49 115 462 546 30 482 143 116 167 69 
925 961
925 464 858 1463 138 197 1711 1109 1034 82 1907 1419 883 1006 741 547 429 289 126 995 1664 416 2757 636 1723 1166 1123 729 753 715 1125 40 2272 1080 476 1050 54 1276 803 1063 1636 1464 747 1166 626 556 412 493 1301 1323 66 1048 1560 2091 806 437 18 385 896 410 1052 634 3601 1268 1112 925 380 1634 453 240 84 2025 1463 576 1063 1028 488 645 290 2837 1106 770 457 720 1784 696 565 1242 1625 923 533 1399 610 1122 1216 450 93 1066 1529 712 723 765 592 455 97 3724 163 319 1264 1630 1775 95 279 569 496 11 2704 2479 1072 628 131 122 1383 1797 1323 178 1239 823 1380 495 1473 784 1334 662 292 1061 1913 401 1700 994 177 1848 835 169 392 1469 302 2147 1413 453 260 174 1007 1240 565 208 2868 811 805 2046 964 404 972 672 522 747 847 1342 88 767 45 1636 2672 669 241 2388 1120 554 272 1444 1684 560 1045 219 532 2547 919 514 1072 882 943 923 46 897 223 2159 2123 339 1200 0 1064 1229 1023 199 575 732 2701 1435 652 959 97 942 1657 1402 187 35 2009 505 414 1472 706 571 2573 541 911 35 2704 598 538 1378 960 971 822 805 1508 737 525 749 1936 688 468 1009 974 907 1422 1107 552 610 430 2078 875 1355 192 1287 823 757 374 882 2221 31 1713 144 1031 1997 548 379 1768 1115 1077 621 238 1376 883 1257 1258 787 197 1380 1254 759 563 1626 100 1045 301 1820 1797 33 1843 185 986 1413 879 687 675 1161 1731 764 1018 103 143 892 2225 946 1676 354 529 625 1670 243 512 754 1268 1159 248 3050 718 418 1815 552 1135 250 1420 1352 142 1354 423 1613 810 190 2171 164 949 1507 1271 261 1732 964 963 391 1558 634 459 1547 630 1159 614 652 305 1868 129 2619 346 655 388 1152 28 1636 1594 1 1185 393 1555 1599 1817 462 1433 1121 733 934 609 807 1153 265 656 1611 645 561 1511 1144 394 1621 614 754 785 1170 2038 1225 286 451 1161 217 64 3070 196 359 2480 1117 109 84 2623 1075 1048 797 224 813 246 275 116 1305 476 3519 1200 453 1936 358 901 1347 438 998 1535 1318 712 317 1378 499 1692 426 1786 848 622 402 1036 553 541 2197 1470 677 1274 898 249 52 144 253 78 1562 2731 2438 180 473 1823 399 1404 1038 1095 1509 265 856 1321 1393 757 423 546 2039 459 1210 726 1027 294 1575 354 899 948 791 973 486 1989 996 1571 759 1016 710 63 700 2292 1368 273 1054 1571 764 827 926 627 1209 959 172 406 1854 1695 484 1265 335 532 625 439 2593 112 2447 478 172 102 2592 1203 1122 219 1636 861 524 187 1709 914 1510 870 145 381 339 2643 509 989 1219 1036 457 817 457 1022 793 1270 1129 478 2108 1195 1246 822 786 149 1291 449 2524 456 726 321 212 373 388 562 4319 1326 530 270 416 943 2635 266 1046 483 1385 283 1383 898 427 1406 214 814 2217 1057 828 1557 585 92 2208 1136 365 1186 1259 63 1240 315 600 14 3487 914 273 535 642 1477 706 1361 139 411 655 2619 1839 667 1198 693 282 1242 1197 38 2284 549 260 1762 195 1244 253 127 1815 374 2920 754 505 1427 1010 405 457 1417 1200 513 2024 789 287 1790 1081 1004 428 40 538 2839 163 594 1482 784 1012 1092 1311 434 1348 800 1249 907 1188 1081 818 463 654 1188 1496 151 1152 1600 819 1085 613 923 1100 1348 838 260 172 540 2207 1345 1036 484 690 859 179 1499 1786 1316 79 848 896 2042 912 475 1608 369 376 1306 702 300 2622 434 965 722 1382 1081 1293 1178 277 1593 989 326 746 704 1843 671 549 526 2275 315 1429 3 1151 1078 1492 167 1668 610 1482 95 572 1715 891 1793 380 614 681 1944 926 263 1695 222 1486 1259 221 306 2406 408 377 691 2028 324 819 388 676 450 1659 1835 665 448 2434 953 770 1240 647 370 2054 491 507 1259 1002 167 1322 977 149 454 2399 1420 1089 173 275 51 646 3005 1524 1241 888 233 913 978 1969 807 254 1309 839 1377 951 715 765 644 1462 1259 511 753 769 1043 1352 210 1281 782 1402 1586 721 253 1248 183 1977 1345 668 397 1598 944 897 1137 751 697 577 1339 1556 968 582 1442 329 1558 112 1386 1379 984 390 1314 1052 26 739 504 669 2990 233 1715 566 11 1274 1931 856 1153 635 658 1176 110 307 2569 835 1168 1203 209 485 94 1360 142 744 2907 381 357 1554 2340 27 925 475 2209 832 927 768 404 1009 832 452 737 2131 22 1077 2452 316 1642 610 1094 477 1310 586 42 2341 674 806 1154 440 850 260 2055 906 1266 408 1928 102 860 1918 104 959 1173 636 1539 1377 663 267 1105 1335 705 547 2020 1004 674 1183 167 1980 145 
824 880
523 79 937 343 271 785 2712 638 639 474 1940 225 1034 349 820 1905 939 161 862 1049 157 1777 441 1722 954 1118 756 470 591 849 1485 472 202 583 2040 799 1201 585 788 1456 369 1290 161 214 329 2904 167 129 1104 1900 230 1821 529 1229 257 100 527 1985 879 101 475 1746 1201 104 973 1332 941 934 747 1584 523 976 759 360 1223 117 976 1711 1015 1289 60 20 1193 1230 1844 149 1041 1101 1329 197 188 996 1089 731 474 664 2020 1093 883 419 666 1176 286 548 1366 778 664 1209 1412 398 438 1893 706 759 1753 612 54 1651 1130 853 820 191 444 2080 309 536 1657 9 1791 780 606 845 711 650 1160 916 554 1393 874 361 1746 242 997 53 1043 1753 846 1348 528 1310 228 692 65 2476 293 10 750 19 698 2281 2100 860 220 787 285 731 1742 1145 20 1141 802 373 864 1274 222 1647 1891 821 214 437 1729 1277 271 1405 220 21 1680 440 394 1865 602 194 116 139 487 1446 2537 772 1517 976 1024 630 1476 1161 847 358 833 96 322 452 1912 1849 1271 230 1546 218 1017 769 1106 907 643 209 908 1731 1067 892 197 924 1272 45 926 1929 565 879 773 577 712 1987 312 1120 46 1441 114 181 60 252 4167 213 705 1473 121 1710 601 339 1817 943 980 895 301 1475 783 871 653 51 635 979 1824 1305 638 1018 565 501 1446 770 1109 1004 730 635 1178 1004 323 1109 1133 10 615 262 2400 1032 534 185 470 1525 843 1136 377 1935 779 953 633 516 1460 261 886 654 585 1315 1056 1331 856 446 906 916 395 1708 136 871 398 1883 1006 795 1063 216 1862 675 465 393 1868 472 779 1564 124 298 1337 922 419 559 1183 841 1548 883 210 1607 1218 125 1783 881 311 1008 139 1206 1623 11 1423 1117 715 1355 435 539 1456 1112 276 803 446 259 1655 420 1364 43 431 1378 2156 1233 472 278 625 581 1654 497 777 576 696 2068 1027 38 815 2261 328 1392 465 18 475 2118 811 1029 424 1100 171 1843 961 1056 764 311 1188 1487 654 464 1143 1151 728 579 618 82 2426 47 961 167 830 944 2008 787 748 856 103 2187 798 1007 466 183 1971 640 677 695 1354 462 713 683 1730 774 66 85 1634 962 1667 617 943 516 716 225 1767 410 1782 1021 780 565 1425 937 587 361 621 1316 902 383 1447 1219 212 372 28 386 2241 1377 828 175 2421 699 226 179 2086 202 178 1152 396 545 2422 1445 825 558 371 978 1336 661 1241 1162 472 532 34 72 3429 557 267 1167 970 891 280 1908 404 773 1208 721 938 771 705 1167 1318 527 669 979 108 968 843 1073 178 1380 564 600 2270 493 1690 872 671 577 1207 490 1115 830 788 497 1278 1329 55 734 564 1949 743 831 83 2002 256 1276 209 1406 956 875 59 767 345 241 3218 733 762 359 186 808 1940 165 896 661 942 890 2287 162 1620 24 1036 1249 673 187 1536 1428 806 306 150 120 973 2680 209 1318 1392 82 1439 1198 353 1283 347 1381 394 291 2 1984 602 178 1879 870 1740 336 301 1860 1044 958 411 1175 644 681 599 1069 540 1330 738 896 256 2206 318 621 669 1494 80 530 1887 745 601 585 1412 1240 494 1518 84 98 222 177 3714 1043 569 882 182 1107 1454 1071 810 580 929 757 1104 777 543 302 259 475 2515 1106 880 198 441 588 2312 20 956 134 30 701 140 2245 588 1 1656 2828 572 584 1680 48 1596 203 1287 1661 924 528 1238 337 73 182 3113 892 713 1053 711 942 486 1025 593 396 1825 438 506 556 796 1479 1522 209 713 1802 385 975 1067 511 476 1055 1177 1335 55 612 15 38 335 2966 669 1636 873 329 1764 1082 1126 534 1206 291 955 1439 72 398 1826 1061 73 1896 837 469 630 1027 1362 291 787 677 1148 152 821 2184 929 34 1382 668 1601 236 319 815 378 1811 719 1461 1143 19 576 1607 764 903 1497 881 32 1024 706 1579 245 805 1275 782 398 813 1691 640 11 2231 305 1230 1039 678 955 381 212 1155 57 1869 698 2082 783 901 273 1318 697 565 535 151 2197 581 1599 252 109 623 2644 32 933 1014 410 818 2128 496 794 955 640 1284 
66 681
463 280 680 1050 834 205 368 175 825 485 1967 499 318 591 286 337 835 1066 901 269 651 380 1908 472 725 1047 661 696 481 807 549 929 547 42 1322 603 229 29 1612 123 1655 13 399 1479 289 249 1152 185 903 173 1011 644 926 1370 316 978 431 877 219 1204 160 278 1202 257 1129 193 
488 520
493 304 403 416 548 346 566 285 762 882 342 72 498 1248 320 808 2 2 1151 345 482 566 422 310 842 528 547 703 692 208 750 509 612 437 663 460 556 488 587 42 159 124 511 11 230 123 2750 368 443 311 608 1158 500 25 261 1183 566 291 81 511 765 1035 481 97 553 284 292 307 530 912 612 396 950 162 1166 57 830 282 206 94 491 1200 102 755 922 498 843 469 97 153 892 912 81 878 322 300 674 384 151 546 900 666 72 267 960 477 691 287 452 272 1410 465 714 287 760 444 440 567 338 824 250 293 77 745 1167 16 76 370 1333 597 172 589 649 688 78 713 724 397 64 511 190 1345 257 845 132 92 882 1053 133 1021 422 104 450 551 1166 108 307 4 874 1262 158 389 811 182 439 228 594 869 67 459 644 1068 895 234 588 574 464 104 313 477 1136 632 626 475 169 648 538 171 984 546 49 979 606 480 425 216 1072 252 286 226 1075 464 270 522 95 759 1215 429 58 1122 289 232 311 1005 577 377 436 334 1133 381 458 641 551 516 477 380 608 302 19 32 902 901 275 1081 438 372 992 122 12 608 258 708 641 113 514 913 1326 499 113 168 294 1082 177 173 356 1009 1137 13 940 198 3 1580 600 263 268 469 508 299 999 692 81 414 79 1097 226 1137 330 832 564 376 129 993 408 560 377 597 232 953 293 408 385 320 716 804 66 1168 59 1014 334 384 765 673 274 183 988 410 549 64 622 391 926 782 62 806 276 602 703 345 385 844 444 47 76 1571 0 794 782 454 155 389 986 172 591 761 124 239 365 1148 717 367 722 354 483 746 191 683 106 1094 406 522 487 640 531 673 436 307 452 598 822 363 75 85 818 848 253 53 433 355 1176 310 762 849 755 204 773 360 716 451 363 311 582 25 951 704 706 625 303 33 28 354 416 1731 598 118 720 576 517 342 182 403 1027 444 530 226 440 1376 453 268 749 296 158 1207 519 183 172 305 437 1073 817 287 817 607 487 576 333 60 313 318 913 226 1582 479 109 839 129 944 481 549 312 405 66 1175 468 204 619 843 503 185 314 837 734 687 289 644 307 428 858 414 618 505 182 289 934 546 574 330 754 305 911 213 785 245 839 386 371 657 250 583 406 287 998 77 708 971 74 96 375 677 
-1