12 8
30 10
52 9
3 5
44 4
61 7
28 4
70 1
6 5
79 6
79 4
15 3
79 3
1 9
29 4
62 3
35 6
69 7
56 10
14 1
72 2
14 6
33 7
6 5
45 8
82 10
46 4
71 3
56 3
82 4
45 8
38 10
73 9
57 6
70 10
10 7
80 10
51 2
84 3
10 6
86 6
56 9
13 8
75 2
82 2
62 1
23 6
1 1
11 2
88 5
1 5
42 5
62 6
36 1
64 8
67 8
54 3
81 5
63 1
21 6
46 1
53 2
73 1
66 7
36 10
22 2
37 7
65 1
40 4
27 9
43 2
65 4
6 10
82 4
53 8
53 5
32 4
22 9
20 1
67 10
6 2
38 3
1 5
5 9
42 9
65 2
88 5
4 4
81 2
49 2
88 5
73 5
41 8
45 6
67 8
12 1
23 3
10 7
53 4
41 9
-1