68 8
2 3
16 10
45 10
14 9
27 7
6 10
48 10
22 1
33 5
86 4
1 3
73 8
4 2
5 2
62 2
74 9
47 3
74 10
75 5
88 3
4 9
10 8
7 9
71 4
47 1
46 9
28 2
48 5
12 8
86 7
38 3
17 6
43 5
88 2
86 5
20 9
38 2
21 5
5 6
1 9
22 4
65 10
78 7
78 6
74 4
54 9
3 7
8 4
1 4
28 4
67 7
3 7
82 2
42 1
77 4
23 3
13 7
5 10
24 4
74 3
49 3
77 5
46 3
75 5
87 1
20 7
62 4
45 3
43 8
7 2
87 3
20 4
65 10
47 8
32 10
12 8
1 8
6 7
31 4
45 2
17 7
89 9
64 1
53 9
88 7
36 2
58 10
78 1
78 6
33 8
71 8
37 7
59 10
81 3
54 5
28 10
50 4
17 6
76 10
48 5
9 6
76 9
70 9
35 1
87 5
51 2
3 9
7 2
13 1
57 5
55 8
60 1
30 7
4 2
38 6
22 10
68 8
34 1
64 3
65 5
12 4
47 7
36 2
31 6
68 10
11 3
32 2
56 9
9 2
6 10
30 6
10 2
61 1
47 8
89 7
43 10
70 4
16 6
7 3
39 9
35 8
53 8
50 9
45 7
89 8
60 10
71 5
2 4
60 4
36 10
77 5
9 4
67 9
78 1
55 1
5 7
35 10
75 7
6 10
30 9
75 9
13 1
12 6
13 1
46 5
47 6
11 6
15 4
46 6
49 9
21 1
20 10
45 3
8 2
45 9
38 2
57 4
3 4
6 4
29 6
22 1
86 4
2 8
8 7
84 9
45 6
66 10
38 2
87 7
9 4
52 10
84 6
25 4
54 9
13 10
7 4
31 8
1 4
24 8
20 3
53 3
72 10
78 2
73 3
71 5
37 1
14 5
30 2
73 8
48 1
15 6
2 5
64 9
7 2
32 10
12 9
17 4
66 7
44 1
78 7
7 1
36 1
1 1
49 10
1 1
65 7
33 5
56 10
40 9
21 10
61 3
14 3
33 1
15 3
51 7
5 7
76 8
50 6
61 4
1 4
87 5
15 4
70 1
76 6
86 2
76 6
54 2
88 9
7 7
61 8
75 4
57 5
12 8
69 5
1 6
57 6
33 1
63 5
62 8
70 1
36 7
31 6
69 4
83 10
41 1
84 8
45 1
61 9
89 4
14 4
70 1
16 8
46 6
12 8
19 1
30 4
22 6
61 1
69 4
42 8
80 4
60 8
89 10
86 3
62 7
33 6
78 10
14 3
83 3
57 8
27 7
9 5
44 2
53 9
11 8
20 2
35 6
45 6
53 8
31 1
72 6
2 1
55 3
24 5
77 9
71 1
10 2
53 8
79 1
75 6
84 7
26 8
20 10
71 7
69 3
66 9
74 8
52 2
25 6
51 9
4 1
81 3
6 2
17 5
42 10
12 2
13 3
40 7
55 7
57 8
60 3
86 5
69 5
55 3
22 1
32 4
53 2
32 6
73 10
82 5
60 2
49 5
10 5
10 1
48 2
34 5
19 3
65 7
41 8
65 2
45 1
57 8
27 3
54 2
73 10
85 2
38 6
36 1
23 1
58 8
26 7
82 6
3 8
2 4
12 6
10 6
43 10
78 3
13 3
88 9
87 9
25 5
68 3
66 8
1 2
58 6
22 10
63 4
9 4
59 10
2 4
61 2
19 7
18 3
1 2
82 7
56 6
2 5
27 7
33 6
20 1
39 7
36 1
40 6
27 9
38 8
64 6
53 4
33 6
62 6
81 7
7 10
65 6
30 4
68 7
85 9
1 2
49 4
73 2
68 10
45 2
10 3
62 6
67 5
62 4
74 5
70 1
29 3
43 10
11 4
18 1
25 8
8 6
59 9
9 6
41 9
71 9
74 9
69 2
39 5
65 10
58 2
47 5
39 8
82 5
60 9
18 6
13 9
58 5
80 7
74 3
86 9
49 5
87 10
11 10
46 2
56 1
18 7
84 8
72 6
42 2
5 9
62 6
42 7
57 6
82 8
75 2
22 8
12 5
71 1
54 7
79 4
72 4
21 8
31 9
59 4
60 3
30 1
28 10
77 3
10 1
88 5
68 9
45 4
85 10
75 5
74 5
67 9
10 4
37 1
23 7
60 1
19 5
48 2
21 7
2 9
80 3
64 4
13 4
75 3
39 5
14 4
15 9
13 5
18 10
24 4
76 8
78 2
2 2
-1