26 9
81 2
25 8
5 6
54 10
81 4
65 4
38 1
88 9
85 5
23 10
81 7
79 5
89 6
12 10
47 8
4 1
89 10
65 4
32 7
84 6
39 10
89 2
31 8
34 7
46 10
55 3
60 2
71 9
30 6
49 1
13 4
13 2
67 2
62 7
3 6
13 2
32 1
42 7
68 5
37 9
56 9
32 7
17 9
47 5
86 10
18 7
5 10
85 3
57 8
13 4
73 2
67 10
34 7
68 9
13 8
80 1
3 6
82 7
63 9
29 6
79 3
8 6
16 1
83 8
21 4
59 9
29 1
24 1
73 8
74 6
74 7
12 10
63 9
14 1
65 1
72 8
56 9
69 5
1 7
17 9
16 10
86 8
66 1
46 2
52 7
74 5
27 5
76 10
55 8
6 10
30 9
14 9
34 2
48 8
27 4
81 3
24 10
82 7
21 4
28 6
55 7
58 8
26 5
23 6
48 10
38 6
77 1
8 5
29 1
79 9
66 8
60 8
70 2
88 1
74 8
1 3
3 1
65 4
67 8
33 10
41 2
47 9
69 8
79 1
76 4
75 1
24 7
52 2
81 1
29 5
47 5
48 7
54 4
78 3
52 9
44 10
88 3
3 8
35 9
58 10
12 7
15 4
5 3
70 7
65 8
26 9
64 9
48 7
57 10
40 5
68 6
19 9
43 5
33 1
75 1
43 6
35 10
1 8
35 1
3 10
39 8
71 7
78 6
42 9
82 1
32 1
18 1
68 3
35 5
84 4
73 2
4 7
17 10
60 4
57 10
89 3
15 3
27 7
69 4
26 9
68 2
63 3
6 7
15 9
78 10
23 3
9 2
32 2
20 9
52 3
53 7
51 4
82 5
89 6
78 10
34 8
70 2
61 10
10 3
68 7
55 2
1 5
51 7
50 5
36 10
15 5
85 6
63 7
89 7
24 2
55 5
69 2
45 6
45 6
44 7
88 1
67 3
24 1
18 2
3 4
40 6
53 6
32 6
1 8
24 10
4 3
1 6
54 10
31 10
7 1
55 10
54 2
71 2
1 7
48 5
34 8
83 7
49 4
47 3
17 4
20 1
72 10
86 7
17 2
59 2
49 10
19 9
88 2
10 8
21 3
64 8
81 5
81 8
85 5
23 8
12 2
79 7
53 6
77 10
52 4
41 6
10 1
46 2
57 3
18 5
57 7
11 10
86 1
73 2
53 5
85 8
58 5
24 10
89 5
40 2
75 9
63 2
74 2
80 8
35 10
22 4
61 8
10 3
13 1
81 7
44 8
70 7
49 7
49 4
53 5
83 2
43 3
23 10
57 3
11 4
29 3
84 6
2 7
4 2
45 4
38 6
16 5
86 8
67 8
84 8
23 5
54 1
28 10
41 2
6 7
38 2
46 8
13 2
73 2
84 8
85 8
41 2
85 9
60 1
54 9
41 9
78 7
15 3
51 7
87 8
71 9
36 5
89 8
66 6
75 3
64 9
58 1
40 5
9 9
15 3
44 10
45 9
76 9
7 8
63 8
15 4
7 5
8 2
69 4
83 10
16 2
4 2
4 9
60 10
89 3
39 5
64 7
67 7
17 3
78 4
49 9
65 9
6 7
43 9
85 6
8 9
78 8
76 10
52 4
36 2
20 8
8 3
33 9
84 8
36 8
19 7
39 5
76 6
67 8
72 4
42 6
38 2
85 5
87 8
57 3
51 3
80 10
71 4
4 6
55 2
51 5
73 1
44 7
36 6
35 8
46 10
48 6
77 6
88 1
4 2
52 5
89 7
46 5
15 7
68 3
31 7
69 10
73 4
71 7
53 9
7 9
76 4
1 8
24 5
60 9
4 2
79 10
41 1
27 4
22 6
1 8
2 6
51 1
28 10
83 5
11 3
72 6
57 9
19 10
19 2
29 3
72 5
2 8
52 8
60 9
27 10
84 3
78 10
86 10
56 3
33 9
51 1
69 7
85 7
64 2
84 10
16 2
14 2
35 9
31 6
85 2
33 10
86 1
88 10
21 10
28 8
85 5
27 10
80 8
41 6
12 1
18 7
18 9
83 3
17 4
19 6
44 1
66 4
28 4
54 3
60 7
80 8
24 9
63 4
43 6
52 8
88 4
7 7
49 9
71 9
25 2
15 7
62 9
57 4
29 2
74 5
27 9
11 4
7 7
62 10
47 7
1 9
53 2
13 7
84 6
67 7
56 7
77 6
2 9
33 5
14 6
64 8
63 3
47 2
79 10
30 7
40 7
57 1
85 1
45 8
55 8
61 3
89 9
11 9
55 5
89 4
22 7
34 5
56 10
45 10
50 1
33 3
72 7
30 6
11 3
66 10
19 7
6 4
39 8
55 10
77 7
73 8
76 7
8 1
83 8
70 1
63 7
35 9
11 10
36 10
18 3
13 2
8 2
12 7
75 9
30 7
17 9
65 8
30 8
86 6
28 7
12 8
67 2
72 6
37 10
30 1
16 6
28 7
72 6
34 4
16 4
70 2
7 4
38 2
62 4
8 5
15 4
51 8
68 9
78 8
68 1
54 2
77 9
33 9
72 8
78 6
21 1
88 9
63 6
54 8
52 7
38 7
75 3
22 1
9 6
63 6
11 4
67 6
66 4
10 1
52 2
27 4
10 1
25 3
40 9
71 5
7 6
55 4
42 10
31 10
65 9
19 7
74 7
80 10
48 7
26 10
44 1
50 10
46 9
4 7
55 6
9 6
67 2
23 3
29 1
61 10
83 9
16 7
69 10
67 4
41 8
81 2
44 3
31 10
56 5
22 10
61 2
60 7
41 3
73 1
41 1
73 9
72 10
6 2
34 3
56 2
31 9
81 6
30 4
68 9
81 9
44 2
77 5
71 1
75 5
10 10
38 7
19 6
48 2
58 3
28 3
25 7
45 10
84 9
21 9
12 4
73 8
84 5
66 7
57 5
4 2
55 3
19 5
23 9
27 5
5 7
7 5
57 8
63 7
14 3
5 8
84 2
82 4
57 4
40 3
30 7
25 7
28 7
81 1
86 10
21 6
79 3
53 9
59 8
30 4
33 9
50 5
47 2
38 5
87 10
45 1
22 2
11 7
47 10
14 5
51 4
55 2
57 8
13 3
43 10
8 3
34 7
25 8
75 2
71 1
30 4
11 7
28 3
50 8
79 6
86 10
80 9
43 9
11 2
34 1
76 8
10 8
20 6
64 4
69 8
47 3
85 10
66 7
9 10
8 4
8 8
48 8
34 1
3 9
41 5
78 2
69 6
50 3
63 5
12 2
10 9
3 4
4 4
63 6
34 1
85 3
13 7
15 5
60 8
38 6
42 10
48 2
1 3
43 10
44 4
11 8
52 8
46 2
76 10
31 3
65 5
36 6
2 2
14 10
4 1
70 3
28 10
61 9
81 6
70 2
85 8
20 6
13 3
61 1
39 4
10 6
10 1
70 5
66 5
33 10
46 5
47 7
89 9
89 8
7 1
55 4
36 5
87 8
48 5
59 9
50 8
25 1
84 8
24 4
75 5
49 9
17 2
48 9
44 10
78 1
62 9
72 2
36 6
43 9
68 3
23 1
86 8
2 6
89 8
28 10
16 9
43 9
25 6
28 4
58 4
39 1
50 6
55 10
10 10
64 4
32 9
47 9
22 4
5 2
6 4
88 3
82 9
77 7
64 5
43 9
73 7
76 1
61 7
12 1
7 9
79 5
31 3
89 7
44 10
29 4
70 9
76 8
27 2
49 7
34 8
75 9
75 3
72 8
78 1
32 5
58 6
50 4
41 4
18 4
13 6
58 2
66 7
9 2
46 2
72 3
81 7
84 7
64 7
81 2
31 10
13 2
6 8
18 7
49 1
51 5
27 8
5 8
85 9
3 10
22 4
85 5
59 8
43 2
29 3
84 9
80 9
69 2
1 3
25 9
33 5
20 6
21 10
10 8
59 1
66 2
37 4
32 4
26 10
27 8
3 5
25 5
36 7
89 10
50 2
3 8
10 9
78 9
21 7
84 3
7 4
89 2
34 7
81 9
47 2
59 3
31 1
56 2
76 1
19 3
21 4
51 8
4 3
81 7
52 8
4 5
41 9
42 8
64 4
21 4
76 10
61 2
75 6
56 10
44 7
25 7
43 3
60 8
30 7
53 8
53 3
57 4
74 10
89 2
28 1
14 9
58 8
66 7
3 3
80 1
70 1
28 2
59 2
18 2
73 2
37 4
48 6
45 9
58 5
50 2
68 1
20 8
70 9
60 10
45 10
73 10
88 2
9 2
18 1
51 1
12 5
84 1
35 3
22 10
69 5
50 6
54 1
32 2
56 3
12 2
55 7
28 8
83 9
5 6
30 1
35 9
27 7
20 4
71 5
10 2
60 4
21 9
40 2
19 7
79 4
65 9
68 10
76 7
63 10
6 4
42 5
73 6
88 4
24 10
66 10
54 7
51 2
82 8
2 6
56 1
11 2
3 2
76 1
83 7
88 2
-1