4
2 2 9
6 5 5
1 4 9
3 1 1
3
2 4 2
1 5 2
3 4 1
4
6 5 5
3 1 10
2 2 9
3 7 1
4
2 6 2
5 5 5
1 7 8
2 6 9
5
1 5 9
4 6 8
6 7 1
3 1 10
2 3 2
10
1 2 3
3 6 5
2 6 3
7 5 2
4 8 3
7 6 2
7 9 8
2 5 9
10 6 4
6 6 6
4
4 1 7
10 2 3
1 7 7
1 4 8
7
10 2 5
4 8 10
8 7 4
3 5 10
6 2 10
9 8 3
7 2 2
6
10 8 1
6 10 10
7 3 10
6 4 2
2 5 6
9 8 6
4
5 6 5
2 5 7
9 7 9
5 8 5
4
4 4 6
2 3 2
3 1 10
7 5 8
4
8 6 4
7 2 8
4 4 4
7 6 5
9
3 6 3
8 2 7
6 6 10
2 4 6
2 10 10
10 6 5
9 5 8
4 10 4
4 9 4
8
9 1 7
9 10 1
10 1 1
6 4 7
9 5 9
6 6 1
3 4 5
6 5 1
4
7 5 3
8 5 3
4 9 5
6 7 4
4
6 8 4
7 1 2
8 6 8
8 5 5
9
6 5 4
2 10 8
4 4 7
5 1 6
7 2 1
7 4 7
4 1 7
5 1 9
5 3 9
4
4 3 3
10 2 6
7 9 3
7 4 5
7
4 6 8
3 4 4
5 9 2
9 7 10
3 2 5
5 5 7
6 3 8
8
2 3 9
7 9 7
8 9 8
8 4 6
7 7 8
9 3 3
10 8 7
2 9 2
4
8 3 10
7 4 1
1 3 8
4 4 5
5
6 7 10
9 5 6
9 5 10
8 8 9
3 10 6
5
6 5 6
8 1 3
7 3 6
5 9 10
10 9 9
10
4 3 10
2 5 4
4 6 6
6 8 7
7 10 2
4 9 9
9 8 4
3 8 10
2 1 7
1 6 9
6
6 9 5
1 5 2
6 3 5
6 2 2
9 6 10
7 4 5
6
5 1 7
8 5 7
8 3 1
8 5 1
9 4 2
6 6 1
4
14 5 3
1 12 5
17 5 6
1 1 2
5
4 12 2
10 10 8
7 11 6
17 6 4
1 11 6
5
11 1 7
16 3 2
12 5 5
10 7 3
4 2 6
6
18 6 3
5 10 1
20 8 1
7 7 5
9 11 6
20 8 2
6
8 11 6
6 10 7
19 10 5
15 3 6
15 10 5
17 9 6
8
8 4 7
8 8 4
6 8 1
12 4 3
6 9 8
20 6 5
9 4 2
6 1 4
8
3 11 4
8 11 8
8 12 8
12 8 7
5 7 3
5 6 8
6 10 3
4 8 8
4
5 1 3
17 1 5
11 5 6
6 6 4
4
9 7 3
16 2 5
4 10 3
18 5 3
10
1 8 3
13 5 8
9 1 2
20 2 6
7 5 6
17 9 2
6 1 6
7 3 7
20 10 2
3 7 3
9
9 6 5
1 3 1
8 8 5
12 3 8
11 11 8
8 8 8
18 2 8
10 10 6
13 10 4
4
2 11 1
16 2 6
5 9 4
20 3 6
7
13 1 2
20 4 2
9 8 3
13 6 8
11 1 5
7 10 2
8 7 5
10
9 4 1
15 11 1
8 10 3
4 10 4
11 7 5
2 6 1
9 8 2
13 12 4
1 7 7
5 3 5
10
18 8 3
20 1 3
8 9 5
19 2 6
10 4 6
5 2 8
5 9 2
13 7 2
17 4 1
11 4 4
4
13 8 8
4 12 5
4 1 4
3 7 4
8
8 6 2
20 11 6
19 7 2
15 12 6
2 2 1
1 9 4
20 1 4
14 4 4
7
14 12 4
11 11 5
19 12 6
17 5 5
19 4 5
9 4 3
16 9 4
9
19 12 8
2 2 6
13 2 8
20 12 2
16 7 3
13 3 7
6 4 5
13 10 1
5 1 5
7
12 10 1
20 8 7
9 7 7
6 6 6
19 9 1
20 9 6
3 7 8
0
