36 24
850
3777
10000000000000000000000000000000000000000000000000000000000000000000000000000000000000000000000000000 10000000000000000000000000000000000000000000000000000000000000000000000000000000000000000000000000000
9720246
22516266
46139473205581892403451224418753539485580121964506801 46139473205581892403451224418753539485580121964506801
5567626298766552046410647756929929800556653845080
6011602641324802211430601847591883490296321956344
38908822584158911244055783589378687868075396039488476613468806385154882219535 1181778081929708177578939471548146199083039766476224470128984978840731258442371181767492
9
7
9999999999999999999999999999999999999999999999999999999999999999999999999999999999999999999999999999 10000000000000000000000000000000000000000000000000000000000000000000000000000000000000000000000000000
7949242182999205547429196
5038360823181315907055786
123193121891273821738921231931218912738217389212319312189127382173892 123193121891273821738921231631218912738217389219319312189127382173892
123456789012345678901234567890
234567890123456789012345678901
33532331974391708385536344942 92889799455269781845939339541
8378409181220703945470563809602458898412487241150
4191780987785756715763
74612510119779212319774800137753712679678410850534119435390356246670015302519 58951282781281506852009750098300629016250574551287539054797188
3
3
9999999999999999999999999999999999999999999999999999999999999999999999999999999999999999999999999999 9999999999999999999999999999999999999999999999999999999999999999999999999999999999999999999999999998
1
10000000000000000000000000000000000000000000000000000000000000000000000000000000000000000000000000000
1245995796264227945082266 1245995796264227945082266
81927418971987485147812831279312312398123182381239812999991283178

-1
