99 0 4 88 63 58 
71 20 27 84 82 99 
69 63 91 20 16 48 
22 100 79 88 2 4 
40 12 98 93 31 33 
92 43 60 94 10 86 
22 67 11 51 89 19 
59 46 99 96 31 84 
40 43 7 98 96 34 
30 31 19 23 17 9 
13 74 12 89 43 31 
60 9 61 86 68 37 
23 47 85 24 33 74 
56 56 25 64 46 89 
38 34 94 94 64 58 
50 89 30 72 100 96 
32 12 8 68 91 17 
16 3 46 82 93 49 
16 94 19 49 2 94 
76 53 33 44 17 13 
1 85 35 7 59 29 
33 38 5 83 5 69 
39 1 15 12 84 29 
98 82 91 17 27 11 
84 66 11 27 10 31 
25 34 28 15 100 37 
68 99 5 81 65 17 
47 36 94 62 80 47 
57 52 43 24 62 61 
25 39 62 1 74 33 
100 60 35 5 74 65 
64 71 37 32 91 95 
37 53 19 19 40 75 
50 10 8 18 94 9 
89 51 91 6 7 38 
74 35 47 47 24 13 
66 41 96 61 66 30 
76 16 97 58 15 55 
28 11 48 26 76 99 
7 65 49 83 79 82 
89 16 26 70 12 4 
79 22 37 65 9 44 
97 7 16 43 42 47 
59 34 16 69 41 100 
74 98 56 65 7 46 
1 23 92 9 81 87 
45 70 26 44 88 4 
68 44 28 3 40 96 
54 22 24 21 13 66 
91 51 1 90 48 53 
-1