339 125 384 445 230 493 
412 239 40 63 31 252 
260 155 479 370 331 437 
490 165 85 363 100 473 
64 145 438 334 447 4 
398 393 125 484 339 461 
357 235 190 38 132 42 
82 149 486 230 208 99 
208 476 338 67 443 241 
171 383 164 76 372 64 
30 419 253 193 245 208 
67 112 101 446 159 259 
484 377 442 104 203 227 
162 72 217 28 18 379 
392 215 247 107 132 289 
18 66 350 460 318 321 
447 143 126 212 298 217 
229 245 327 250 140 393 
166 166 268 485 152 390 
115 201 283 1 448 460 
395 169 298 258 137 123 
381 381 70 137 137 61 
19 92 28 482 295 144 
283 468 476 421 271 261 
303 365 96 128 221 278 
118 188 478 13 408 439 
361 160 48 322 354 350 
297 245 87 385 417 183 
310 166 350 379 376 26 
45 168 359 264 387 239 
46 182 19 81 310 224 
202 191 41 488 154 322 
32 348 79 229 376 356 
460 402 495 221 490 149 
160 376 178 499 100 113 
499 292 352 410 338 52 
208 411 424 87 448 76 
254 196 38 213 117 266 
494 336 260 19 467 229 
24 292 374 223 292 186 
408 146 103 233 483 320 
78 57 89 102 173 80 
496 267 320 195 300 231 
432 500 210 7 133 364 
242 17 145 400 301 382 
17 296 362 202 149 190 
19 121 175 282 271 424 
237 108 39 344 250 96 
345 96 101 442 233 220 
321 181 237 320 15 58 
272 423 114 129 38 436 
162 480 298 395 178 347 
461 124 57 495 294 163 
464 125 497 17 84 105 
320 172 85 61 258 482 
278 228 74 377 461 419 
303 205 230 297 499 273 
158 307 371 348 465 342 
306 434 403 227 276 313 
409 480 74 229 10 432 
211 64 435 159 233 441 
63 34 127 384 15 327 
352 147 209 355 400 60 
351 246 485 230 331 89 
495 303 374 39 446 215 
403 43 201 227 471 87 
25 259 45 282 475 252 
259 337 324 372 353 414 
155 124 481 180 475 481 
231 335 269 322 52 142 
232 311 187 194 328 48 
134 224 167 42 147 493 
212 294 167 476 244 58 
24 339 135 26 494 405 
173 371 412 116 11 317 
190 334 481 262 417 4 
389 406 455 378 34 59 
240 247 91 10 119 80 
474 77 85 329 32 49 
401 166 419 455 197 221 
126 138 300 339 181 265 
263 437 379 99 428 32 
239 41 216 244 75 309 
163 72 332 462 421 311 
144 292 183 187 4 138 
345 277 121 452 168 72 
167 382 216 86 288 428 
16 459 144 475 83 229 
109 409 127 253 76 100 
30 243 355 364 396 489 
460 289 21 442 392 126 
258 331 432 135 395 82 
101 302 465 212 57 107 
374 474 349 234 307 413 
420 42 141 122 452 177 
63 162 175 235 323 304 
341 343 400 194 300 402 
334 486 109 445 482 135 
34 145 247 293 337 20 
167 329 14 98 406 181 
-1