257 72 6 209 1 128 
364 167 209 148 222 153 
337 457 226 416 474 62 
15 370 90 43 208 173 
447 349 28 195 242 435 
429 270 71 138 105 302 
268 414 253 231 121 204 
350 124 153 306 223 286 
121 498 112 276 118 453 
419 395 212 469 30 464 
394 276 157 440 36 183 
292 477 358 238 131 118 
489 318 44 375 364 380 
277 20 369 141 328 351 
243 453 198 94 106 400 
470 294 36 231 201 490 
293 153 93 233 148 22 
101 500 282 253 482 267 
359 355 225 390 492 263 
158 491 356 355 187 15 
184 471 336 293 321 217 
189 409 145 123 269 161 
440 466 448 284 325 104 
62 155 452 482 83 305 
416 434 30 86 352 339 
215 343 350 232 352 63 
410 23 430 140 248 83 
9 454 328 436 345 243 
310 380 235 92 159 386 
59 429 135 468 307 227 
140 261 399 12 471 259 
378 311 172 407 420 164 
124 250 349 95 427 473 
445 181 184 314 68 329 
406 160 442 368 94 386 
82 402 37 346 232 213 
377 445 205 128 292 499 
443 317 152 262 50 377 
255 289 290 154 48 459 
378 408 129 175 305 383 
210 138 289 392 267 491 
499 166 452 203 362 414 
261 303 162 474 72 177 
311 477 350 263 400 365 
477 295 303 177 475 67 
403 271 443 293 390 177 
66 169 265 253 242 175 
304 358 76 493 231 464 
185 276 59 173 246 57 
187 467 491 122 121 373 
195 51 379 284 226 344 
387 433 178 418 477 499 
55 116 34 349 249 118 
180 54 140 63 267 40 
92 298 443 150 72 58 
247 35 357 7 262 317 
442 103 112 236 356 252 
476 68 51 211 177 270 
400 99 29 269 362 363 
435 52 251 80 44 466 
370 244 29 296 230 290 
158 111 339 408 236 255 
466 158 77 181 256 164 
196 107 151 421 180 473 
220 318 496 176 183 77 
353 201 383 452 345 389 
303 324 166 160 425 113 
157 258 77 88 286 101 
453 299 396 140 45 249 
222 381 455 0 318 279 
475 334 316 493 180 160 
315 135 362 112 465 398 
465 303 213 8 72 180 
490 440 185 364 405 343 
129 221 424 350 59 301 
110 226 7 362 259 224 
279 79 186 166 210 222 
316 307 280 174 281 268 
146 227 62 156 53 429 
192 188 55 237 244 191 
290 130 405 172 477 453 
402 129 265 42 245 401 
463 498 472 421 57 151 
157 398 497 303 257 149 
20 84 257 45 291 180 
23 251 457 424 483 375 
391 260 142 383 374 398 
308 54 33 250 61 413 
340 179 89 147 333 56 
318 177 405 240 138 283 
212 197 184 238 236 434 
243 292 463 117 162 313 
209 23 31 347 256 369 
204 9 330 224 148 70 
477 401 272 34 488 437 
405 464 302 12 39 394 
157 342 132 469 216 125 
132 491 430 309 99 186 
469 412 400 483 86 478 
43 219 456 124 326 267 
7 127 263 145 356 20 
179 117 213 147 27 53 
288 462 402 31 155 179 
238 283 20 407 134 48 
236 47 119 435 309 387 
374 267 465 492 149 289 
376 82 381 249 56 170 
134 393 218 67 306 104 
467 67 299 344 469 253 
275 171 258 166 250 163 
487 223 398 273 117 230 
42 50 473 42 208 274 
196 157 401 125 457 165 
169 220 297 441 78 69 
479 130 83 463 190 189 
352 140 139 134 159 370 
181 362 343 474 272 103 
309 331 304 268 102 88 
170 441 197 240 245 277 
498 63 231 280 91 283 
135 394 466 4 436 199 
102 192 136 36 101 313 
103 451 114 97 106 497 
56 219 230 160 474 369 
370 385 317 16 408 18 
225 137 350 176 77 389 
355 260 264 421 216 116 
288 210 206 236 438 408 
294 344 110 345 212 354 
179 158 286 191 29 223 
4 36 495 377 253 456 
0 422 381 142 360 478 
417 390 417 410 331 284 
77 332 312 348 246 97 
409 329 470 209 367 144 
168 379 126 197 288 402 
21 77 281 332 306 138 
487 442 394 369 434 246 
138 493 121 397 272 459 
476 402 319 363 287 469 
148 213 189 63 190 29 
483 256 296 2 207 441 
333 305 132 127 362 184 
17 156 195 434 238 70 
341 150 259 378 50 105 
59 230 428 92 493 165 
318 442 38 235 269 419 
97 172 381 182 166 104 
495 487 281 73 380 142 
177 70 240 323 273 49 
23 376 97 133 54 94 
11 161 241 7 202 75 
97 128 300 240 466 73 
339 489 227 356 177 328 
481 234 180 55 358 290 
142 27 363 165 197 69 
44 160 111 335 300 176 
301 265 398 268 203 262 
225 62 292 337 46 488 
484 343 94 291 163 141 
39 293 319 25 207 245 
442 466 469 144 387 354 
149 68 151 138 343 184 
130 348 397 498 48 461 
11 301 20 442 228 172 
438 179 189 395 390 255 
200 147 91 109 155 127 
479 195 350 380 153 377 
268 450 435 103 432 302 
11 14 128 35 341 47 
295 207 491 178 171 80 
282 420 402 282 396 226 
301 414 54 124 72 368 
383 303 66 63 9 236 
394 70 73 95 269 157 
430 272 223 192 298 386 
406 458 249 327 472 431 
293 392 253 424 417 406 
394 273 13 196 92 140 
75 249 348 367 112 457 
64 447 4 435 144 201 
420 301 476 449 385 76 
285 45 495 227 19 303 
103 404 206 302 394 74 
252 116 192 137 373 32 
186 388 105 117 326 39 
302 277 496 66 428 107 
215 60 127 248 106 0 
274 423 287 275 7 334 
459 408 324 55 57 500 
363 78 339 37 135 292 
479 399 252 134 361 374 
158 105 500 179 390 34 
112 228 343 270 370 377 
3 322 128 107 233 140 
491 227 7 283 198 90 
168 22 388 412 455 265 
320 464 27 433 132 220 
76 478 486 371 212 258 
300 261 211 189 110 339 
474 73 260 410 420 404 
380 483 71 181 210 487 
482 223 75 17 58 208 
443 371 300 415 283 341 
333 419 146 178 460 231 
288 409 395 81 459 332 
213 466 381 200 268 161 
240 13 16 45 4 171 
329 168 194 16 378 55 
439 493 208 6 21 374 
282 115 439 471 306 113 
19 479 15 163 482 370 
344 282 204 93 146 330 
474 2 476 371 85 240 
344 187 82 228 305 300 
470 291 25 479 221 429 
72 237 405 329 460 171 
249 265 349 278 62 214 
273 157 433 433 200 296 
247 418 34 361 218 299 
49 395 68 368 146 333 
375 334 223 149 417 60 
392 228 334 316 87 313 
410 264 408 170 115 341 
358 452 448 228 202 408 
343 2 427 19 229 145 
305 464 223 378 247 257 
87 45 366 447 170 188 
220 365 479 32 266 86 
41 341 264 255 188 38 
402 329 128 78 81 407 
99 458 177 22 483 207 
490 302 86 358 342 14 
479 100 475 440 328 98 
78 201 315 302 397 458 
402 423 107 390 141 424 
14 329 163 429 346 137 
346 411 456 438 113 360 
498 87 63 114 435 60 
262 444 279 73 120 437 
293 429 457 143 390 135 
123 469 390 268 232 193 
300 108 492 123 209 44 
408 20 12 192 310 43 
439 477 112 140 320 340 
429 304 447 356 264 265 
239 282 309 100 129 335 
160 273 45 2 386 329 
178 225 239 98 175 234 
92 145 289 55 145 265 
354 103 200 312 208 150 
154 443 149 419 9 51 
115 56 31 290 89 164 
74 59 147 201 217 253 
291 284 166 223 153 293 
265 83 145 247 69 415 
198 450 406 342 128 399 
124 402 289 290 162 162 
454 107 190 492 155 418 
275 436 369 85 476 428 
445 396 403 67 273 418 
367 414 283 6 124 107 
389 356 37 169 251 404 
6 205 269 316 352 50 
408 341 393 406 27 256 
143 459 348 202 32 378 
17 137 500 254 100 300 
49 95 158 92 217 32 
161 97 356 229 374 253 
259 404 165 163 479 104 
496 83 77 362 400 165 
158 275 174 2 260 132 
438 32 360 49 165 381 
215 405 437 186 126 42 
117 41 198 372 352 490 
272 482 110 227 378 29 
398 370 121 14 448 375 
128 186 248 22 365 316 
359 271 69 455 157 9 
277 256 354 188 442 17 
447 56 254 77 321 222 
320 498 207 110 90 255 
449 396 264 210 242 111 
408 33 186 77 497 396 
462 332 401 166 154 265 
438 355 190 418 234 333 
185 69 467 53 236 15 
479 445 398 471 14 332 
91 68 168 241 410 192 
404 184 446 334 219 77 
294 419 31 41 280 449 
60 384 371 145 366 34 
69 222 324 230 29 285 
111 39 320 482 261 474 
103 474 485 227 264 121 
395 384 157 263 243 382 
378 450 114 161 47 198 
450 311 239 103 407 158 
83 491 272 259 23 54 
33 163 44 60 109 279 
139 121 219 177 443 489 
82 429 403 137 6 198 
6 349 136 319 240 341 
38 271 107 412 92 64 
445 122 468 335 123 355 
134 238 242 281 22 450 
52 161 438 82 329 357 
90 321 139 188 222 324 
434 149 463 308 262 244 
458 182 493 338 482 319 
241 134 408 51 406 274 
165 486 201 405 389 387 
297 367 49 50 50 178 
293 49 125 457 358 99 
317 58 239 379 334 175 
222 32 6 47 453 215 
427 92 348 375 213 32 
193 435 500 260 202 109 
52 155 421 264 195 319 
39 183 448 95 186 371 
96 129 477 297 435 321 
281 464 360 452 0 393 
320 416 300 368 296 339 
299 116 471 426 258 479 
75 113 258 285 145 468 
40 22 463 121 167 330 
352 40 191 391 15 484 
287 117 362 3 36 473 
100 132 326 284 433 368 
342 154 457 332 494 436 
304 461 219 244 78 489 
446 443 102 475 360 127 
465 150 207 124 494 119 
315 81 288 95 309 425 
483 235 194 102 290 99 
66 50 431 28 30 89 
49 196 402 344 123 362 
156 255 444 32 199 187 
276 351 235 173 492 298 
98 143 372 47 124 275 
392 152 124 56 141 298 
262 367 37 125 56 441 
275 407 124 2 241 28 
431 370 380 266 281 479 
403 337 388 448 461 102 
320 174 229 254 57 264 
364 173 294 323 368 285 
367 134 324 392 300 445 
407 168 1 339 382 200 
17 369 278 28 99 40 
16 164 160 446 433 93 
286 293 325 25 281 159 
422 100 127 229 38 471 
2 202 451 192 152 259 
472 62 198 65 27 11 
294 120 119 169 406 487 
391 475 260 350 377 195 
269 316 40 422 460 21 
106 64 430 246 141 267 
257 287 350 327 55 37 
224 147 465 381 458 334 
194 40 252 226 375 42 
465 302 483 187 326 421 
27 304 220 74 271 187 
208 489 18 277 425 352 
213 199 496 118 337 213 
427 135 263 495 328 400 
150 175 159 433 337 312 
340 493 227 270 381 464 
297 392 138 162 179 284 
10 358 471 9 433 425 
273 111 138 430 418 83 
283 366 446 348 424 344 
331 72 498 351 482 403 
202 272 264 69 382 224 
214 355 234 140 322 183 
290 198 70 458 3 442 
261 493 243 220 55 463 
347 167 139 200 283 233 
461 88 0 117 110 74 
242 229 33 140 33 164 
138 170 470 186 161 437 
354 366 372 149 199 176 
301 310 313 311 33 177 
32 397 157 410 313 175 
259 309 385 155 479 381 
351 174 78 376 445 455 
305 28 319 379 317 232 
92 76 47 283 129 45 
58 428 45 326 408 148 
174 108 421 24 37 99 
32 15 345 277 382 444 
341 200 6 208 46 219 
450 263 432 176 390 271 
497 419 353 422 379 322 
75 172 138 340 184 18 
182 181 201 83 176 55 
74 377 445 34 298 253 
290 498 299 412 377 160 
358 358 441 351 31 385 
348 7 361 159 460 168 
32 233 167 149 37 216 
20 269 170 214 206 90 
147 129 10 403 288 298 
156 328 213 328 287 29 
198 277 432 134 403 75 
4 469 221 363 291 260 
323 147 461 438 64 246 
25 332 156 307 183 89 
424 81 149 110 260 258 
375 121 443 314 462 164 
272 88 156 381 102 338 
122 307 369 404 486 64 
233 109 73 234 162 52 
189 87 186 75 303 54 
425 27 346 357 33 257 
138 393 364 59 297 322 
1 45 178 293 327 207 
399 419 142 491 170 198 
136 422 319 298 355 237 
14 25 379 203 461 44 
228 310 309 30 227 349 
324 178 234 218 341 150 
484 183 112 142 338 312 
303 146 486 276 378 295 
482 373 46 115 324 62 
485 64 67 428 393 309 
329 214 43 306 398 436 
457 33 358 246 446 249 
155 358 213 226 347 272 
170 119 12 132 122 138 
96 65 291 362 176 113 
363 88 478 409 168 37 
380 419 18 13 201 214 
29 426 213 151 404 203 
197 58 315 292 69 12 
318 229 62 180 366 161 
262 111 48 443 414 181 
425 477 148 441 91 87 
400 398 500 230 8 261 
338 269 246 185 448 399 
264 262 376 46 334 265 
3 59 319 118 141 74 
15 478 247 298 49 320 
390 70 180 305 408 393 
328 106 34 28 134 197 
500 99 289 70 496 64 
144 278 3 418 124 175 
94 4 394 347 175 444 
124 22 196 3 95 442 
311 110 444 152 379 421 
441 337 123 226 326 379 
30 186 270 173 382 174 
243 470 118 74 388 225 
64 433 291 263 149 452 
38 414 375 265 6 7 
406 94 379 44 375 185 
234 70 104 433 16 102 
359 440 320 34 182 54 
383 151 474 359 458 495 
142 91 133 418 280 396 
159 35 18 127 190 256 
17 150 362 277 289 251 
29 211 264 397 87 154 
216 124 88 362 477 80 
113 330 235 235 138 50 
5 21 124 37 378 321 
159 305 30 369 43 182 
224 204 482 347 242 496 
57 258 408 98 255 387 
352 33 33 117 42 104 
250 404 453 130 6 67 
295 390 99 320 398 261 
495 411 202 283 89 48 
341 60 32 321 205 406 
366 356 392 323 172 160 
139 147 394 470 23 85 
302 323 55 179 462 127 
114 119 14 336 381 395 
394 259 18 192 97 263 
16 403 433 493 190 23 
375 203 159 240 335 235 
433 118 483 253 392 355 
129 153 180 406 186 276 
176 71 276 308 44 259 
218 157 8 359 308 417 
463 488 368 39 98 172 
369 386 302 435 414 248 
500 198 218 418 14 458 
284 500 358 468 51 32 
500 1 350 319 106 472 
181 355 21 34 461 11 
11 159 128 99 268 108 
437 247 441 417 184 337 
38 281 58 423 358 458 
268 158 267 330 27 311 
195 462 367 417 397 358 
154 105 8 35 480 51 
469 291 81 238 424 445 
10 326 79 54 246 102 
-1