630 428 942 526 429 443 
524 905 126 535 240 954 
765 851 599 456 652 566 
33 362 867 510 932 480 
278 292 221 178 580 254 
981 15 192 375 918 559 
114 19 916 282 857 330 
561 25 951 653 920 67 
465 993 668 178 532 362 
267 186 543 923 455 192 
567 234 21 179 800 594 
974 978 902 926 617 363 
911 980 922 180 799 308 
208 979 877 387 490 744 
729 874 647 482 196 772 
94 815 573 295 71 818 
675 539 671 820 390 77 
330 692 513 189 113 495 
474 713 228 290 34 164 
178 352 166 840 608 883 
553 139 684 806 300 845 
624 635 953 53 864 963 
662 883 690 78 271 591 
963 883 685 520 940 45 
734 128 238 199 301 76 
145 169 245 718 594 762 
665 782 368 277 84 903 
975 593 545 833 526 217 
171 940 121 626 559 405 
496 491 410 738 269 522 
333 425 661 65 81 326 
760 328 67 560 396 124 
434 506 192 266 352 382 
71 595 314 645 278 788 
299 68 719 879 823 108 
846 400 215 12 746 236 
457 232 887 780 923 389 
258 973 214 673 65 583 
408 802 753 849 385 38 
212 65 263 761 361 604 
374 745 164 749 850 726 
398 820 880 299 506 705 
124 770 172 880 488 74 
909 777 252 122 194 616 
717 312 208 728 883 228 
841 332 51 544 457 326 
945 474 73 157 236 577 
979 57 579 956 22 850 
697 97 604 391 703 867 
154 212 753 577 379 356 
540 238 36 668 17 56 
989 462 634 453 895 596 
796 239 170 838 412 493 
890 826 664 989 330 809 
268 641 120 687 54 600 
402 635 103 583 230 157 
491 490 850 591 857 618 
917 626 411 853 774 413 
496 685 785 488 326 119 
829 252 995 278 715 299 
562 276 987 618 184 341 
632 86 862 177 699 987 
240 948 123 743 579 431 
310 199 715 120 648 458 
471 578 405 516 148 637 
283 248 800 416 671 872 
674 614 917 945 577 635 
225 232 689 708 696 645 
384 322 806 242 640 149 
89 567 0 782 134 237 
7 391 312 469 675 962 
293 865 415 526 155 429 
260 242 419 15 588 186 
953 241 817 57 645 899 
917 673 383 644 460 70 
450 418 67 178 10 842 
1000 769 459 371 263 698 
355 179 116 562 95 863 
72 431 670 380 190 823 
980 629 610 820 795 196 
248 968 22 845 571 455 
461 980 645 90 397 273 
291 562 451 836 734 19 
108 875 494 512 825 912 
992 196 262 940 329 272 
194 675 875 592 414 934 
772 699 735 174 125 565 
577 230 848 50 576 451 
547 959 870 727 216 786 
525 363 27 616 300 968 
635 737 182 793 231 985 
892 411 143 618 776 189 
334 753 294 329 501 643 
261 610 638 380 624 728 
615 633 344 469 220 500 
145 162 102 206 19 414 
795 840 614 846 907 0 
518 524 753 76 674 911 
566 49 503 512 672 144 
117 968 17 193 784 965 
400 67 672 813 50 637 
903 933 214 244 241 642 
555 866 769 620 503 142 
875 946 369 799 697 420 
962 563 455 166 30 894 
749 262 985 783 587 308 
284 598 957 891 198 939 
1000 309 11 783 794 861 
560 947 90 716 190 912 
433 215 931 72 247 93 
212 182 602 246 505 176 
629 616 352 92 709 829 
360 791 205 667 1 817 
792 366 542 878 606 872 
585 696 234 306 856 499 
195 618 133 268 112 7 
137 963 100 12 288 204 
678 233 902 852 416 373 
468 849 891 463 653 713 
742 373 328 749 554 518 
392 61 35 452 641 911 
504 845 643 777 74 406 
872 41 517 58 933 35 
282 926 103 988 886 686 
475 151 380 284 206 159 
248 938 45 897 68 143 
5 99 407 525 161 117 
980 485 632 206 547 204 
147 175 18 926 817 897 
238 37 709 17 438 715 
488 306 896 804 965 534 
156 82 303 641 910 25 
214 398 279 103 577 323 
815 303 358 759 136 550 
529 996 136 202 430 790 
661 670 189 324 216 353 
416 422 932 702 565 363 
237 795 172 164 471 363 
730 568 502 934 17 401 
919 282 172 729 903 862 
568 868 358 202 72 167 
385 29 248 340 384 333 
833 60 342 220 521 876 
882 265 595 877 252 142 
166 371 738 978 635 827 
321 643 430 514 607 940 
856 17 248 221 957 312 
274 353 366 136 311 901 
125 653 134 120 895 471 
375 184 224 860 534 65 
77 780 579 641 173 171 
48 139 59 608 580 315 
886 165 660 978 701 430 
958 432 229 738 418 78 
627 804 112 521 991 181 
750 76 882 365 56 897 
602 414 418 373 631 902 
87 847 288 705 690 526 
328 394 496 559 665 765 
954 864 10 407 370 350 
113 43 448 590 175 117 
66 184 366 466 218 518 
587 946 142 882 476 66 
21 893 277 176 809 559 
640 555 791 569 272 44 
517 282 624 337 936 816 
833 860 853 957 970 948 
251 88 102 10 578 634 
666 102 137 546 268 479 
237 119 745 315 13 597 
124 766 321 929 399 549 
610 8 478 440 61 666 
824 129 148 640 161 190 
629 583 928 259 614 323 
297 293 788 400 419 119 
270 189 761 908 748 107 
964 881 901 530 214 195 
62 445 660 940 573 365 
962 538 727 886 710 906 
3 107 843 367 136 768 
216 956 506 427 386 832 
428 579 425 868 334 843 
895 285 629 896 121 698 
17 234 922 926 968 907 
310 800 744 147 129 206 
682 590 602 2 496 967 
691 126 190 576 539 225 
674 720 854 358 728 91 
698 113 274 852 0 514 
645 744 409 354 248 269 
867 134 432 382 93 30 
46 830 108 464 262 535 
907 65 572 509 437 352 
464 314 732 550 902 867 
109 427 451 705 798 373 
819 874 510 706 382 661 
120 467 1 352 293 8 
598 632 248 150 654 191 
211 229 933 785 209 293 
85 562 439 605 543 39 
650 582 730 727 262 22 
197 149 962 926 826 440 
175 213 554 455 925 635 
639 57 751 709 631 463 
967 488 981 0 129 12 
742 201 724 566 880 379 
809 686 943 514 274 144 
957 107 166 24 151 857 
884 595 810 708 115 61 
456 515 218 937 369 143 
335 371 798 914 422 359 
937 541 581 109 407 154 
304 987 929 469 899 940 
608 837 720 702 749 376 
111 789 296 49 32 625 
535 732 958 427 396 515 
998 329 601 173 761 938 
518 681 467 502 101 950 
277 480 73 929 610 811 
806 341 292 207 177 644 
853 399 120 612 380 477 
150 404 346 292 196 403 
8 368 663 377 237 865 
341 551 163 928 892 75 
110 698 954 251 164 659 
54 351 505 762 273 731 
733 48 342 866 952 719 
22 134 735 356 632 797 
998 906 605 906 223 847 
544 957 424 2 406 326 
39 447 815 427 135 137 
232 613 895 220 712 447 
676 677 1000 376 96 879 
674 166 980 109 885 427 
282 566 974 932 73 15 
203 363 184 489 71 338 
327 542 742 357 227 829 
137 374 496 420 553 506 
732 467 705 659 798 618 
736 898 971 697 51 358 
489 685 215 999 612 135 
779 490 458 712 169 163 
571 264 959 79 33 857 
201 417 765 880 307 710 
648 433 278 939 404 611 
320 537 690 350 343 970 
818 347 411 289 75 238 
120 74 48 409 178 732 
965 284 233 165 592 429 
260 167 638 741 399 746 
648 969 247 976 600 269 
526 592 309 786 316 558 
315 109 559 175 732 170 
0 707 406 864 28 587 
566 449 8 619 725 855 
345 89 311 452 501 388 
202 563 793 753 811 931 
35 646 957 228 219 184 
705 5 24 587 795 468 
473 622 315 298 455 591 
716 6 130 844 956 501 
413 491 388 801 944 444 
590 754 42 522 363 155 
397 132 65 603 580 897 
682 834 72 315 685 828 
644 347 798 821 68 988 
418 108 983 410 163 147 
870 231 602 44 742 215 
546 313 217 416 599 466 
866 898 263 822 841 754 
535 440 812 829 801 310 
301 277 492 763 405 746 
649 690 497 522 549 554 
205 373 97 308 310 213 
632 859 807 791 849 742 
88 661 675 828 658 978 
878 881 270 371 508 971 
335 569 79 168 51 825 
675 120 964 173 787 136 
661 335 709 802 731 516 
336 31 217 69 458 174 
15 413 825 121 714 704 
753 797 36 423 542 981 
319 694 646 806 951 736 
438 657 28 167 385 603 
159 691 529 252 402 849 
455 689 918 492 553 482 
670 347 259 59 760 791 
502 384 390 52 938 227 
28 859 255 441 995 670 
437 860 546 931 819 151 
909 446 719 130 326 245 
88 68 5 414 808 337 
161 365 69 85 912 663 
975 759 259 338 615 924 
179 642 649 396 11 532 
975 869 505 410 313 489 
133 708 306 643 355 655 
189 497 90 308 940 388 
570 598 667 62 369 916 
423 664 764 987 25 120 
871 996 884 401 321 128 
52 836 163 857 993 622 
447 862 150 693 329 253 
657 782 406 296 464 296 
14 804 20 670 758 917 
847 903 841 823 809 462 
254 301 965 469 171 873 
253 77 779 666 713 571 
795 514 943 145 702 244 
507 166 48 419 336 812 
412 750 348 432 365 195 
601 97 763 995 828 712 
315 147 103 676 942 70 
381 332 395 667 835 748 
568 31 474 404 726 654 
678 617 863 110 303 155 
22 499 19 537 873 585 
431 705 211 540 879 67 
295 120 878 404 441 437 
754 515 942 617 736 500 
497 810 467 263 752 525 
176 806 588 121 409 665 
641 553 781 287 408 120 
823 965 25 966 466 563 
908 551 498 763 530 1 
200 966 9 719 979 855 
17 31 973 347 768 863 
494 227 955 218 898 909 
385 692 32 796 356 860 
97 283 231 942 719 726 
870 294 731 602 46 894 
127 85 430 776 650 824 
200 259 112 687 997 946 
281 720 760 470 451 853 
71 366 1 856 250 749 
178 501 58 175 469 968 
114 786 682 841 320 533 
913 775 453 54 219 568 
989 733 917 688 137 410 
934 77 785 153 890 65 
735 54 21 371 700 900 
35 908 390 584 789 391 
790 598 480 496 762 463 
148 851 239 152 64 537 
262 936 920 72 144 196 
956 516 178 677 772 744 
20 623 7 292 184 949 
179 400 767 160 815 838 
555 642 819 901 567 352 
673 15 337 678 963 829 
831 842 669 303 684 641 
538 681 750 749 765 12 
64 217 497 452 744 191 
600 406 933 485 58 741 
409 316 234 631 703 946 
999 993 354 745 455 280 
341 443 809 902 446 580 
643 455 468 464 967 256 
984 295 265 97 449 296 
545 256 444 871 720 707 
690 313 74 865 50 666 
748 855 646 994 716 514 
967 729 723 823 29 705 
725 441 104 385 723 300 
536 648 809 781 179 681 
56 59 237 769 620 873 
499 937 201 190 758 465 
714 18 203 647 836 811 
314 692 964 498 966 952 
425 219 347 790 20 508 
684 984 712 265 537 33 
914 100 900 732 10 741 
560 977 901 834 404 890 
291 403 84 119 784 101 
784 116 515 290 969 440 
940 819 591 388 371 452 
655 303 83 551 484 62 
58 982 76 585 489 506 
58 57 149 609 502 890 
400 583 75 44 882 499 
889 793 233 423 304 281 
466 504 114 185 169 352 
257 43 239 616 525 352 
807 501 276 119 481 455 
190 638 881 870 124 7 
691 857 790 981 889 12 
53 418 178 598 845 819 
57 554 314 573 726 696 
52 750 295 409 408 884 
310 733 911 681 934 337 
43 586 326 866 286 343 
804 137 368 661 168 664 
498 487 487 801 786 709 
379 500 741 250 778 478 
898 734 201 780 883 67 
591 223 775 730 918 848 
924 224 727 476 606 178 
847 923 862 479 576 718 
894 761 68 67 335 536 
927 874 488 625 410 433 
523 793 57 217 27 961 
80 617 179 642 253 891 
895 980 369 86 923 21 
821 996 365 201 681 252 
779 964 529 625 219 619 
465 813 386 584 122 600 
812 377 438 274 931 557 
625 368 924 648 112 422 
597 552 571 40 757 547 
317 669 679 627 16 208 
431 352 645 328 220 114 
693 578 227 182 835 416 
517 196 936 818 948 400 
726 217 730 241 287 119 
185 157 90 423 104 91 
406 434 557 563 180 619 
971 261 51 743 147 415 
125 719 207 935 390 272 
783 969 345 785 837 203 
77 153 807 225 68 440 
997 865 358 561 533 299 
843 405 514 374 334 612 
536 163 647 560 938 677 
842 687 545 248 320 929 
626 759 634 721 334 787 
860 873 287 661 120 973 
860 981 624 900 863 273 
55 824 860 410 750 662 
310 476 990 140 119 650 
15 272 739 699 28 789 
49 981 290 955 43 931 
849 975 131 68 730 75 
19 459 108 674 682 920 
473 978 654 386 121 369 
750 218 541 667 481 24 
183 982 530 991 669 150 
795 67 19 997 710 658 
911 191 860 430 239 850 
862 824 924 746 432 403 
432 27 712 305 757 780 
355 941 193 312 653 105 
580 681 470 404 17 125 
521 627 869 796 985 98 
305 958 559 832 634 967 
306 996 499 633 316 369 
737 37 265 125 947 451 
595 715 563 851 195 542 
816 837 790 749 583 194 
660 908 281 729 966 489 
415 923 601 836 952 887 
968 443 305 627 312 461 
769 458 624 787 168 191 
27 760 763 528 570 578 
985 980 555 181 786 552 
632 181 558 925 105 542 
596 615 838 396 297 754 
791 39 777 312 778 595 
429 524 691 10 590 986 
683 37 283 974 61 777 
22 469 613 604 100 569 
744 730 823 36 192 941 
766 178 664 158 526 119 
129 315 390 691 368 782 
878 123 780 625 907 346 
977 698 574 915 793 351 
565 680 428 696 667 553 
803 625 39 155 558 588 
892 377 372 370 578 560 
380 705 320 775 72 943 
290 966 762 215 405 978 
352 530 485 901 417 204 
12 429 531 307 402 490 
299 302 395 502 440 614 
740 753 508 681 259 427 
812 635 93 781 602 9 
327 401 773 619 346 632 
487 495 597 583 804 482 
149 218 908 750 407 566 
626 148 160 448 200 285 
353 961 541 983 984 972 
87 766 269 791 96 935 
443 296 549 747 798 119 
553 421 56 457 273 321 
678 500 459 239 816 581 
836 301 172 114 902 576 
375 534 473 372 274 939 
933 634 490 340 920 611 
110 474 66 30 648 286 
545 612 808 425 96 668 
957 108 987 983 401 609 
36 842 903 692 207 398 
293 287 187 180 481 234 
167 946 880 60 402 526 
462 605 742 954 40 848 
458 113 319 12 631 322 
44 229 182 785 211 487 
674 146 336 146 534 145 
421 206 205 816 93 361 
446 227 251 68 76 888 
208 402 768 300 383 32 
940 458 545 212 876 775 
429 191 185 126 53 740 
272 200 3 565 199 287 
328 571 384 764 519 357 
226 630 519 644 74 792 
113 724 16 59 139 920 
685 495 431 628 984 587 
743 953 940 65 198 55 
453 309 536 483 434 869 
247 172 738 398 563 783 
728 255 486 872 894 474 
499 632 7 729 839 377 
981 922 21 55 429 91 
987 768 201 626 316 338 
644 114 432 240 620 617 
780 418 844 197 430 815 
274 989 619 492 275 308 
493 574 281 55 415 977 
142 409 39 287 140 129 
323 240 357 914 554 309 
340 388 252 277 164 435 
416 649 51 894 872 564 
749 696 776 845 394 326 
773 506 571 50 569 486 
101 183 650 948 485 986 
573 149 239 815 387 6 
935 622 867 492 790 156 
12 95 722 930 492 105 
285 808 584 147 507 825 
4 464 642 418 444 137 
971 421 726 556 383 677 
496 642 696 47 954 487 
246 746 378 401 49 622 
253 764 857 516 986 1000 
775 911 258 404 192 344 
765 84 583 621 204 610 
976 756 744 405 86 252 
124 63 581 40 954 508 
890 960 888 312 671 203 
169 819 27 326 518 248 
171 742 520 43 865 86 
947 152 944 245 409 851 
512 201 780 408 680 159 
99 839 225 763 444 202 
697 300 501 279 217 134 
191 166 400 64 733 335 
449 633 166 45 353 340 
149 982 469 644 332 997 
299 689 499 672 75 632 
244 708 891 500 666 448 
331 296 168 674 367 506 
806 464 266 706 769 441 
993 914 475 190 963 165 
676 63 922 897 747 738 
490 801 95 859 611 382 
261 517 447 553 612 252 
755 198 727 857 284 796 
196 984 791 837 272 998 
353 455 455 866 697 47 
284 365 881 283 286 177 
619 56 466 862 414 15 
644 935 442 749 657 64 
32 500 112 869 135 662 
545 577 769 780 793 947 
439 352 933 62 161 257 
116 270 134 42 842 985 
642 366 659 511 711 233 
79 764 602 723 927 316 
78 409 411 289 640 242 
827 610 424 225 100 1000 
72 148 841 706 309 129 
328 781 372 129 269 60 
772 406 592 817 386 267 
796 305 342 309 102 89 
487 786 175 710 64 289 
104 937 657 549 255 136 
227 987 450 325 614 669 
837 686 297 758 436 212 
339 187 94 101 107 325 
969 119 867 928 943 331 
499 638 582 354 784 563 
371 177 372 78 644 295 
467 655 469 983 96 250 
969 859 186 435 473 464 
955 837 1000 381 367 554 
976 374 1 572 608 324 
89 196 684 525 689 20 
928 812 540 395 757 362 
440 788 395 53 7 802 
802 703 664 486 509 590 
406 331 136 970 43 864 
786 105 778 496 703 842 
54 161 437 598 61 239 
566 997 999 216 303 222 
657 859 962 420 944 594 
719 530 965 559 504 64 
555 227 156 819 879 882 
417 605 480 57 687 86 
498 906 454 814 434 648 
129 709 546 811 51 442 
170 688 701 698 794 848 
640 98 869 849 346 33 
454 815 563 317 707 737 
570 43 148 896 516 767 
750 342 690 514 655 438 
182 414 650 767 642 453 
0 173 382 65 719 385 
96 915 869 125 96 708 
401 169 833 686 136 871 
803 360 204 825 180 764 
995 357 211 211 885 301 
578 73 197 560 50 186 
566 437 793 549 47 221 
514 590 371 797 332 826 
357 273 376 856 193 34 
646 238 405 762 952 260 
43 969 456 965 826 135 
184 501 800 73 405 942 
481 81 1000 268 883 532 
308 989 532 650 780 9 
309 173 514 904 762 950 
754 274 227 388 72 186 
624 864 600 541 683 574 
285 961 692 319 16 72 
133 495 850 298 417 386 
837 661 809 595 794 59 
766 525 925 462 731 651 
809 718 895 287 62 392 
999 156 899 393 296 63 
507 89 253 218 690 532 
597 707 54 612 410 179 
406 450 889 200 45 319 
988 320 956 930 976 313 
620 368 871 308 355 416 
415 77 163 222 36 30 
146 654 956 882 220 747 
970 694 120 952 696 524 
919 98 418 163 918 54 
295 898 799 128 149 661 
821 863 263 696 159 870 
946 405 920 223 409 343 
603 912 802 432 824 89 
785 884 89 341 319 893 
422 509 788 362 343 768 
617 851 634 958 352 95 
151 186 165 556 85 984 
969 40 218 775 153 369 
514 315 317 715 854 878 
711 957 369 364 481 74 
541 465 720 718 251 315 
965 26 336 146 286 900 
838 69 146 23 829 758 
673 684 307 672 754 348 
989 30 748 743 509 83 
435 770 632 417 572 44 
181 734 738 344 337 215 
298 63 955 7 817 979 
417 42 470 292 698 389 
119 160 283 144 314 379 
177 991 804 290 603 320 
13 87 639 875 82 475 
315 884 444 878 387 714 
356 107 975 629 320 523 
295 354 206 632 745 383 
694 403 618 858 981 255 
187 153 18 572 893 318 
235 424 652 929 313 913 
145 288 497 978 978 480 
663 234 824 575 166 553 
391 137 99 883 192 584 
453 654 132 921 762 902 
594 504 200 561 740 885 
482 413 880 694 480 264 
913 640 402 701 857 985 
183 82 725 87 679 36 
579 460 535 580 138 915 
343 746 34 591 78 569 
453 576 195 96 888 813 
372 949 487 383 841 398 
614 375 476 954 730 670 
508 81 368 961 46 434 
915 185 534 186 830 64 
2 702 887 583 362 415 
51 652 802 590 416 535 
478 542 430 989 91 474 
402 140 861 913 529 891 
898 194 920 69 298 778 
768 598 667 851 673 776 
824 502 102 404 700 378 
637 416 746 554 221 927 
376 56 956 247 410 161 
350 36 37 206 361 133 
532 808 693 518 804 684 
400 45 883 959 949 860 
28 549 94 899 475 798 
554 948 238 420 144 231 
26 931 768 515 708 391 
661 27 799 244 623 14 
500 504 668 43 711 859 
550 257 580 442 483 877 
224 374 105 466 356 921 
149 417 511 736 93 892 
248 977 256 626 591 792 
896 725 84 659 293 707 
474 484 514 961 708 972 
982 739 686 58 668 551 
767 694 689 621 332 358 
492 329 500 828 328 626 
333 93 495 620 977 129 
634 998 738 55 91 991 
536 891 983 428 16 895 
415 661 274 242 967 684 
152 256 978 176 398 115 
13 213 647 267 519 648 
631 677 474 635 468 533 
854 492 16 56 424 906 
773 74 105 382 983 908 
667 733 567 626 207 436 
913 589 253 334 818 638 
180 90 330 696 665 625 
887 818 15 797 401 371 
458 632 234 789 141 484 
89 344 224 390 570 72 
957 972 840 97 680 753 
63 1000 542 148 657 626 
219 999 558 283 910 96 
503 635 457 879 557 435 
775 864 560 306 817 564 
620 470 111 568 481 68 
198 461 269 88 310 942 
225 540 955 808 37 772 
715 502 436 163 333 152 
620 356 639 71 924 656 
843 717 104 635 411 929 
761 30 670 267 514 380 
308 718 479 557 644 129 
280 71 993 781 875 171 
690 772 437 363 747 580 
9 297 241 804 546 588 
974 620 108 87 231 475 
809 24 944 113 161 161 
598 797 703 173 683 91 
267 651 933 286 16 4 
694 457 738 239 375 802 
461 292 560 126 515 182 
237 409 96 909 268 687 
312 887 554 197 595 809 
310 718 414 231 894 63 
235 240 457 219 534 860 
678 978 501 715 991 325 
802 568 583 949 720 126 
449 120 271 631 790 476 
499 383 311 127 625 848 
210 964 433 770 395 245 
652 51 5 89 246 762 
255 483 557 130 325 200 
748 979 32 18 943 871 
65 535 566 303 704 651 
563 543 944 869 614 25 
978 100 645 871 493 715 
742 281 197 786 463 801 
853 823 651 973 885 640 
56 182 889 830 672 656 
624 67 136 666 961 215 
714 590 263 471 628 153 
21 188 431 861 509 547 
236 879 716 763 567 87 
47 103 849 191 984 311 
625 997 851 16 870 673 
345 933 865 573 216 440 
16 105 690 337 956 291 
262 999 893 974 270 197 
92 509 883 449 649 153 
89 478 633 353 748 529 
797 857 401 971 866 500 
654 741 787 239 609 542 
621 837 644 765 9 535 
559 855 757 895 661 639 
83 635 424 593 837 696 
591 557 513 85 973 837 
180 367 506 764 953 174 
636 472 665 173 219 594 
464 113 169 750 223 580 
237 226 78 776 955 201 
836 466 708 442 705 65 
592 527 469 907 821 821 
89 369 583 24 521 243 
406 421 698 101 903 393 
620 899 850 485 860 87 
662 79 897 577 868 180 
567 345 333 328 324 529 
757 819 599 589 539 648 
25 931 0 305 714 672 
45 581 268 865 847 15 
213 653 477 86 688 884 
895 896 384 574 222 548 
532 113 385 584 656 972 
336 816 473 327 649 964 
286 422 160 870 154 228 
695 605 229 866 608 574 
604 714 257 895 948 448 
564 518 16 14 567 129 
997 225 295 287 826 729 
642 499 279 940 497 367 
405 944 239 697 820 489 
482 651 439 334 538 612 
668 765 615 595 899 525 
337 62 448 637 951 52 
713 170 855 675 860 236 
850 939 400 911 174 124 
406 858 273 245 921 15 
967 136 729 428 909 154 
758 678 580 913 81 329 
378 653 958 99 73 908 
961 104 226 209 389 763 
312 846 765 148 167 777 
704 706 825 682 81 916 
461 332 576 445 562 127 
322 794 344 917 316 962 
139 3 610 914 650 355 
86 75 105 5 707 111 
302 690 379 557 306 383 
563 279 771 818 267 271 
396 753 632 40 155 431 
473 678 332 426 132 929 
95 312 870 899 860 608 
343 337 360 450 731 726 
984 296 987 411 818 792 
410 542 313 18 769 504 
336 279 518 578 723 499 
888 460 344 773 785 486 
730 844 81 517 237 813 
207 779 749 72 523 304 
125 255 309 382 923 809 
55 871 628 621 263 997 
84 259 328 128 335 984 
336 299 780 763 894 921 
50 554 663 18 671 547 
378 530 905 168 141 856 
948 135 114 460 316 586 
925 207 985 341 677 452 
81 948 696 271 128 867 
581 123 192 211 939 958 
871 948 790 230 378 313 
810 499 229 929 393 166 
901 380 382 956 631 35 
453 995 545 428 967 542 
336 251 712 603 537 340 
750 577 381 892 354 655 
250 493 882 55 720 982 
377 723 366 444 978 196 
614 817 271 894 173 4 
654 193 280 936 684 349 
444 789 270 65 349 916 
172 625 505 4 593 476 
489 535 584 968 709 766 
720 88 638 19 778 186 
425 749 251 308 956 589 
930 986 546 161 606 289 
771 683 174 66 340 696 
108 180 986 693 623 516 
407 829 282 263 256 636 
919 157 505 493 126 648 
1000 276 443 713 166 615 
264 380 24 513 853 214 
174 174 54 798 773 477 
138 620 421 406 64 294 
405 47 203 257 103 620 
840 442 903 451 783 303 
905 798 479 883 335 115 
467 145 702 71 194 899 
528 773 603 105 725 554 
73 491 131 819 441 982 
389 272 417 395 266 221 
806 634 843 386 884 342 
840 118 374 302 363 40 
753 55 781 178 995 900 
38 91 307 106 600 380 
2 397 281 879 751 889 
75 617 669 892 73 604 
515 246 730 278 962 173 
555 286 619 250 439 358 
647 979 35 123 428 597 
89 77 558 208 710 628 
993 302 426 528 355 632 
645 907 398 24 371 4 
918 616 211 980 614 735 
791 958 929 418 401 984 
766 158 257 385 77 896 
822 995 634 962 532 499 
354 720 881 830 961 108 
714 629 20 797 222 636 
491 905 974 952 508 667 
97 351 582 928 879 696 
92 577 779 950 422 395 
455 260 776 124 587 874 
31 604 90 343 557 988 
224 472 933 690 770 767 
615 951 774 871 67 249 
310 795 699 942 957 11 
506 872 640 405 971 655 
52 358 431 92 680 258 
905 31 866 785 553 165 
16 690 779 128 358 475 
876 937 85 856 26 724 
746 727 437 69 171 177 
382 162 313 91 585 623 
43 877 474 614 541 631 
634 408 992 927 92 107 
260 384 264 13 793 975 
770 559 18 663 491 934 
193 482 18 134 151 440 
174 190 121 622 976 259 
335 560 650 171 557 74 
684 425 372 575 14 707 
194 371 185 124 394 880 
343 822 287 609 390 633 
98 995 754 522 703 778 
948 63 139 673 11 477 
425 122 772 665 597 314 
512 984 637 658 827 938 
974 256 869 91 355 509 
631 291 903 429 336 291 
695 812 228 760 59 359 
790 492 217 979 81 249 
323 625 605 485 584 896 
285 885 137 164 606 45 
678 784 115 586 589 913 
602 375 380 54 688 328 
686 975 992 650 875 941 
694 970 418 820 70 325 
878 741 242 897 951 998 
291 191 653 427 574 829 
135 106 898 123 159 20 
25 916 358 216 817 797 
985 434 195 662 499 968 
618 824 210 772 414 745 
22 703 59 506 528 560 
507 174 796 753 296 356 
282 614 976 711 159 16 
133 515 248 67 530 532 
930 427 624 39 183 691 
817 831 650 722 511 912 
721 752 980 349 43 825 
5 574 642 866 362 271 
658 590 738 860 747 312 
883 357 820 579 658 706 
454 652 27 339 935 783 
642 65 446 167 882 184 
363 846 431 10 985 728 
519 938 698 912 96 560 
146 559 58 757 29 561 
696 293 588 138 189 558 
935 636 914 832 353 158 
613 821 722 99 908 107 
432 277 867 946 812 245 
134 349 492 853 633 660 
368 536 433 215 532 85 
476 615 451 792 186 17 
147 200 925 767 834 627 
437 779 695 775 600 577 
809 877 441 638 211 630 
216 361 925 217 442 619 
288 817 629 739 771 47 
782 899 445 691 607 844 
895 285 217 878 391 609 
268 217 980 113 12 570 
843 719 775 999 534 78 
282 66 297 519 951 472 
456 487 159 226 977 888 
481 975 586 161 113 732 
725 557 928 827 630 23 
829 235 42 602 780 751 
514 84 651 650 320 92 
40 193 758 689 502 690 
793 232 463 390 862 897 
184 610 543 318 194 734 
750 490 481 191 315 152 
532 434 399 284 442 610 
497 503 65 120 732 255 
395 719 383 823 235 693 
897 621 156 783 281 717 
518 47 138 362 551 942 
548 897 158 171 268 689 
214 185 84 698 959 578 
124 605 91 152 292 619 
577 58 611 286 953 195 
15 231 641 246 811 39 
20 988 3 21 291 925 
885 864 988 295 718 218 
12 197 958 384 567 360 
712 235 770 973 410 336 
896 3 940 261 344 910 
2 476 801 508 798 99 
657 498 291 661 184 860 
147 528 287 715 206 529 
200 863 209 470 187 555 
708 237 505 95 96 68 
970 930 222 324 738 892 
-1