496 478 418 974 512 549 
983 597 267 472 298 149 
565 569 216 746 477 798 
254 137 592 396 909 786 
389 629 560 791 101 418 
6 392 90 474 886 70 
118 149 776 632 90 224 
536 241 14 20 134 187 
43 132 930 58 32 484 
803 359 537 41 166 464 
98 638 676 615 730 551 
545 25 648 720 361 100 
176 694 841 695 706 385 
204 845 742 282 891 218 
228 710 281 718 989 246 
176 946 414 855 394 89 
12 216 323 766 652 461 
991 167 953 516 279 426 
71 617 72 434 334 669 
118 978 139 904 565 583 
499 160 608 628 197 696 
411 457 606 274 461 494 
236 38 387 376 768 832 
291 630 297 72 121 790 
240 10 639 381 750 33 
879 55 8 472 53 449 
939 512 710 6 151 358 
34 160 263 46 217 119 
360 405 151 927 594 773 
673 389 6 591 317 489 
67 55 859 351 52 430 
416 296 834 53 219 875 
893 136 963 196 885 480 
145 437 122 974 183 4 
726 936 995 294 834 461 
387 372 122 799 879 535 
617 851 229 71 155 476 
72 316 723 839 0 519 
9 60 251 686 575 162 
812 976 950 976 352 214 
577 501 128 319 437 554 
781 53 285 111 339 157 
672 658 874 491 196 730 
743 789 569 646 351 870 
156 837 95 230 279 707 
954 705 484 419 186 365 
618 806 353 467 560 93 
430 952 175 145 702 353 
783 432 626 681 784 291 
465 371 698 956 343 906 
813 140 216 439 456 694 
519 30 499 176 587 186 
127 36 291 801 744 885 
575 559 550 544 393 86 
631 245 88 423 685 511 
765 91 345 955 762 734 
787 100 188 108 201 750 
478 530 271 479 754 331 
481 813 719 556 17 549 
893 912 111 895 656 372 
993 56 141 683 756 20 
949 226 688 773 92 348 
870 539 167 405 933 730 
21 386 244 740 831 436 
826 437 812 276 781 616 
73 683 888 448 830 266 
416 881 813 462 499 85 
443 510 673 960 797 94 
233 188 869 85 183 669 
79 199 10 495 942 316 
419 659 722 460 293 102 
25 436 249 2 126 840 
950 504 817 836 802 624 
983 469 423 554 177 502 
204 804 841 904 526 368 
854 646 361 733 656 662 
51 736 500 272 408 319 
604 869 688 58 839 582 
734 603 15 573 879 295 
136 985 501 8 167 250 
452 942 18 630 701 476 
197 830 865 629 655 600 
864 633 431 441 754 284 
29 219 177 841 924 771 
159 239 38 101 553 83 
378 55 788 194 949 113 
83 197 551 682 357 359 
410 524 79 472 266 297 
844 336 426 233 921 6 
942 806 218 982 754 903 
73 492 205 250 924 402 
999 221 647 398 717 518 
71 540 584 570 541 768 
972 295 779 879 964 326 
983 908 246 803 129 679 
989 715 323 424 114 145 
377 405 892 498 818 984 
843 756 884 875 301 805 
553 174 89 198 565 133 
357 477 198 339 486 737 
892 791 554 347 854 943 
781 901 585 814 658 827 
783 316 813 191 648 840 
1000 780 382 956 163 830 
67 891 220 617 366 235 
45 223 893 337 306 826 
708 569 86 57 903 329 
906 984 11 429 984 471 
549 2 750 793 850 362 
676 182 76 501 682 956 
102 193 723 204 175 639 
735 190 217 757 382 6 
549 217 343 551 2 284 
651 886 958 698 195 358 
63 315 850 307 768 351 
504 921 47 541 579 527 
171 842 374 227 739 627 
965 518 396 985 522 858 
7 509 320 575 637 92 
289 5 889 399 316 696 
239 653 23 948 334 1 
90 153 973 866 393 205 
648 494 864 741 238 758 
830 658 833 192 233 532 
0 384 91 7 686 131 
712 893 187 391 681 696 
912 970 470 633 56 453 
473 876 345 340 51 411 
729 699 964 41 43 560 
571 655 859 601 498 122 
896 959 877 351 17 907 
963 97 960 562 134 158 
294 385 461 1 255 344 
975 174 708 4 993 254 
698 564 990 165 142 803 
245 590 189 524 594 112 
473 779 456 37 474 33 
711 773 740 533 249 828 
825 820 754 994 405 698 
292 350 935 821 83 192 
234 614 644 662 789 138 
383 596 5 946 120 415 
414 571 295 163 309 8 
301 348 257 71 41 478 
440 101 78 73 123 84 
923 718 379 959 579 71 
411 777 440 601 934 379 
695 140 86 83 926 602 
576 812 453 38 575 541 
373 619 824 837 671 706 
920 99 310 570 476 586 
304 302 59 876 700 776 
962 616 549 812 763 357 
379 6 29 916 111 121 
295 867 815 989 224 89 
228 486 3 277 462 224 
78 284 648 316 291 538 
567 415 716 959 366 834 
1 633 107 880 22 917 
997 566 424 881 580 543 
961 342 955 661 76 165 
333 5 867 870 748 561 
627 269 121 870 950 337 
666 563 913 87 564 633 
93 652 458 827 320 289 
884 879 12 643 423 226 
865 34 347 353 708 521 
110 24 403 298 918 189 
600 916 807 841 366 561 
880 999 169 578 895 101 
36 50 147 651 481 335 
43 398 381 826 135 350 
590 919 817 117 982 522 
245 957 464 956 990 784 
724 91 657 352 41 926 
806 338 445 1000 735 952 
389 801 67 666 396 143 
271 668 162 837 788 59 
215 972 336 453 526 750 
987 992 902 116 234 451 
210 954 531 967 442 426 
747 932 622 777 792 472 
440 54 535 88 460 84 
516 755 777 937 365 16 
364 156 940 281 837 800 
363 903 513 754 985 427 
416 556 223 647 778 238 
143 273 594 24 973 306 
175 768 602 652 565 577 
505 366 8 330 771 746 
756 177 531 160 234 243 
184 116 572 749 680 742 
786 522 363 537 699 719 
779 335 392 557 952 887 
769 511 345 865 614 255 
35 434 849 276 962 328 
785 846 458 704 345 355 
835 769 762 732 792 948 
882 467 882 833 113 687 
579 135 864 498 737 460 
725 685 864 933 651 994 
292 356 964 340 237 344 
722 128 617 601 210 798 
83 675 765 528 419 309 
202 424 599 30 347 285 
212 745 807 201 960 519 
193 953 158 839 495 11 
57 939 713 486 423 755 
28 688 258 897 522 96 
0 916 709 129 171 742 
476 755 508 896 717 949 
132 747 999 444 611 693 
224 973 235 871 821 42 
596 129 31 460 647 541 
349 557 439 126 71 669 
92 130 796 989 96 737 
437 842 233 916 408 423 
231 8 920 165 718 5 
367 78 211 676 898 679 
683 17 201 230 759 589 
592 999 936 68 344 732 
130 939 133 621 14 545 
255 777 11 196 738 34 
294 487 902 601 288 51 
754 735 112 954 57 305 
186 271 284 378 644 440 
976 192 761 554 835 329 
273 166 192 589 150 46 
963 854 799 412 790 223 
52 969 322 583 47 518 
919 495 424 785 496 831 
264 346 304 713 552 484 
18 836 643 791 835 873 
586 728 64 991 696 151 
892 547 466 518 777 477 
175 832 337 114 113 594 
23 742 889 638 437 97 
334 277 757 777 865 914 
614 43 460 261 901 786 
499 295 357 314 433 173 
621 971 758 29 361 944 
633 804 788 999 978 910 
32 817 350 328 782 356 
722 44 722 979 857 311 
191 468 87 183 354 725 
329 519 339 914 897 728 
796 691 302 843 367 112 
566 506 37 538 579 149 
270 604 896 908 106 955 
334 127 107 507 650 899 
550 911 472 993 481 987 
795 290 527 733 916 782 
464 302 263 253 630 328 
471 632 734 582 115 769 
535 710 920 339 944 728 
482 9 424 406 651 410 
577 902 232 563 406 640 
736 339 968 943 519 459 
800 717 891 252 867 390 
682 319 737 649 583 955 
388 196 451 95 216 675 
862 968 487 936 563 403 
838 650 439 550 891 381 
148 711 35 633 229 396 
20 748 265 55 260 844 
30 569 780 866 264 218 
190 908 838 710 995 664 
981 153 248 667 232 96 
904 321 751 545 376 467 
29 298 406 351 110 161 
675 560 647 687 117 665 
733 923 102 429 251 799 
62 226 780 635 86 586 
736 510 66 769 555 513 
89 747 835 45 421 988 
301 100 310 997 550 394 
53 879 978 499 790 499 
456 39 991 59 834 419 
296 643 774 967 829 232 
368 648 524 991 127 368 
852 273 231 79 253 15 
332 427 837 828 223 724 
55 571 332 558 791 164 
851 823 903 330 174 963 
90 841 568 259 994 322 
601 847 612 329 663 261 
407 414 998 839 693 659 
4 646 783 27 912 124 
70 312 382 913 893 9 
442 167 821 496 110 79 
630 857 681 441 800 370 
197 84 906 919 817 591 
184 760 224 535 821 922 
223 153 359 629 21 970 
340 36 554 574 963 397 
582 914 322 110 739 225 
638 908 481 735 433 714 
735 763 53 670 95 141 
834 235 507 114 841 279 
526 554 13 637 956 816 
797 569 349 990 717 797 
350 861 742 223 530 86 
434 125 908 282 171 640 
200 966 246 880 677 653 
353 456 432 443 30 495 
38 644 48 74 150 76 
14 765 828 181 645 958 
196 83 639 673 488 192 
592 541 428 516 505 966 
384 999 597 921 118 161 
0 230 398 393 306 802 
295 426 172 116 896 342 
273 518 910 360 273 805 
310 180 967 14 246 522 
814 267 16 496 193 524 
800 981 28 126 631 575 
344 410 198 243 172 300 
547 878 942 142 939 297 
644 905 147 783 398 266 
487 989 194 227 374 134 
683 624 325 654 299 396 
484 17 532 385 849 273 
17 16 184 967 622 835 
859 287 756 20 303 123 
582 328 561 609 900 747 
729 752 466 139 795 684 
228 187 232 932 953 41 
545 746 736 369 477 107 
676 696 147 940 697 394 
703 764 665 473 449 353 
466 865 353 38 130 83 
472 584 782 841 564 642 
286 934 956 843 377 861 
242 710 384 858 59 143 
50 202 328 321 921 862 
976 202 720 610 933 593 
122 974 398 556 421 100 
638 117 135 239 850 552 
278 459 564 768 890 17 
690 737 418 550 781 57 
747 157 65 828 246 885 
889 334 811 156 250 873 
895 905 87 912 488 904 
515 549 271 57 200 655 
787 169 766 573 960 946 
192 83 994 323 955 441 
652 785 850 826 218 805 
750 965 502 388 751 696 
258 171 401 524 3 485 
649 123 261 872 533 251 
588 90 372 156 367 415 
983 472 568 868 652 745 
493 597 723 71 508 87 
406 517 952 116 3 911 
353 234 84 779 425 718 
397 854 447 151 601 619 
970 259 62 833 648 829 
335 887 704 305 832 647 
997 471 571 69 790 845 
654 628 749 465 415 602 
305 126 280 208 293 426 
101 189 821 508 214 711 
96 822 415 422 47 734 
582 365 806 201 233 102 
857 291 527 606 379 799 
495 427 792 555 738 629 
316 413 834 236 596 850 
766 514 349 403 610 110 
636 251 49 705 63 874 
529 538 626 426 633 728 
455 786 175 467 696 548 
900 172 51 539 697 710 
94 799 411 131 657 591 
113 88 978 55 153 571 
657 747 390 622 490 781 
825 152 474 114 989 48 
218 159 206 911 0 898 
329 410 40 905 893 729 
236 67 793 405 230 582 
649 141 759 14 894 770 
234 186 527 523 958 199 
405 616 214 268 729 131 
480 44 46 313 279 280 
585 690 384 182 520 897 
684 154 867 79 773 800 
857 456 297 774 269 230 
187 119 165 990 195 318 
586 608 302 935 162 715 
314 338 909 615 893 482 
106 576 808 337 240 59 
448 154 564 63 245 765 
891 879 463 621 419 843 
801 52 0 386 830 720 
142 290 567 317 385 914 
105 442 571 570 670 520 
781 974 497 330 982 560 
828 887 333 355 378 911 
53 227 321 511 31 733 
921 955 244 830 586 226 
643 680 329 205 669 326 
789 661 600 461 186 714 
808 822 392 695 381 25 
279 68 898 45 705 33 
50 926 985 917 609 502 
312 168 90 287 219 110 
567 731 808 746 856 172 
804 680 952 313 1000 44 
391 473 67 162 782 578 
821 789 62 195 924 286 
646 593 602 749 31 797 
393 163 436 725 760 859 
339 713 132 744 791 875 
306 617 822 295 138 664 
684 753 132 978 380 49 
929 411 439 237 443 196 
83 339 287 299 652 631 
600 320 152 964 771 84 
381 199 891 865 179 836 
910 238 112 550 291 100 
626 742 480 96 545 214 
268 716 435 737 830 386 
530 681 673 339 969 553 
548 873 780 358 720 65 
868 921 85 689 724 862 
334 752 794 747 547 554 
992 889 844 132 380 290 
974 486 125 158 447 100 
97 798 374 885 721 805 
418 801 806 123 659 809 
440 693 959 28 979 547 
657 450 13 3 857 41 
50 109 222 63 434 262 
581 144 628 84 858 888 
675 574 734 945 76 499 
854 794 597 902 250 121 
56 845 90 122 788 684 
178 602 891 462 575 43 
660 37 589 47 18 961 
956 50 319 614 867 940 
275 116 706 239 263 987 
685 255 272 356 153 307 
963 169 540 537 446 421 
317 489 475 909 438 682 
299 44 587 209 273 454 
877 524 370 261 751 467 
983 300 395 219 975 542 
440 468 658 546 65 602 
367 280 21 451 291 152 
425 16 608 639 490 659 
628 5 949 736 164 967 
71 201 240 41 433 364 
822 80 37 732 465 285 
797 647 349 812 491 589 
668 424 562 523 123 64 
630 362 210 296 983 442 
304 542 246 625 726 56 
711 76 311 664 319 366 
389 970 698 760 456 67 
344 818 693 759 459 499 
662 385 55 210 261 200 
212 541 742 985 142 58 
604 304 61 39 515 731 
212 627 698 561 63 652 
327 787 960 923 867 511 
643 545 611 883 43 765 
755 240 51 234 802 836 
649 19 508 332 711 295 
874 202 875 434 339 609 
902 804 438 515 472 886 
900 212 562 86 404 117 
893 781 405 49 310 811 
115 321 677 484 14 858 
535 125 138 216 12 849 
468 306 347 260 842 220 
836 886 765 711 262 320 
372 602 455 678 335 850 
448 68 419 476 162 566 
906 922 70 906 161 455 
357 655 238 961 663 363 
695 944 968 765 849 767 
238 269 629 390 78 340 
408 34 321 631 759 757 
62 576 703 944 978 43 
372 550 134 566 216 730 
291 18 461 884 601 36 
8 459 109 992 919 223 
658 787 956 56 436 687 
814 429 624 753 131 458 
572 776 775 147 120 436 
973 415 807 167 241 45 
965 934 311 43 887 373 
31 387 588 495 987 8 
427 457 308 708 586 271 
595 378 88 374 475 640 
117 842 752 405 433 842 
177 387 102 566 292 829 
503 600 126 116 545 348 
514 631 851 256 806 823 
239 231 498 734 889 937 
153 372 681 498 535 997 
791 844 990 143 554 501 
960 297 12 154 938 396 
499 952 490 719 914 639 
238 220 634 669 923 405 
991 331 862 233 659 108 
248 542 150 805 28 501 
350 504 1000 254 130 84 
771 487 173 785 810 506 
955 47 318 359 579 283 
952 648 802 255 429 61 
921 249 286 833 705 653 
955 661 871 474 96 884 
487 470 774 868 316 315 
369 16 226 898 392 180 
700 971 81 839 649 703 
318 239 828 694 516 715 
244 351 741 835 192 775 
350 277 576 956 197 498 
436 884 477 716 849 964 
643 636 850 294 71 730 
987 497 304 572 561 673 
747 681 743 427 255 452 
476 434 125 586 812 13 
603 87 589 556 708 386 
651 790 301 898 436 747 
96 659 923 966 263 671 
58 294 996 603 829 498 
412 425 110 939 200 601 
528 151 918 356 859 536 
313 192 796 276 702 884 
623 18 803 875 958 795 
647 364 751 385 12 199 
258 691 700 677 35 651 
351 231 654 173 382 242 
821 751 487 678 632 564 
545 524 864 198 570 210 
776 438 481 700 151 709 
228 309 706 955 976 616 
216 657 771 765 305 448 
73 431 338 796 690 235 
898 888 315 967 104 104 
724 879 657 915 896 737 
740 162 73 883 709 807 
406 659 109 707 178 604 
987 909 172 620 826 400 
792 375 721 779 863 105 
107 424 794 207 66 539 
861 811 543 369 922 514 
253 531 262 442 991 221 
180 736 595 519 172 723 
192 287 402 984 151 68 
877 585 130 572 781 373 
597 724 182 946 882 620 
85 385 185 505 655 616 
363 344 911 795 946 76 
403 403 106 580 337 329 
98 152 624 528 452 362 
896 730 24 380 715 177 
564 605 353 56 7 141 
737 781 282 89 652 791 
982 406 564 335 788 330 
352 265 658 723 472 337 
641 70 553 418 721 252 
946 288 692 5 510 468 
880 414 827 78 827 671 
952 587 300 902 398 411 
213 525 207 289 314 36 
835 366 21 110 640 756 
980 380 934 810 650 111 
493 145 612 597 494 871 
99 24 37 896 153 517 
20 269 915 816 72 483 
680 384 494 719 208 354 
986 644 277 368 316 490 
53 936 237 993 146 528 
203 265 696 696 606 72 
185 242 117 298 650 312 
854 841 551 886 71 507 
837 341 891 366 689 120 
566 354 336 423 620 825 
339 342 468 117 27 954 
826 591 429 894 687 630 
997 530 196 938 584 693 
763 64 302 71 392 582 
473 838 999 645 954 185 
993 512 443 209 167 234 
1 999 543 771 840 587 
92 617 494 913 891 732 
357 523 603 732 287 418 
940 539 749 285 765 86 
589 766 175 569 832 658 
755 497 75 698 606 314 
761 472 275 152 30 366 
258 294 102 920 202 603 
496 978 984 128 557 792 
594 682 9 373 667 890 
330 719 997 942 673 586 
802 37 664 263 279 817 
722 196 33 814 179 932 
537 986 393 279 652 356 
857 721 51 651 209 675 
967 953 626 988 289 148 
563 656 127 872 203 501 
194 470 971 376 422 855 
601 966 366 935 729 987 
73 343 470 999 808 696 
472 744 251 883 60 153 
340 179 7 303 50 126 
161 761 741 186 675 604 
837 571 37 198 82 520 
543 492 55 795 137 112 
107 60 633 846 434 920 
365 407 431 843 763 385 
982 964 710 182 952 54 
548 716 691 21 814 103 
915 25 102 853 874 592 
992 588 770 411 490 178 
370 149 929 508 212 167 
668 158 329 659 204 202 
434 645 63 742 812 117 
644 513 140 749 493 790 
14 936 819 776 453 959 
660 342 387 308 57 567 
379 190 525 812 654 132 
864 292 162 540 451 910 
495 357 634 500 402 472 
558 224 697 671 798 62 
920 392 783 926 752 449 
922 675 996 699 953 996 
42 890 560 282 155 9 
230 581 511 409 547 493 
185 722 898 742 821 758 
497 660 506 887 256 126 
735 799 875 277 700 962 
64 495 263 816 87 505 
68 397 942 111 837 266 
532 426 17 772 401 857 
755 741 404 818 123 362 
500 600 284 907 866 119 
235 995 791 557 759 174 
99 122 864 201 415 727 
653 827 664 326 325 115 
511 283 74 340 134 82 
52 224 959 466 817 230 
559 246 122 295 760 831 
503 346 701 596 78 995 
444 111 881 312 873 255 
49 993 368 399 94 331 
486 91 351 887 628 244 
960 548 482 735 47 847 
212 689 882 31 857 948 
353 772 432 885 850 587 
544 102 32 184 724 515 
68 398 856 255 244 249 
467 854 544 547 283 491 
212 169 89 642 19 634 
922 238 170 68 484 64 
159 898 920 789 423 895 
30 871 458 75 87 546 
203 956 783 943 137 764 
331 250 449 210 413 396 
716 83 437 616 319 906 
255 396 554 72 634 803 
210 606 557 638 667 277 
624 497 867 604 847 558 
988 587 320 986 433 721 
168 590 507 483 804 738 
224 253 956 760 308 322 
508 929 694 283 64 655 
629 767 356 680 649 866 
482 209 75 48 400 28 
616 408 159 526 401 52 
609 351 352 891 758 497 
848 236 484 250 804 165 
132 221 897 954 35 492 
72 567 269 541 325 295 
312 746 351 723 211 970 
348 861 299 238 11 19 
386 352 861 254 900 681 
783 917 836 36 818 567 
599 628 25 344 78 924 
397 59 249 330 299 867 
645 85 506 91 243 746 
614 647 118 528 449 194 
275 165 712 274 2 733 
889 245 582 820 177 518 
801 865 364 982 531 480 
696 785 597 706 501 43 
464 782 146 0 197 630 
716 993 463 214 247 130 
18 136 604 741 965 890 
565 218 352 333 830 554 
867 252 881 171 167 653 
434 924 109 290 432 257 
947 194 706 431 293 369 
146 717 25 5 403 394 
594 431 803 997 141 963 
545 119 620 736 32 676 
539 622 83 998 248 40 
136 403 918 484 671 204 
193 533 744 155 453 235 
933 186 497 599 606 949 
393 319 262 661 812 319 
905 751 389 237 225 436 
341 840 499 641 216 367 
70 61 247 847 478 907 
223 977 572 481 564 377 
0 384 91 899 411 282 
116 690 825 537 417 850 
582 263 238 56 862 126 
705 703 97 925 929 807 
95 588 76 721 382 962 
871 784 382 628 980 393 
423 669 71 364 489 925 
609 948 814 616 444 621 
140 821 270 753 890 304 
159 418 446 626 247 480 
156 219 353 136 188 221 
87 632 669 150 398 155 
904 344 711 213 586 13 
856 501 829 906 822 708 
792 86 195 40 222 396 
993 874 899 434 602 314 
228 453 467 906 199 173 
207 912 178 649 756 261 
238 351 289 225 521 512 
820 692 882 275 475 805 
423 554 591 718 552 691 
658 762 885 623 195 434 
596 563 1 310 734 501 
269 638 582 848 686 888 
652 580 955 21 654 724 
94 403 417 442 876 553 
797 663 631 955 380 516 
371 369 586 730 941 60 
91 983 595 553 903 365 
643 143 966 1 206 154 
865 194 8 92 883 209 
171 790 519 137 340 936 
774 131 850 530 898 729 
570 702 881 249 836 152 
425 410 414 418 839 415 
102 535 952 769 359 164 
602 692 828 303 550 281 
472 574 438 12 308 930 
940 464 96 69 772 615 
587 36 111 810 643 966 
432 209 405 747 85 176 
678 736 196 5 480 632 
189 375 628 771 110 390 
118 984 118 957 376 36 
808 464 260 212 601 34 
627 604 534 251 688 567 
851 257 621 963 597 480 
789 512 945 82 802 465 
842 35 266 303 518 871 
662 36 337 134 763 350 
269 408 792 448 982 688 
759 440 96 970 31 87 
839 725 171 343 60 383 
379 422 312 676 435 962 
962 456 327 598 81 180 
287 583 964 895 746 384 
715 353 238 743 617 119 
877 598 796 301 597 196 
721 699 665 233 987 46 
392 902 947 607 197 487 
333 700 787 707 945 45 
225 653 778 622 978 310 
145 896 516 336 182 46 
265 597 790 506 824 999 
430 368 867 794 708 802 
695 564 696 7 766 453 
471 58 356 534 790 825 
647 115 152 127 963 444 
284 754 191 742 661 189 
207 643 48 873 407 708 
952 430 161 253 140 901 
221 217 276 979 183 600 
677 565 670 592 50 969 
416 98 965 489 886 491 
141 456 291 657 351 9 
583 911 62 202 858 11 
951 188 439 855 506 966 
143 727 737 667 969 841 
990 213 407 37 455 804 
144 166 242 187 473 828 
157 975 724 335 423 734 
908 595 776 426 730 888 
569 296 65 351 842 436 
280 892 794 773 915 564 
294 731 53 492 980 317 
275 507 125 978 917 376 
832 231 353 853 312 124 
157 240 290 155 429 739 
701 720 100 442 26 675 
309 280 128 49 927 121 
42 221 875 816 17 181 
800 563 86 277 894 139 
887 334 344 562 492 784 
375 660 598 52 682 651 
192 58 824 85 175 554 
158 905 331 64 369 969 
170 287 36 887 193 569 
88 901 609 324 665 640 
678 330 430 243 924 248 
566 76 533 181 404 178 
227 723 108 359 478 453 
719 212 231 216 46 5 
833 185 946 618 486 846 
258 986 820 797 248 386 
375 335 318 739 229 412 
328 852 448 108 220 196 
326 45 803 623 743 109 
274 507 690 54 70 598 
305 397 546 245 891 296 
935 547 284 91 526 796 
938 767 56 164 308 421 
897 530 658 412 154 46 
30 645 450 911 653 749 
520 656 223 753 504 265 
750 324 188 487 763 570 
799 864 989 845 710 479 
118 177 628 199 728 708 
170 420 524 457 800 668 
26 161 207 227 233 112 
73 820 784 489 897 793 
291 515 771 226 979 363 
530 245 28 110 864 917 
262 997 961 451 489 191 
365 159 908 829 707 250 
377 746 11 881 57 252 
67 822 189 944 833 364 
184 680 681 422 27 704 
137 853 930 662 966 676 
299 711 681 433 11 669 
507 230 591 611 568 820 
107 717 634 22 86 624 
930 422 86 5 189 58 
208 655 212 376 870 734 
812 928 104 420 571 999 
587 714 228 764 330 412 
812 941 412 836 918 879 
716 273 763 742 903 930 
262 504 444 941 403 255 
429 357 517 604 957 411 
616 500 822 316 141 685 
210 869 38 272 451 414 
366 172 650 152 58 803 
527 627 502 404 241 755 
782 455 426 524 754 873 
214 54 421 308 582 267 
910 925 363 178 98 452 
117 165 346 250 35 477 
565 807 858 180 900 707 
947 567 179 607 621 137 
319 993 812 938 142 931 
1000 413 117 239 288 289 
599 105 37 652 881 20 
860 472 52 362 202 261 
101 922 213 538 246 539 
246 423 933 522 786 925 
431 336 884 511 209 892 
592 631 905 261 577 24 
119 161 210 845 581 797 
136 917 143 855 803 366 
121 479 268 983 967 319 
751 833 224 423 250 168 
78 706 187 114 198 877 
249 339 131 975 489 316 
702 50 910 576 718 880 
782 706 708 381 805 800 
657 538 422 491 219 228 
852 103 216 865 563 931 
158 844 831 770 375 735 
197 825 521 50 717 253 
173 402 855 487 721 337 
500 973 422 901 826 210 
400 511 383 891 562 791 
841 484 481 248 779 74 
702 75 150 55 901 862 
17 606 984 183 767 121 
371 898 150 449 73 157 
92 580 773 702 744 274 
653 736 923 930 892 841 
548 391 616 930 793 440 
728 540 420 674 541 964 
106 241 629 751 78 86 
812 421 925 877 368 156 
307 54 946 778 80 904 
663 777 9 501 279 262 
618 424 175 747 60 549 
631 103 563 752 545 576 
494 532 227 777 396 654 
238 166 919 678 80 501 
157 54 298 199 31 774 
978 603 956 406 176 605 
226 765 692 731 400 514 
869 187 134 139 97 197 
360 947 195 422 362 970 
30 845 368 512 855 390 
163 955 919 45 240 794 
951 699 202 439 290 541 
724 194 698 331 414 314 
794 161 39 540 337 340 
633 340 220 521 708 627 
410 560 688 907 965 980 
481 744 210 483 219 540 
911 790 741 618 828 215 
958 374 875 444 758 963 
51 740 459 845 195 804 
537 287 804 381 95 872 
838 363 791 898 487 138 
976 679 430 33 704 416 
137 181 593 956 287 179 
152 964 483 633 511 387 
162 793 795 337 893 399 
819 676 711 918 327 640 
804 248 115 320 380 861 
234 702 263 36 150 872 
371 742 431 568 269 438 
404 989 713 96 785 631 
91 411 26 793 355 992 
882 105 208 855 16 569 
682 218 528 543 599 248 
873 988 385 597 174 753 
130 28 16 313 364 679 
595 508 306 827 830 71 
458 906 555 912 35 137 
1000 118 914 293 621 548 
827 485 739 345 713 510 
534 775 282 684 905 876 
490 271 208 787 731 39 
75 685 894 339 287 154 
377 2 857 39 778 366 
385 278 388 78 936 306 
130 546 972 104 694 141 
567 40 651 172 123 566 
315 585 23 449 869 271 
858 212 879 490 587 786 
428 14 270 571 11 27 
854 141 597 331 585 227 
893 807 238 816 799 506 
740 894 567 191 465 825 
37 978 886 412 415 370 
396 392 348 380 564 219 
447 528 623 442 669 792 
514 110 895 14 625 61 
10 903 764 96 217 519 
71 327 182 770 297 361 
678 279 962 542 738 640 
394 554 735 970 520 973 
619 152 268 467 535 502 
110 17 282 348 742 721 
82 160 47 913 475 49 
656 616 851 849 167 765 
127 797 990 862 877 145 
353 555 312 467 402 231 
879 467 815 770 2 864 
795 792 941 372 10 327 
271 992 566 277 407 844 
840 501 761 889 893 175 
488 41 605 184 536 557 
839 610 277 304 64 790 
949 504 147 615 388 873 
311 756 790 332 740 132 
842 226 806 985 479 253 
482 275 883 314 233 176 
469 73 340 295 634 808 
394 925 84 418 599 710 
517 518 246 439 167 899 
725 248 409 155 571 884 
309 319 976 953 926 548 
135 491 680 229 979 196 
818 439 542 607 234 257 
788 346 968 623 110 792 
669 26 647 700 651 925 
374 456 403 285 698 954 
772 790 945 202 656 7 
195 764 778 121 721 180 
612 297 457 804 140 434 
346 548 477 877 733 989 
130 554 871 70 567 915 
15 300 67 957 504 236 
277 484 474 872 959 442 
350 43 882 315 392 318 
931 601 665 824 432 646 
255 421 700 466 978 213 
264 532 930 497 749 221 
331 898 813 770 935 464 
561 921 54 769 40 391 
750 133 579 967 452 378 
234 622 120 522 442 277 
558 278 83 762 751 266 
37 100 946 871 188 272 
477 911 870 273 930 779 
534 696 526 243 24 571 
831 556 768 127 809 563 
517 271 679 453 797 527 
629 607 651 628 809 690 
-1