10 38
534 821 2033 3240 4207 5466 5754 6989 7219 9868 
6831 7832 8983 5499 7271 3446 3411 9568 9224 2324 2165 2807 1695 1017 2967 319 4066 3875 2734 7654 5732 6316 351 1633 230 8443 1872 4414 4639 9038 4077 4104 942 8551 7085 443 751 3892 
29 78
275 354 407 413 453 584 840 943 1151 1533 2540 3302 4268 4791 5117 5295 5453 5524 5681 6027 6685 7115 7886 8249 8524 8852 9042 9444 9715 
209 3177 9315 7344 8827 3384 9796 6459 564 7422 7327 6419 5167 8821 1272 751 1896 1396 7127 9588 4092 4295 2495 2015 4156 7757 4109 144 2398 33 4803 7865 6837 5036 2278 9864 9362 2680 4997 1712 9978 1672 6795 927 538 9910 9191 571 2441 2892 2537 2382 2653 6360 3312 356 8961 7402 3138 1955 1749 1519 2379 2330 5990 8611 2202 701 5648 4931 4728 1680 3105 4433 5002 4082 1983 6107 
42 61
13 86 94 145 554 586 618 803 929 1878 2138 2707 3198 3845 4104 4251 4474 4574 5222 5512 5748 5803 5889 6374 6512 6811 7037 7129 7140 7478 7748 7881 8187 8201 8248 8256 8596 8669 8961 9215 9316 9694 
6408 1170 4436 236 3194 7727 4533 7410 6212 5345 802 2758 6979 3696 7311 7360 4337 7919 662 6210 5914 7707 5964 5467 61 4517 789 8702 5909 413 619 7250 8489 8671 1099 3867 5313 5635 4913 1577 7082 7951 6886 7535 5515 4080 1462 7463 2041 2489 919 8499 968 6682 1830 8183 3027 4837 36 7222 749 
70 26
107 157 329 412 616 806 1027 1152 1383 1386 1412 1436 1543 1563 1577 1629 1635 2051 2353 2411 2446 2630 2945 3184 3325 3499 3781 4177 4268 4274 4777 4796 4843 4993 5277 5321 5328 5348 5431 5584 5837 5921 6275 6603 6716 6938 7068 7128 7129 7197 7276 7400 7830 7845 7946 8340 8443 8449 8606 8792 8823 8957 9157 9202 9243 9319 9399 9643 9774 9934 
8864 8941 2891 385 3979 1789 4677 9471 2782 1342 9716 5120 2259 4081 480 1784 1521 2292 5955 7536 1054 5716 6309 8825 5316 399 
-1