1
***********************
3  4  5  
5  12  13  
7  24  25  
9  40  41  
11  60  61  
13  84  85  
15  112  113  
17  144  145  
19  180  181  
21  220  221  



2
***********************
8  15  17  
12  35  37  
16  63  65  
20  99  101  
24  143  145  
28  195  197  
32  255  257  
36  323  325  
40  399  401  
44  483  485  



8
***********************
20  21  29  
28  45  53  
36  77  85  
44  117  125  
52  165  173  
60  221  229  
68  285  293  
76  357  365  
84  437  445  
92  525  533  



9
***********************
33  56  65  
39  80  89  
51  140  149  
57  176  185  
69  260  269  
75  308  317  
87  416  425  
93  476  485  
105  608  617  
111  680  689  



18
***********************
48  55  73  
60  91  109  
84  187  205  
96  247  265  
120  391  409  
132  475  493  
156  667  685  
168  775  793  
192  1015  1033  
204  1147  1165  



25
***********************
65  72  97  
85  132  157  
95  168  193  
105  208  233  
115  252  277  
135  352  377  
145  408  433  
155  468  493  
165  532  557  
185  672  697  



32
***********************
88  105  137  
104  153  185  
120  209  241  
136  273  305  
152  345  377  
168  425  457  
184  513  545  
200  609  641  
216  713  745  
232  825  857  



49
***********************
119  120  169  
133  156  205  
161  240  289  
175  288  337  
189  340  389  
203  396  445  
217  456  505  
231  520  569  
259  660  709  
273  736  785  



50
***********************
140  171  221  
160  231  281  
180  299  349  
220  459  509  
240  551  601  
260  651  701  
280  759  809  
320  999  1049  
340  1131  1181  
360  1271  1321  



72
***********************
204  253  325  
228  325  397  
276  493  565  
300  589  661  
348  805  877  



81
***********************
207  224  305  
225  272  353  
261  380  461  
279  440  521  
315  572  653  
333  644  725  



98
***********************
252  275  373  
280  351  449  
308  435  533  
336  527  625  



