1
***********************
3  4  5  
5  12  13  
7  24  25  
9  40  41  
11  60  61  



2
***********************
8  15  17  
12  35  37  
16  63  65  
20  99  101  
24  143  145  



8
***********************
20  21  29  
28  45  53  
36  77  85  
44  117  125  
52  165  173  



9
***********************
33  56  65  
39  80  89  
51  140  149  
57  176  185  
69  260  269  



18
***********************
48  55  73  
60  91  109  
84  187  205  
96  247  265  
120  391  409  



25
***********************
65  72  97  
85  132  157  
95  168  193  
105  208  233  
115  252  277  



32
***********************
88  105  137  
104  153  185  
120  209  241  
136  273  305  
152  345  377  



49
***********************
119  120  169  
133  156  205  
161  240  289  
175  288  337  
189  340  389  



50
***********************
140  171  221  
160  231  281  
180  299  349  
220  459  509  
240  551  601  



72
***********************
204  253  325  
228  325  397  
276  493  565  
300  589  661  
348  805  877  



81
***********************
207  224  305  
225  272  353  
261  380  461  
279  440  521  
315  572  653  



98
***********************
252  275  373  
280  351  449  
308  435  533  
336  527  625  
364  627  725  



121
***********************
297  304  425  
319  360  481  
341  420  541  
385  552  673  
407  624  745  



128
***********************
336  377  505  
368  465  593  
400  561  689  
432  665  793  
464  777  905  



162
***********************
396  403  565  
468  595  757  
504  703  865  
576  943  1105  
612  1075  1237  



169
***********************
429  460  629  
455  528  697  
481  600  769  
533  756  925  
559  840  1009  



200
***********************
540  629  829  
580  741  941  
620  861  1061  
660  989  1189  
740  1269  1469  



225
***********************
555  572  797  
615  728  953  
645  812  1037  
705  992  1217  
735  1088  1313  



242
***********************
616  663  905  
660  779  1021  
704  903  1145  
748  1035  1277  
792  1175  1417  



288
***********************
696  697  985  
744  817  1105  
840  1081  1369  
888  1225  1513  
984  1537  1825  



289
***********************
731  780  1069  
765  868  1157  
799  960  1249  
833  1056  1345  
901  1260  1549  



338
***********************
832  855  1193  
884  987  1325  
936  1127  1465  
988  1275  1613  
1040  1431  1769  



361
***********************
893  924  1285  
931  1020  1381  
969  1120  1481  
1007  1224  1585  
1045  1332  1693  



392
***********************
1036  1173  1565  
1092  1325  1717  
1148  1485  1877  
1204  1653  2045  
1260  1829  2221  



441
***********************
1113  1184  1625  
1155  1292  1733  
1239  1520  1961  
1281  1640  2081  
1365  1892  2333  



450
***********************
1140  1219  1669  
1320  1711  2161  
1380  1891  2341  
1560  2479  2929  
1680  2911  3361  



512
***********************
1248  1265  1777  
1312  1425  1937  
1376  1593  2105  
1440  1769  2281  
1504  1953  2465  



529
***********************
1311  1360  1889  
1357  1476  2005  
1403  1596  2125  
1449  1720  2249  
1495  1848  2377  



578
***********************
1428  1475  2053  
1496  1647  2225  
1564  1827  2405  
1632  2015  2593  
1700  2211  2789  



625
***********************
1525  1548  2173  
1575  1672  2297  
1675  1932  2557  
1725  2068  2693  
1775  2208  2833  



648
***********************
1692  1885  2533  
1764  2077  2725  
1908  2485  3133  
1980  2701  3349  
2124  3157  3805  



722
***********************
1748  1755  2477  
1824  1943  2665  
1900  2139  2861  
1976  2343  3065  
2052  2555  3277  



729
***********************
1809  1880  2609  
1917  2156  2885  
1971  2300  3029  
2079  2600  3329  
2133  2756  3485  



800
***********************
1960  2001  2801  
2040  2201  3001  
2120  2409  3209  
2280  2849  3649  
2360  3081  3881  



841
***********************
2059  2100  2941  
2117  2244  3085  
2175  2392  3233  
2233  2544  3385  
2291  2700  3541  



882
***********************
2184  2263  3145  
2436  2923  3805  
2604  3403  4285  
2688  3655  4537  
2856  4183  5065  



961
***********************
2325  2332  3293  
2387  2484  3445  
2449  2640  3601  
2511  2800  3761  
2573  2964  3925  



968
***********************
2508  2765  3733  
2596  2997  3965  
2684  3237  4205  
2772  3485  4453  
2860  3741  4709  



1058
***********************
2576  2607  3665  
2668  2835  3893  
2760  3071  4129  
2852  3315  4373  
2944  3567  4625  



1089
***********************
2739  2900  3989  
2805  3068  4157  
2937  3416  4505  
3003  3596  4685  
3135  3968  5057  



1152
***********************
2832  2905  4057  
2928  3145  4297  
3120  3649  4801  
3216  3913  5065  
3408  4465  5617  



1225
***********************
3045  3172  4397  
3115  3348  4573  
3255  3712  4937  
3395  4092  5317  
3465  4288  5513  



1250
***********************
3100  3219  4469  
3200  3471  4721  
3300  3731  4981  
3400  3999  5249  
3600  4559  5809  



1352
***********************
3276  3293  4645  
3484  3813  5165  
3588  4085  5437  
3692  4365  5717  
3796  4653  6005  



1369
***********************
3367  3456  4825  
3441  3640  5009  
3515  3828  5197  
3589  4020  5389  
3663  4216  5585  



1458
***********************
3672  3895  5353  
3780  4171  5629  
3996  4747  6205  
4104  5047  6505  
4320  5671  7129  



1521
***********************
3705  3752  5273  
3783  3944  5465  
3939  4340  5861  
4017  4544  6065  
4173  4964  6485  



1568
***********************
3864  3977  5545  
3976  4257  5825  
4088  4545  6113  
4200  4841  6409  
4424  5457  7025  



1681
***********************
4059  4060  5741  
4141  4260  5941  
4223  4464  6145  
4305  4672  6353  
4387  4884  6565  



1682
***********************
4176  4343  6025  
4292  4635  6317  
4408  4935  6617  
4524  5243  6925  
4640  5559  7241  



1800
***********************
4380  4429  6229  
4620  5029  6829  
4740  5341  7141  
4980  5989  7789  
5340  7021  8821  



1849
***********************
4515  4588  6437  
4601  4800  6649  
4687  5016  6865  
4773  5236  7085  
4859  5460  7309  



1922
***********************
4712  4815  6737  
4836  5123  7045  
4960  5439  7361  
5084  5763  7685  
5208  6095  8017  



2025
***********************
4905  4928  6953  
5085  5372  7397  
5355  6068  8093  
5445  6308  8333  
5715  7052  9077  



2048
***********************
5056  5217  7265  
5184  5537  7585  
5312  5865  7913  
5440  6201  8249  
5568  6545  8593  



2178
***********************
5280  5311  7489  
5412  5635  7813  
5676  6307  8485  
6072  7375  9553  
6204  7747  9925  



2209
***********************
5405  5508  7717  
5499  5740  7949  
5593  5976  8185  
5687  6216  8425  
5781  6460  8669  



2312
***********************
5644  5733  8045  
5916  6413  8725  
6052  6765  9077  
6188  7125  9437  
6324  7493  9805  



2401
***********************
5929  6120  8521  
6027  6364  8765  
6125  6612  9013  
6223  6864  9265  
6321  7120  9521  



2450
***********************
6020  6171  8621  
6160  6519  8969  
6440  7239  9689  
6580  7611  10061  
6720  7991  10441  



2592
***********************
6408  6625  9217  
6552  6985  9577  
6840  7729  10321  
6984  8113  10705  
7272  8905  11497  



2601
***********************
6375  6512  9113  
6477  6764  9365  
6681  7280  9881  
6783  7544  10145  
6987  8084  10685  



2738
***********************
6660  6731  9469  
6808  7095  9833  
6956  7467  10205  
7104  7847  10585  
7252  8235  10973  



2809
***********************
6837  6916  9725  
6943  7176  9985  
7049  7440  10249  
7155  7708  10517  
7261  7980  10789  



2888
***********************
7068  7205  10093  
7372  7965  10853  
7524  8357  11245  
7676  8757  11645  
7828  9165  12053  



3025
***********************
7315  7332  10357  
7535  7872  10897  
7645  8148  11173  
7755  8428  11453  
8085  9292  12317  



3042
***********************
7644  8083  11125  
7800  8479  11521  
8268  9715  12757  



3200
***********************
7760  7809  11009  
7920  8201  11401  
8080  8601  11801  
8240  9009  12209  
8560  9849  13049  



3249
***********************
7923  8036  11285  
8151  8600  11849  
8265  8888  12137  
8493  9476  12725  
8607  9776  13025  



3362
***********************
8200  8319  11681  
8364  8723  12085  
8528  9135  12497  
8692  9555  12917  
8856  9983  13345  



3481
***********************
8437  8484  11965  
8555  8772  12253  
8673  9064  12545  
8791  9360  12841  
8909  9660  13141  



3528
***********************
8652  8845  12373  
8988  9685  13213  



3698
***********************
8944  8967  12665  
9116  9387  13085  
9288  9815  13513  



3721
***********************
9089  9240  12961  
9211  9540  13261  
9333  9844  13565  



3872
***********************
9416  9513  13385  
9592  9945  13817  



