17479
5745
14757
31545
9577
571
317
4177
17593
3794
7457
31519
17419
14395
3734
17443
4444
17531
11319
9157
1457
4353
31145
5495
193
7347
31393
13477
15173
155
11911
11994
19143
937
19757
459
3399
11994
15175
14134
11413
17959
14155
1195
5959
11751
31411
1419
5745
31154
94
14477
31343
7944
14331
14149
14913
143
13949
15957
11559
7137
5344
131
3435
714
17373
4943
11957
4979
11197
4179
9517
3357
515
7994
7937
13591
551
9499
354
9449
9111
943
19131
4917
59
31975
15533
19193
15543
11473
5117
14353
13313
7713
1713
31714
7395
4754
-1