9949
13445
19555
3439
1455
14159
7333
5714
445
15359
17471
14715
14199
31774
15759
31554
17311
173
13171
31799
5517
9514
4379
17799
9795
31334
5434
3179
13139
1511
15971
1354
4437
13411
5711
9715
19447
19754
19394
19494
17113
17159
13441
5437
4159
5945
11779
14571
11499
117
17479
31537
13997
715
14774
15197
3775
31444
3135
7157
13439
5139
31313
345
31339
144
3914
19319
1973
9344
13773
5491
31371
5933
1149
19399
117
17191
3979
31417
19949
17153
597
35
7115
4111
7759
4557
3153
4139
1557
31793
13444
5495
5957
3974
3443
31915
4551
31477
7149
7349
19499
19195
13911
5594
4971
9317
17319
13937
5557
13431
1457
5944
14357
7417
13779
15149
4557
31371
15753
9435
1193
19939
13779
9751
31445
3439
9543
1719
3595
13471
14951
13353
4313
13371
15931
31543
1559
19417
17374
3353
11474
5977
4474
31739
7947
19991
15791
11377
15795
414
4144
5975
499
19395
13439
19517
9149
4997
15375
31797
5953
17993
9411
17337
1593
1544
7571
11455
7113
17471
15553
14774
31343
395
4337
19334
9955
7157
7171
7454
9473
19991
4177
15919
4971
31441
3347
13333
31513
4559
17919
3457
13351
15977
3955
14411
17991
7755
4534
11533
14597
19433
13131
4733
9334
17593
17744
11579
3117
3937
14191
774
5579
3311
17479
7934
11371
7734
15143
9595
11491
4144
13179
3553
9317
1754
9939
31744
9533
3937
15933
5349
354
3545
11353
4311
31717
3944
15174
11311
13995
7497
4394
1917
554
31349
3974
5795
3991
11474
14473
15115
1199
31417
9499
14493
5977
1397
17734
15574
17753
4151
13541
11919
393
7194
17143
9397
5491
7335
15759
15314
7734
15975
11445
9435
9775
15394
17944
747
1757
7775
1175
31371
31595
19175
3597
11111
15377
4141
4949
19331
14357
17794
719
7349
7553
13411
3451
1593
4747
31547
7993
13179
31739
13444
19997
3593
31175
11145
1493
7555
11394
15757
31941
31191
7499
13575
13939
15351
31151
13144
7959
15435
7971
15311
14997
7175
947
19443
31534
31114
9755
3994
14397
5919
9155
15519
3335
154
14337
14593
7741
5344
15957
11954
11449
4117
17519
5445
19197
7441
9979
11513
5943
15935
739
5535
15444
15913
19374
15335
13115
7995
3144
19997
5351
9149
4111
9431
31551
3519
99
11371
475
9173
19559
3544
759
17151
9941
15414
17391
445
15379
434
9351
3445
3443
14373
4941
14455
19477
11175
14547
13931
31457
495
14544
134
5171
4131
17175
1147
31511
7535
1194
9441
5917
4399
13173
9344
533
9494
9537
31597
5341
593
4749
1313
15443
14353
1117
17139
7543
14939
1335
14339
313
795
13155
51
17479
13793
4139
17745
9147
99
7513
5793
1347
11741
11175
17131
31373
11574
3447
4557
31195
1799
14719
4557
31599
773
7359
5117
14345
5511
17341
3457
4954
9173
7513
17535
3143
7344
731
3719
11741
19349
7935
11791
15797
31941
13531
17717
15953
4795
11953
5393
3953
15393
1141
19999
11773
7351
13911
493
11933
5314
5755
19449
447
14175
5934
5734
19131
14947
-1