37541917411947144
734555355441774
35497553917559937
41417547447747744
1914413453317911
1415414947915934
547741773434745
35413137179753344
15347344534993744
5539149447159159
4534317931749411
93155139913353375
49999453743194775
17731475417141141
15311779771741475
413957955594199933
173449715443771375
544141935931537944
4179354431915754
79545474775533375
795974171713344
4449197753471744
1543715155511375
95759999739147744
19357733911353435
15737973993144
5155391545919559
459577741175451
4139349771737544
43343959754947995
577937555945344
447545137393375
471113435437434
44731519931515
11415957734944719
44437153135935
34399719549351144
93739551979153143
5949111313779777
4449979799345574
37175933374979175
3974357999355744
14954549399591934
1977577191337314
343114951194343377
117479313935911944
144534414495744
3444557559999435
177333949444791744
147371577454799775
3949973531374374
75945433594739544
175117494535319574
9397543437441445
1143719155134994
4575339359775945
51511455343537154
9115115397537744
43314759159433344
94577313741537459
119937917337349375
35571915477111195
44113914977749344
93415911353371334
113394911779474377
34913979134933544
14717477135557434
3917944474547544
75957753975955434
143135339119344
157311547944319314
49411959339495544
455471991919344
117773754443751714
14741453775971475
9954319119977595
91159311331395153
7731411795174375
13531544131741944
1319151441797937
159345539997594544
941797949933115
554597559497975
111494599794999
1114395751197344
473331957775794
74493979914375
914794557795594
1549144743714375
45717474931954
174411531349713
71357355757594944
3439574717757534
4511553515949744
1459745495994357
191451511353714144
55915941433494714
9994517954391474
575444743543359
1453157149597335
44971739354193317
335114534775
14943394394544375
39449111991979494
79417493393499144
17334711751715344
319959741999744
31949357537549934
47314473971713355
7953135341735997
5133347455745574
17441775555457995
193519593391717175
4444195373919455
1199544459575
11519753595993944
57745374359493
47973147993955134
15739475439443
173395394475417114
355151941554455514
1453334533437744
143343731757744945
1153795153734795
35159575751334144
9475377354135
37374751117551951
11733575741999734
11543359453514955
4475447419474935
47111914399759339
1177193913714
41374914947443995
51159595354773444
9337755549375
437314737419535
191417449114317
4915443573597375
74979749515714911
15534594411341775
31511451734371791
19393775113575744
5535137717557371
7173147453555744
4535717977141344
1459797144353394
115415394393554475
74939497171339437
1173373117474194
311535349373754
75195375731334144
77593531951339344
515971741455774
53734714351434375
3747745745941743
713175331574919
3475151131415157
73397191174777935
331453593759414
193945147571134544
779195413193751
49457917914951147
53553913594157394
117499351345344
7377341751445974
3194515394574147
3975599114799195
73441947915
333571191914534
37591119941349975
171574953447744
1519399175915544
195913344914544
35349733134113355
39559391474333731
155741999154375744
4547143795993344
9197139711375
99537559199373744
43133759447734344
15313754977915393
97591477391339994
177513391399947
391744975749534
133953597177774
17355354433459434
1531437115337955
15749794144311934
33491714499531454
134944947559
43977415539135
1593314475175344
11791519591775553
554917539474375
4795733751935175
945537159547134
47519459937144
51943319317713915
354995979451471953
14344991715914944
153374757771955335
991749711594411
345917541554475
15194743917447995
1379155195973444
445475594311774
5337144991744344
34751499945445344
7551779594794911
79417411933543541
757917159534519
44359711454453175
7747193155439595
3714545117397114
4399194313445175
451915734477375
1433574715449474
579539194115355
9197944371531945
35117195945354445
3454779951144
39939515737374735
354413197471494
59497997353593734
5157793473111755
193451143915339794
733149991934934
3777939574939134
144547959544375744
59953791394577717
9517474397559744
331517513153597355
15414147173793753
4744579543791717
3415733149715775
5793911531937144
14133499714531475
71197145915951475
3715953139993514
741575757517777575
77751594395334333
34731599117914797
111134119331397393
9741913773339111
37919997119575519
43955133717597354
5431553537439744
51191599953154175
7595451944773119
11457917535595445
54593747131591395
43495353344959955
1134794193195375
17597973377343744
9347359949343735
14794533977454495
144719777749971411
7949947573155744
139415173199375444
131431157439474354
19513371515353911
137749199513554944
437993373191451
444539915773195374
7395499537159734
59759147745173144
14731359175145514
9971443747311475
37511514557595
155914519413314354
34519413537933744
339114757759571794
3174997733775
3543393515547375
4547595954351744
1735711957573594
17151914795959944
133577954797919195
44545994333345595
5315453595794349
1174417459159149
34713749197994379
39773937944579454
559794443474944
39717519153911544
44415933111741375
573751114914915
37493345311714334
51194751941774175
1135549513743435
137199455337539
3449545413414944
45551999534774544
1314414153159744
57519131799747744
49145713314441744
44477994157919575
7771947577599744
17954374595713344
399117319797399
149477151414591
77117117547193344
1441193911797744
77973993197454451
3459743741454
14173974973174149
917754554397375
335597994943131915
37337399349919344
19757591735751144
594311551533193934
144191591353975
9145735974399475
19743557331334144
1377541145149119
395914955714574
14773454543393544
31435945144945351
17919437553395775
113371194533359455
174479349371413475
55497514599777744
75794944134
4597751445591744
7571973531434193
55193341433494143
4757179313579355
45973191419597475
3155974977499344
17737735957494345
951145797459375
15445535117497537
35755114959351351
5177957375919375
73347447351195
119777979497391397
13991397715495935
197311791341971735
135115555115414944
74775144757315431
13455359445197475
135447117473975944
31593719717411544
719751553344
4435455445195995
9441715433514144
754453351394937
35141113743994344
14594533747355744
333439433477311194
13753751335443554
19999474395134757
7994574147337344
51941477474197344
44475137194751445
9155537355179319
53599593113733744
571443459945744
17714434314445
59349999119944
43477911179347917
394741737479544
9539579351575147
55795997133734715
75313994154113715
19399544979715344
3945971999331747
11335935555543744
3374714343913434
174735117147591
533771155417344
3379551594333915
1941734771979375
3415491995351475
13455519575995575
99431111954944
73941514557375
9791499315571974
4433339791411344
177941513114541
41131549975145344
44497797517343577
9115755953347344
45314771537991744
719459375199744
31551135945731577
579717573745149
45515139749973153
53455713441113739
74373771341441754
1575719534593575
4517749931144475
1454554344573734
931111931199744
397514734933745
14494345945945551
444914934199344
11159379174759354
7977774393999144
15554445194591444
43157513473149515
143541175941345
55191794743414434
43535453795394
5733597173594499
4511375194755315
995439947755344
17141154139479744
11555573571957195
11179779471551595
394345951754175
7311937719174144
3774979577974194
35975991711744
3479717153777144
7959574995953175
197754951431331
9447357574359495
1359911933773575
19439513437344
13493459359419144
97117774717997135
99351343543979744
14991557411399595
113779553473734954
1931191359457934
119499141344411744
35355341594573154
343435133394735
5751719435579414
139457995444447515
94413394437354195
11391515131311744
757311375795975
1371395455145144
19759779577119744
5353974374919744
537197453414954
94117779735193533
3137175999771354
47343751193919744
95799157445597175
3544749799455744
47793543133315714
49343579147115774
4349141135919594
395475539331455
15314735954133117
4995343745735175
145535591441319744
131535471147444
5444795931591744
7479911733174594
794539397157345
75319434317541414
4435499931174144
57177199117731744
351949934345931
9755433931514544
4575151997113544
111719155331114571
31711345333371495
9471751799319711
11939334493154355
3571751577934131
534754534333344
473199954377535
4713157119343575
14779575447451794
5754339991955547
4751741155359744
9171199953553374
439499139577344
9397339413357935
131599997351313414
1135544337939375
79777937534737554
39439439117447744
7479915995343744
434597353344
79797333334497597
573947997531744
11113749371954754
39995317173191575
17755935311411937
35337711131591154
5735353111931144
75541457134559744
177145313453955
17343379994497713
7449173751499494
3345493154557554
34791353933137774
131779793734559913
175757757457514337
747345755491147
144479337993455355
759354345315595
3541359715447554
735545345517444
43757979497415744
3433399791744
45334153119433374
17949715971743475
999194775374544
34774199313974975
3493511334933399
175553533944131994
474335794791537
31931133519517155
5939153974149445
47977574935991344
44473573934393175
134554975749977445
3791543593134375
113393344473379334
154415757119715
4191513577573434
379145747551341375
1997779474434744
139971533513319144
155511945393594
114344555574744
4973375397997914
97774343915544
34371995457451344
1354944497473344
17133574179174915
139575419951191
3154739314519914
477195739974954
3374775417493935
15913471337314944
73941415754131744
9331735157773395
33143159173445343
11547337577799114
7915353177337914
995459744975339
171415947915417744
33417557999799155
47443395379497744
143193533517131375
13374993417913314
5344931537951544
114777579574113
133437571943751945
37713351551115744
5131749737395944
5137543791153774
35497749419374
4933497357141444
353315797719444
315491544743797344
9145979559755577
73339359159319413
11115519537441375
414514449595575
74491743955491744
955393195937544
47371533157191375
34371474333335475
147594493599719595
4199394343114944
43174977413474511
7341194433453111
3737954359459395
95147991945193344
119544574747737979
1379779131371744
43137531315173493
94574154339951975
7457743131975934
514533751515
44979943443377544
31491535347979
7174473377349915
157317395979744
4117747359531141
17491711993191744
1595791911319344
3497157957939174
111335333994511744
91117134749355
95311919119549977
41994711395151354
31733449911144114
313335711979191
173713575444171994
714115475949744
77933757535179777
3735144977734114
35335753799331744
15917455797539544
3379435333145394
13493919473194454
45433733999797444
1573455317944944
39755511971157375
544535319337515
14117435359475175
735354159339195
11935417117575
51453715157573715
153719493151554
1544555194354944
711433544477544
73731743479957745
17143471759135744
59531177593475973
1549193131155575
319714415599349554
4719175539349959
5749395935545344
1433574179935744
1955517939191544
371515415941494
197454444915534345
5111471171977344
1944331441514397
15197795154774144
153595791343114575
911133977754
193433433545449944
34537193954445
37371197743397154
3547171345737175
49373194313377935
4343517795474
39391575373434375
51197141451453195
1349755759115
53333543715795
7337977519735335
11974794935377554
774951373951744
315759553331193
5775315995433999
7311474447437745
17559147959594951
14913319533774144
7415334447917175
13949491535455119
41319941339934144
43771415477777344
71973537419737135
3795494519174144
157374534193373775
14175714794734493
5119153119557334
11747433517745551
3415154331747114
4359433377735744
151175595939931475
319945539795495744
419313531534954
79449977319795775
3113449941555135
5714573941771135
9914471133944545
33131337491935935
157794359335744
73445955747994375
14957417457353349
17174473993497744
93347355473919144
7394197434939744
45914534773171335
59534471919744594
3494997445955575
79197715591747344
7449971115154545
9554994497779744
3794531991517344
35591534441199954
395493753799719
9913535199577113
13977944445459159
317917794345774315
17591733544573377
9377543945941494
3911313119345775
39395714743439934
1714974595731735
37317573994431459
3194577337473414
4444953473574117
5551739149311411
9454494133413994
414471357544959
4574153199754199
59949133343534773
13731545749371995
714933914543914
71137144497744
543734775941175
7319571147971775
99594771131134944
73993135419717514
45741175193919744
351347794173444
13399917433195944
73945544797959354
5314514317779744
7119977479995744
4537543349917351
4547417143597344
17995949391375175
71393137134913144
119391771471735735
1441497595374144
314949453914931444
4991153799174444
13155975549135
777135559453344
39994394344333744
5391715939397744
1915945511433975
47344457943349593
413157759959559744
134745971719554
753399433541495
154159371737519544
1751745434957793
1547799544311475
144599495941171739
45174475417743945
3911535435949974
15717991494473415
13443151559449941
7495553313414144
51719375933791344
77415471434341593
151519794151994775
74175571947534
59439471455793744
55771141717779345
13113517111754544
11413155394757571
154743745193991744
4717373714445744
314754459431535
75547141754994
4357175935515975
1374145954439544
13793334395417397
47779141417351344
5133514145775444
1775913135737344
31975447115497935
733549991953744
3541444594374393
19574451134393344
9413359491911193
1141774313973744
191437711595177544
53994797973453114
377731353379415
5117737959391545
173145195511373575
195377417393155535
199457755443745344
1313133977111495
55957411519977744
41433473455474375
494953353714435
997141174941744
44737741154333475
47315939741331975
44347555175444914
447393539197514
4357597197744
11744719144453374
417471953419535945
41141941939445991
3194911933939944
13719733915775475
3344733157417344
71517594975755544
19417451915577177
45949541939415114
93131114799344544
341771714514347443
9341993179591944
77144971551313419
3157593477333435
1177573757574144
7913155977545
933757114593534
5393411939341545
113777171533431744
75434149337344
15777359144399775
944439419339397
51791355519134
773379191554515
3771114111744
7799457337539555
757333147499577
39474994945417344
3497443145443541
94447153735914
391113571944744
4553113473977544
59179155914595717
144974355943935375
37591343549477175
413473997937
13737144354913915
35144334141939477
591317735713344
4331743349574515
1749397415935315
9931343357373444
33413399313345744
7531995319793444
95171337743795579
11531339411551344
17411577911313495
117191547174744
3939479115134454
7147443571757775
155499975579159744
55559594445415515
419135547353411135
454511193733944
4794351554599117
49113917573337344
411334339431154
97731731393447754
57395431935157995
147719495755755495
54359593411757337
999335154511741
19951791454744779
41933747993937345
15771937319555144
573195337779537
7553374377459435
9991794557719944
4574975195471577
449591579951395134
79434575115551
314914475349135375
45345941995499145
477439944971439744
91347977313199737
45935997314459344
47749745353537344
3144711473173575
43111715175999477
11714743747339344
14541319715145147
1915999577555
14393734771394
315931795343474544
17935554999744414
195143953453411347
1755313449514944
347134474341495344
44114417149917114
7145757347445717
9415535544519744
57134443495451175
5977335143431344
14541979449934944
14375541317731344
5779319151744
13173951941775954
5399333573177544
19971177333314955
49149574177954959
13153157974511919
5191437393793554
49445794193141934
114733497943177344
415355177337517944
14311994595
19153317997777491
117744749747195571
347544757575159
435737434559154
477553451173344
153739173135135
93531577457934
194335355317515795
544793777451934794
1191559747317114
174135399599197413
14473779499535544
43549743774375
31777793513994
15154155337359744
14491557453475431
157319533191717
139579931954394
14479911931493745
5335973577573757
94517997794419914
45735144494513111
9799375949745795
3949453579413573
55559949799541447
345417713913597
1945415944395
111591579774915513
3431414535334344
35739415347731514
53417979159393744
13144771413144
9474491715951111
354731379797344
5541414714715194
597497194747434744
14437195139141775
4534571575171575
741415747339575
1557771797497344
5349349939374144
5954545174134375
143915153344517331
31334771174391444
3995745454911
147974393947133117
55515744543113517
49577933579973345
1314753439597194
13577597119537944
11777357159335744
31334375771949395
147543941973455794
39119349343131475
11953471115115453
77177375494373434
919755745515915
35733999799795344
1157335999934359
75951745599343149
7595459944495944
33193735333394475
174557459495741517
115555493397431494
1741949731954344
7791159915193344
17944135495995744
55713339577475744
1435331515413393
4173394735575
145343791317731475
511377435115537914
7395431199351975
14731511347419713
9737913147735591
13997179973793744
41517154919373945
11395957473475575
393337319435775
5445475979734791
17735417194939374
111935417931794457
5711541394977594
11971735417594314
3351349737314397
13943591575335444
99719941797441
3441341755551744
557345359414935
115441359735744
14531514773757345
31131435351711744
51455999433444144
957419447944444
774973543395744
117597445534919955
195591947317491945
11454949495333344
75733459534443375
144194371154597145
1343799953593955
914471557375194
49973475957777144
799979943553344
57577141575135
1939434414537195
3913933734375
94511473753511313
134719759457539344
54931145459797944
17753771747455744
15433415113959414
37547434191157114
73547731557974115
35747517343374144
4397474591979534
74175947573337134
51947743497775944
17934934191459375
1744355195774145
1734145497713395
74491354377447744
-1