17931
1497
1414
13514
13117
14495
11497
5954
5174
9359
4449
31593
7791
7747
5737
1551
19415
11554
17194
13711
17347
11973
1355
7195
11517
19555
4537
14954
31373
13557
31737
791
19541
7177
17944
11559
15194
4449
1335
19141
15711
15153
9431
13734
977
17544
14514
175
15153
15931
9551
19945
17455
15493
14197
17735
3145
11315
11774
14777
4334
11497
5139
9497
3111
17431
31479
5393
11559
31315
17797
475
1971
1935
4537
17597
14359
31477
19517
4579
415
14741
3173
17939
11957
14959
7313
5457
4955
11997
3417
31455
17955
795
17517
7743
151
3797
3745
14534
15493
31794
31577
5157
15454
9473
31195
3935
373
15993
11514
14334
19771
975
31357
7377
143
14159
19931
19451
7319
17571
11493
15955
31447
1737
14943
7319
5441
349
14353
7451
7995
4733
31171
7477
743
1135
13451
9137
31713
7939
5444
15493
9975
4745
3143
3199
17347
7454
97
3199
5799
9143
17937
11137
11195
7911
17543
4115
14779
4374
7341
13355
11117
14411
11933
17137
14915
13173
15434
345
13145
1157
5734
5357
349
1144
593
15951
1451
9777
13917
19144
9795
17334
15347
3443
9159
13574
7139
13435
1334
15414
1539
19775
14477
1445
13514
131
4933
5715
15143
5794
9733
31499
17739
5345
13941
4434
13177
31745
15953
975
1317
1717
7491
7473
31537
399
3459
11751
4397
4147
9995
17114
17473
11357
4354
4591
5535
15945
1449
5193
11477
9944
14419
13353
7544
3751
14177
14799
4554
31359
9975
15913
31949
14191
13114
9519
14449
1335
31191
4497
15195
3594
19341
15934
7799
31351
14315
7975
31371
7579
7377
9551
314
1333
15937
31743
7493
1549
31539
5535
7459
11791
1991
31414
13931
4575
11137
994
11397
9777
13155
19919
7149
13543
13553
11311
1531
4453
3939
31939
13993
13749
17575
5339
3141
5393
13734
11531
17544
5513
14541
3437
11551
5739
1911
95
14447
5954
15455
4177
14435
1395
15331
14354
11471
14351
14373
31459
735
1471
3391
13414
13744
31974
5731
11959
9999
7543
3515
5499
19795
15419
14491
15759
4343
11779
3571
19993
19753
5191
19445
11541
13734
4341
15793
5735
13451
17533
31917
19455
17935
11193
7434
17144
4379
4531
15573
3979
14147
13459
4991
11341
917
31514
3155
9493
17447
19513
9397
7779
5319
543
535
31374
17549
9995
31951
31171
11937
15155
3759
15491
17791
13313
9179
5943
1551
9315
9195
31494
15419
13933
353
11957
31995
31951
5195
9414
11915
14353
9931
14111
19931
15334
9317
19953
7419
4533
3135
4571
17731
4345
11371
717
5543
31357
9774
755
3541
15575
15159
4173
1373
7731
31477
1955
31431
19911
14
14514
7953
17345
17993
3933
31534
14194
3751
91
14731
31357
11757
15195
1447
31339
17597
3433
11573
544
17935
15147
17539
19543
3945
395
15753
351
4519
14311
13339
1149
17594
17349
19471
4435
545
13991
19393
14444
19143
5197
9753
11439
11774
19351
5373
17137
5179
13199
47
31797
14149
3957
14415
1517
11714
549
19149
15949
9417
59
11573
17377
5734
19911
17534
3559
17313
4473
13534
15775
194
31437
31434
31357
5571
1771
411
17717
13315
5337
31715
3714
11155
9135
11459
17995
7313
17794
1134
7155
11934
5441
931
19573
31195
31179
31935
13471
19754
7915
1437
5313
11445
9344
931
13949
11441
31993
1714
9397
7333
14551
13197
1433
17553
4479
13597
9773
5979
14437
3495
9355
9394
17473
4474
14974
17391
9315
9494
15715
9154
4349
1415
545
19395
14515
11577
15341
13991
713
794
1915
11174
17419
31171
31491
5973
15133
9344
7373
4999
1493
17437
31549
13737
15945
13445
13499
31113
9755
7333
19933
4954
4171
7353
11443
3334
19555
11511
1457
17919
349
334
9199
5414
5715
19193
3353
11911
3973
4495
1545
5374
3117
15577
14114
195
14513
7515
9355
1497
7754
17739
31197
9137
11475
11357
4717
11444
13955
15379
1499
14194
11197
31735
9153
151
3353
3147
491
4591
14575
11443
19591
17434
5449
5139
13457
13114
3954
17145
11339
754
15375
15547
9797
5171
7493
19377
11114
7713
354
33
4517
31797
5134
5993
179
1543
11791
31559
4519
13517
13779
3971
433
14434
19731
17445
14371
9391
179
17773
15955
3135
5173
13939
17175
31447
17149
3517
3139
11437
15575
11394
9753
4379
11943
13333
5319
3434
4133
9937
11539
13553
19535
1399
4393
7775
15494
9571
17417
15553
3731
5114
11931
15544
15454
11377
19757
9397
34
11199
11134
373
19714
3915
9715
11414
11113
14151
13751
3553
5339
1151
11479
19793
4537
11551
15931
391
14955
7154
547
13495
17955
15333
11131
31334
3415
0
17994
534
11411
4411
9919
5131
7354
7193
559
1154
17339
7343
4193
1997
9399
19193
7779
7975
31971
17959
15911
9455
17355
19995
3475
1934
17579
13974
11349
17543
19395
15714
7497
1447
14593
15777
14531
19431
15335
7159
15515
1444
11155
5311
14939
14977
7349
13579
19497
9147
4493
31571
3171
4979
31934
14913
13773
15595
3935
19457
13973
554
17573
3543
17335
1119
4313
7919
4993
13355
739
195
5735
19997
5411
13435
9195
7549
4737
13779
5174
31733
14594
779
19397
31717
19973
9534
5155
31543
17195
1945
5473
7497
4591
7519
13171
919
731
5339
7313
31959
3131
14194
5794
14497
31541
14149
15931
31744
17447
3747
713
17591
7759
13357
19494
3454
31444
17914
1494
14357
11393
731
7443
7775
31755
917
1731
11995
1349
3579
11443
15455
13511
15745
5345
14549
14799
3131
31977
9711
14979
14994
7394
17374
17117
14741
9579
3999
4444
17953
19975
4594
1414
14741
9319
19973
13399
13933
1335
4335
4414
14953
9353
5375
9439
17474
1345
3531
15913
3374
5739
17994
17515
19955
13354
15354
7511
9
19535
13553
31911
3135
5919
4757
4397
15159
11557
7354
15913
17974
17741
7497
4735
5117
7115
19345
3311
14913
533
13373
17755
1151
374
11531
17539
3554
5153
31915
11149
15159
13574
4714
471
19554
5933
9413
13549
5349
4557
7347
31771
7174
4149
15349
1999
14919
3553
15455
7455
31151
1435
357
17514
14455
4477
11519
9115
4719
5944
14371
13314
17533
3135
