-71 -79 27
83 -13 -7
16 -67 -70
56 -38 30
38 15 38
-89 -10 -16
-66 60 -31
66 -42 100
11 -66 -36
58 -21 29
48 -56 36
28 32 -34
-66 -13 82
52 86 77
-30 -18 58
94 57 16
-84 11 98
-39 9 -4
8 73 13
6 69 -20
-82 76 13
76 83 94
65 92 30
-16 11 -81
-4 30 -32
15 68 79
-73 46 56
36 -81 75
34 82 64
23 53 39
43 15 -64
43 -30 0
-99 -46 -40
86 -82 -2
-55 50 69
70 43 24
-50 72 -82
-57 -83 90
86 98 -83
51 76 75
-100 74 -75
12 33 60
70 -22 81
12 53 -100
88 94 24
-23 37 -86
-26 13 36
27 87 83
-47 -41 -26
39 -25 -87
-1