97 -13 -97
82 -31 -75
52 56 61
21 34 -9
-15 0 51
18 -11 79
-77 18 2
46 -18 -88
-73 -89 -26
-55 -38 22
-12 59 38
-44 43 -56
85 76 -76
45 -68 22
-69 -53 -19
78 -88 17
32 68 31
69 20 69
97 33 82
82 -17 95
6 -84 -47
-86 25 -12
47 60 68
-81 7 -55
99 62 -72
-95 -94 17
79 61 47
11 99 -4
22 -72 -48
-82 -66 -70
-46 -79 -91
-62 -24 22
-46 -77 -72
-34 69 -23
83 -70 -15
29 -64 61
-98 -65 -72
-22 -75 -25
91 19 88
-91 65 -17
14 50 79
16 66 77
65 -76 -84
38 25 -33
-87 88 -12
50 0 18
23 -7 -1
81 78 41
-43 23 -73
-72 8 4
0 94 33
48 88 -72
-47 36 61
52 6 15
38 -66 -60
15 7 13
-37 -63 -15
33 -68 9
-4 13 32
65 84 77
63 -66 -56
9 100 -55
54 -16 -47
26 43 89
-100 -39 -5
-94 -24 24
55 -3 76
-65 -32 96
-77 11 -9
-78 25 4
-42 -4 21
-67 -46 -59
-81 -14 -1
79 -75 -5
-50 -3 74
-11 84 -97
-69 -89 -95
60 -63 -51
72 53 89
76 18 47
13 -21 -95
-21 -55 -43
-91 -25 -15
35 79 78
49 1 -46
0 2 53
29 -100 29
-3 -35 -82
-61 -38 -79
-42 40 -73
67 -36 58
-67 23 84
-4 72 -54
69 -15 -32
7 8 -33
15 75 -5
-58 -88 91
38 -38 -95
91 -46 75
-38 98 24
-1