68 -52 -49
24 15 -34
-16 66 15
69 -42 -3
-43 49 -56
-24 63 -99
-71 -16 -11
36 -60 -96
-25 93 -24
22 88 100
-82 4 -98
71 92 5
75 -27 -72
21 -41 5
-23 -98 51
27 83 -66
-83 -22 -6
29 -88 92
51 1 -37
-95 -35 19
-53 -85 -22
91 -87 71
13 13 -96
-64 81 -90
-43 -32 -51
7 -62 59
-27 97 -20
10 78 -15
28 -9 -8
-35 69 -90
95 18 52
-10 48 -22
19 -60 74
-61 -20 -63
-58 9 -49
76 -95 -5
-88 13 -47
3 -30 -33
11 91 -20
-63 79 -28
-44 91 -19
-42 -45 17
-1 -1 -50
28 -3 -36
-85 -91 78
-24 -90 -34
23 51 -19
4 29 -14
43 -36 11
66 -61 -13
-80 -22 97
-37 -9 59
-63 -70 -19
87 65 11
73 -40 39
20 -92 68
20 51 73
48 81 -2
73 -26 -44
62 42 -59
-6 29 -18
-66 -17 5
73 47 -22
-88 -8 -34
-64 -69 -33
-100 -18 88
-61 -69 78
62 -22 -57
53 -9 32
90 92 55
62 26 -63
3 -9 -20
-68 19 -61
-69 -9 -13
-91 -41 -45
-48 97 46
-78 -27 -57
16 -87 88
34 6 75
28 -88 46
55 93 -30
-69 -100 93
-40 65 77
-28 63 20
-1 25 82
-23 -72 -9
73 -51 -68
-14 -47 -51
-39 -41 -92
-12 21 3
-2 -37 68
66 61 -41
-75 -79 -48
-83 -40 -35
-94 -81 -47
-65 -71 -76
94 -81 52
62 18 64
78 -40 84
38 29 -64
-92 44 30
-67 -39 9
-17 -96 -31
-42 -82 68
-47 33 76
-79 -86 70
-77 -95 97
-65 -23 -71
100 6 98
85 -40 55
9 -3 55
-65 37 63
1 97 -49
60 -94 -78
58 28 44
-34 -35 12
67 36 21
16 1 -19
-53 -18 11
43 45 -70
83 53 9
5 -98 96
96 36 57
44 -44 13
-61 -34 57
-75 38 97
-75 76 -86
71 44 -63
-100 -37 44
-40 -95 57
39 -88 -32
49 -26 82
18 -7 -30
-58 29 -80
-45 35 -15
94 60 59
-34 -94 87
94 78 63
82 -44 89
-96 96 87
70 -32 65
37 -44 -17
15 62 77
-69 73 58
33 -65 81
-97 77 -50
80 -67 60
3 -61 -75
99 -53 95
-53 97 -8
-78 77 96
-54 -33 99
-8 -50 8
55 83 60
-93 55 -9
38 20 80
-30 16 9
47 -3 -44
-55 -55 33
89 -98 -20
65 -54 -96
-62 91 2
70 99 54
-19 -3 75
-50 -15 28
2 68 -75
36 -81 -64
33 -9 83
45 71 -67
6 53 -88
4 -80 -45
37 -18 -10
86 -17 -43
10 -73 56
-1 24 -81
-64 72 -48
31 38 -34
87 -31 -29
57 -67 -90
-3 -90 58
68 81 -30
15 -56 75
76 18 41
-4 86 28
24 94 1
-93 -58 9
-72 -31 59
-47 14 -82
-27 51 97
68 -91 -70
34 -54 79
97 25 -75
32 11 77
-74 20 -26
-20 -87 -26
-35 -48 6
95 -78 -34
99 -28 0
-63 62 -17
-65 63 -39
-15 5 53
15 30 -88
75 92 35
-53 29 100
6 -94 40
42 22 76
-29 -93 -37
48 30 -22
-8 51 85
43 -59 -63
-9 82 86
-99 66 91
-32 -87 89
-47 -8 -73
-41 10 -85
24 -78 -25
34 -21 -43
98 73 3
19 38 -37
-83 -35 97
-82 4 -26
78 -6 50
-58 -97 61
-52 -92 -64
-43 -64 65
48 -31 1
-35 64 98
-24 -41 -51
43 45 -95
-82 -54 -37
46 -60 -99
-74 -21 8
97 19 -59
67 5 88
39 74 0
-94 100 69
-84 -55 -44
61 -92 -94
13 -74 26
77 -63 30
32 81 -18
-8 -15 -51
47 -86 7
-86 59 -97
7 58 58
-15 15 -96
-4 41 12
22 -20 -98
-5 -51 -96
-15 91 43
22 -2 -82
-74 -24 -38
5 -53 70
44 -40 1
87 20 -3
32 13 77
-88 -50 52
20 46 41
-35 -63 91
40 13 -10
19 -66 -60
26 -78 79
19 49 91
53 26 23
8 72 -34
-90 14 17
18 -42 23
7 -68 -51
-89 41 -81
83 -37 43
60 81 -74
-8 -59 -78
-9 80 64
-48 -92 36
-42 84 13
79 22 -26
26 72 54
31 94 -23
74 83 37
-81 -83 72
-16 -18 -43
-95 30 81
-59 87 74
1 19 59
31 -96 -22
41 65 -99
-65 99 -86
97 -24 88
93 -85 85
-48 -47 9
-93 15 -48
12 -32 -8
73 -71 -71
-100 -50 61
-19 62 -35
-78 56 -86
69 -24 -31
74 86 26
-93 -82 11
8 -74 -9
-79 91 100
29 88 34
-60 -21 -83
-95 -43 -44
13 26 9
-72 -79 -17
41 -90 -47
76 -58 -35
65 56 25
-96 43 -12
-44 -81 -90
-16 -22 20
17 -100 77
-20 -57 13
-51 32 85
7 -78 -65
38 36 54
32 55 -82
56 -54 79
14 4 21
18 -56 72
-40 25 -46
86 83 3
2 -39 24
54 -98 99
97 -14 59
-79 48 -36
73 82 74
-55 -28 59
88 96 -23
-48 39 -27
96 -45 19
75 -82 50
-89 -94 68
-65 10 59
74 68 -81
-19 -33 -29
-77 78 -83
-35 22 -1
34 90 -63
-7 59 83
-79 -19 7
60 -89 -12
27 -47 -8
26 -20 -87
-52 -96 68
-15 58 -71
74 -3 -80
67 51 40
67 21 62
53 -51 -41
18 53 19
-93 -2 -2
-69 13 79
-48 6 65
-39 -15 -62
42 63 52
69 -78 66
-96 75 -62
-8 88 -15
28 -52 5
76 -85 71
-6 88 61
-89 -42 76
-70 -86 81
30 -44 -26
-3 -29 41
96 -72 96
73 -35 -36
-65 32 -98
-26 -58 53
-70 -3 -56
99 62 -90
74 -46 -46
89 26 21
16 20 -72
47 -69 -25
-74 0 30
-38 84 -96
-53 13 -65
-18 -5 27
-99 -39 -9
21 95 51
79 74 -89
-78 65 -82
-33 89 -79
-56 -39 96
90 -94 -7
-68 -19 -50
-36 -37 -74
60 5 -36
-89 42 34
17 53 58
-43 52 67
19 -65 -77
-65 -61 -23
67 -7 77
-16 98 32
-48 34 -41
-87 -28 69
11 -47 82
-45 62 -45
82 78 -77
-18 55 40
90 2 -44
65 -75 -12
7 19 -3
56 -76 50
46 -85 36
23 -59 18
-37 -79 32
38 16 -86
78 62 89
-15 -15 -3
-82 -36 69
-90 -34 24
-76 1 -47
-42 42 -38
51 -3 -29
17 61 24
38 -43 -62
32 24 -76
-13 85 -67
15 59 95
-60 50 -73
39 21 59
-9 -70 -69
87 -21 -57
84 25 97
60 -96 -37
84 -18 -57
8 -24 -85
14 94 69
-33 70 31
66 -64 -68
47 -59 61
89 -39 47
83 -24 -84
47 35 -82
-15 -33 80
-89 -71 -52
-46 53 -92
28 74 36
-10 -79 -33
51 -9 56
42 -63 26
-30 -74 -64
-31 14 -18
-96 84 93
-26 77 33
40 69 71
28 50 79
99 38 -88
8 -49 -17
-49 -38 -49
9 33 -64
-64 -26 -1
26 -45 86
45 -71 -13
-55 25 -9
-18 13 -45
49 74 -81
-37 -16 -74
12 -89 -2
33 -7 -38
-50 -29 32
79 -78 -61
27 -12 41
35 -48 -34
4 -93 -12
-87 26 3
-6 31 37
43 15 24
13 84 -95
-16 -57 -19
90 -100 -3
29 70 -58
-84 -33 59
68 -53 12
53 58 99
-28 50 -2
97 16 -92
44 28 -93
51 -53 -17
70 16 -48
-86 -96 71
94 81 -48
-40 31 19
67 86 -82
17 14 -74
85 77 99
-93 88 -77
8 -87 49
28 23 -82
10 10 66
-97 -94 -17
-64 -97 44
72 -98 -4
40 -71 99
74 11 12
-1