25 -67 -94
2 12 -18
-72 -75 68
-14 67 27
28 47 -74
-63 18 0
53 -71 -55
15 -51 -17
-90 69 -12
-62 46 52
-95 33 -70
35 -18 -69
88 32 -99
69 87 10
85 -77 -68
-77 -7 -23
-73 72 51
-11 88 -94
-73 -51 -11
-78 73 -89
80 95 57
-74 23 -12
52 30 -47
6 39 -76
11 -31 -82
66 -12 71
86 64 -52
-83 51 -97
-52 -6 20
15 -5 -69
-80 -44 -60
41 82 -18
25 -16 89
-58 39 -28
-98 -83 -76
-20 -13 -52
67 36 -99
45 65 -89
60 -31 -15
75 11 11
-19 80 -96
-59 25 84
-26 -33 1
-18 -41 29
14 48 70
95 46 -80
8 -17 72
30 -61 -9
8 10 -9
3 87 4
60 -11 -56
-68 74 30
-48 76 -67
66 -46 -85
19 -42 -4
29 99 -97
-60 33 -20
-93 -37 -45
80 1 66
-83 55 -58
6 -83 -77
20 15 20
-10 -87 13
-70 -64 73
33 89 -81
-67 -50 -16
-46 39 -73
-59 12 -31
-65 -45 5
-22 58 -72
-60 47 -88
11 -36 -7
88 54 97
4 -79 49
-35 10 -66
-42 7 71
86 45 -22
-9 55 22
93 -66 29
68 -16 47
-57 85 44
85 43 -47
-80 15 -17
88 -68 29
39 87 -17
-85 96 -30
-86 -3 43
15 -85 79
-76 39 -94
94 -70 -25
95 -40 35
17 55 -50
66 79 -58
16 77 -27
-62 38 -32
-29 -41 45
100 -69 -18
70 -77 -39
-87 38 75
-90 44 56
-32 45 -10
87 -12 -93
-53 61 -100
-6 -44 -66
73 -84 31
-2 -29 100
53 72 64
8 28 -42
56 23 94
26 -2 -74
-36 -55 -81
-86 -69 2
3 -78 -6
-61 94 -28
99 -57 42
90 40 -8
-64 -59 11
85 70 -48
-18 55 32
13 -19 7
-79 -47 49
7 -1 74
-39 -88 12
-15 -30 38
61 -45 84
16 -26 37
81 24 4
27 -14 8
-80 71 51
62 61 9
-95 -14 18
12 -43 3
60 100 -71
43 -97 -6
-74 -75 42
-41 31 -42
24 77 -44
17 -48 -39
-84 -35 -27
47 -53 12
28 -51 -26
-35 0 -91
44 19 14
23 62 29
-97 11 21
86 -69 53
55 -6 72
85 -23 16
10 18 -68
-91 -72 -70
64 47 33
50 90 -23
-61 7 -38
47 8 -41
3 -69 -7
75 100 -74
57 -3 55
-42 -38 -84
-64 -28 46
-62 -40 8
36 -64 -94
38 32 1
-40 68 34
43 45 16
32 76 -36
34 79 -15
-90 -28 -2
6 -72 -93
60 -9 -78
-30 -21 -74
-74 49 77
55 56 -33
33 -50 72
-95 31 -85
-60 -39 -80
23 -27 28
23 -88 84
69 -26 -39
-36 -81 95
100 -79 13
-43 69 -60
35 -13 41
-2 -71 73
-87 -79 -20
27 -94 -24
35 -48 -92
34 26 23
2 -47 -29
56 22 54
94 -79 -6
13 5 -10
-91 -89 -3
35 20 -86
-49 35 -12
-17 -7 55
55 -21 -80
55 -81 -45
-33 39 -46
-60 -39 -51
10 73 -65
-41 1 -39
-8 -85 61
-55 -26 47
83 63 -25
60 -74 -66
67 97 -35
61 5 -10
-99 -66 7
-50 56 -41
41 8 15
91 -12 -48
25 44 -81
26 13 -67
30 -17 95
17 54 -89
-41 49 -60
78 23 41
8 -32 -28
-37 -87 -2
-50 23 -71
24 10 -24
-7 -2 -83
11 64 53
-84 -33 44
-52 83 28
-32 11 -21
-18 -16 58
-27 21 -41
47 -76 35
78 -42 45
32 59 41
13 -10 -73
-69 -83 -82
22 -34 -7
-74 -81 -7
51 52 14
26 -46 2
-30 58 -64
7 9 -78
11 -82 -95
-53 -64 -8
-14 -61 -72
-13 -25 -55
26 -86 94
-4 -62 96
-25 -88 -38
-68 10 57
-88 -52 97
29 -7 81
26 -67 -37
-2 34 39
-31 -8 -11
54 -81 8
-49 -47 7
31 -90 1
-96 -60 -52
41 -39 7
80 55 -40
72 -16 63
0 44 -2
69 -30 41
99 43 72
14 54 -55
26 -100 73
38 9 13
30 89 -73
-78 -13 69
-54 -88 80
11 68 2
72 9 -19
-36 32 -46
89 -1 -25
-90 -77 -56
-100 37 -44
99 -8 11
-69 84 -96
6 95 -87
80 11 -3
-30 -13 -33
70 -20 4
55 -77 24
-41 70 64
36 -57 -70
-7 -52 -52
-15 76 25
-26 26 51
-34 -75 -46
-17 -52 12
37 -48 5
85 -2 82
34 63 -75
-6 92 -83
-78 91 97
-92 -44 -100
99 -40 89
34 -91 95
-15 18 72
-2 -37 23
82 -2 67
28 -76 -17
25 76 -33
-65 -99 -78
-71 -29 78
30 -73 -14
-33 50 -42
-7 -98 -61
-29 62 -65
40 -86 -54
-73 -86 -46
68 -45 0
-59 13 26
98 9 -64
-12 -3 -11
-92 -65 30
65 -77 94
2 -27 39
10 -32 8
-8 65 -98
94 -97 -41
38 -1 73
97 23 -44
13 8 63
-39 -9 -41
94 22 19
-46 94 33
75 0 90
93 0 45
-21 32 23
-90 -47 -94
-59 44 27
41 81 40
18 -43 -49
30 -42 21
58 -91 48
78 -66 12
96 -39 23
-90 20 -36
-99 86 79
38 -82 -56
-82 -52 27
-20 -7 -100
-18 68 63
45 -86 -13
25 -19 88
92 59 83
-18 51 -16
-31 -35 -21
56 -77 87
52 61 16
49 -11 82
95 63 29
-85 -7 81
15 20 -5
-96 19 -5
41 82 -100
-98 77 27
52 -36 -39
-90 -87 50
-4 21 -85
-23 -42 17
12 -98 -72
70 97 37
-76 95 60
-88 82 39
-79 51 -31
37 75 -84
-16 40 35
-75 50 -99
-42 0 -95
79 76 -48
30 29 -86
6 -80 -22
-79 85 -98
-18 -85 -66
82 -42 -83
57 -52 -26
83 18 19
-85 65 10
-72 -17 -94
95 74 -39
-12 -22 19
-80 -52 -13
39 42 96
32 -84 95
50 42 57
23 89 -67
-55 -56 -42
85 94 71
54 46 94
34 92 68
7 90 -43
-85 81 -58
-87 11 -63
34 53 -62
-35 16 65
-26 -42 -95
-52 81 -77
2 62 -41
17 38 -43
-85 26 -59
-14 46 -95
-7 -90 100
-19 -37 -48
8 -27 46
69 -78 21
-54 -87 25
46 12 56
-43 42 23
-88 65 93
60 -26 -20
15 10 22
-97 76 -64
38 -78 65
80 -60 79
-6 90 58
-23 71 -93
90 69 61
51 22 -96
50 -83 -42
-16 -96 -83
-60 54 -72
-19 -43 -100
-93 90 -31
55 91 -11
-97 94 -66
88 -14 -38
78 -68 27
-63 43 49
97 -79 90
-6 1 71
-53 87 -53
43 35 -14
-91 54 81
-59 -27 34
-7 26 17
94 30 95
62 7 12
77 -89 37
-79 -30 -28
75 99 -11
-21 49 -4
-14 -82 -94
-4 2 -80
-46 -16 -91
-38 61 -89
-65 0 86
17 78 -64
-92 30 19
65 -55 -75
80 -20 -97
15 60 -20
10 -70 -65
31 77 69
11 -2 -35
87 -80 99
8 -32 76
99 44 -95
-86 99 -71
77 54 -42
1 -28 -33
-97 26 -41
-20 41 9
-84 -21 100
49 100 11
75 10 -50
25 -18 28
86 33 -78
-89 16 18
99 12 -87
93 5 -80
86 -54 -29
-96 49 -65
-71 86 19
80 -18 -2
-70 30 42
-15 44 -8
61 -74 -13
8 11 8
-39 -96 -90
-48 64 63
-38 -18 -42
40 49 98
2 -53 -42
33 -8 -79
-14 -45 1
-97 -78 -41
-86 -89 21
-23 -17 23
60 12 37
16 -40 24
73 -87 -79
31 2 -11
46 16 -79
39 -6 19
85 -96 63
39 -59 91
89 -43 19
-22 6 -64
-34 -87 99
-31 46 -86
-86 -32 63
20 -60 97
-92 70 -82
-65 -90 56
45 -25 39
-51 -3 12
-28 75 61
-6 89 -75
-20 23 45
-60 -94 -90
72 75 97
-6 -48 -31
-4 -41 69
56 70 18
60 72 53
10 99 90
24 -76 -84
-50 99 35
-32 -9 -21
-82 -99 -22
4 20 -95
99 59 -17
64 -36 24
-26 -38 57
-64 75 62
-30 -86 -8
-9 90 27
91 -21 31
-2 20 -16
-59 53 -23
30 -78 51
54 22 -97
-4 85 96
26 99 67
-30 88 12
3 -5 56
63 -32 -62
19 -72 88
-29 55 -85
55 -44 57
-77 26 -95
89 56 -66
-5 -78 -39
-95 -47 8
36 -68 -48
96 22 -40
-63 47 75
-53 62 75
91 -32 83
-31 -68 25
9 -69 -64
-46 -4 9
-27 -36 84
-94 42 -65
-61 -35 7
27 83 -70
-56 -28 -43
97 86 -96
-29 -29 -72
55 -81 -53
89 -28 -54
85 88 -70
-30 38 100
6 55 -68
-36 -68 -68
-21 -92 -8
14 -28 -2
-73 -85 -48
-50 -5 -27
-62 100 -72
60 -13 -34
-90 71 -44
18 -23 92
-62 73 88
-43 -13 -91
-86 25 -48
-1 17 -99
-78 42 1
75 7 85
-70 74 -74
91 53 84
90 81 27
-8 99 14
-1 7 -97
73 7 -62
-10 -100 -29
91 4 64
74 -14 -8
-15 19 79
49 50 -1
-41 4 50
-56 -28 84
98 74 -9
-14 0 -46
-27 -61 29
-53 35 -42
-9 61 0
70 49 100
11 -87 -30
93 -24 -97
-68 53 22
-36 -39 2
81 24 27
-30 56 14
-53 93 22
77 14 33
-12 49 92
18 16 -93
28 4 3
-65 -3 -21
-1 -5 -19
-88 -66 -92
56 93 -20
-33 28 10
67 93 73
-98 -5 -40
40 -20 23
-81 -40 -64
2 89 36
56 88 40
94 -74 -11
-8 -19 -25
79 69 3
-55 24 1
-9 49 -3
51 30 -26
-83 46 60
64 61 -39
-19 -19 7
14 29 -100
93 -93 -48
39 -37 -41
64 0 -77
-13 -75 -48
-38 25 -39
-88 -85 43
-68 -58 14
29 -14 -77
-84 80 3
-13 73 90
-70 -51 -69
-50 95 99
-57 -9 -98
-85 31 -82
-22 -6 -69
-31 -84 5
-17 -67 -88
-85 96 -2
56 -24 95
94 -100 63
46 -56 -11
-19 5 93
82 -54 -56
-2 -88 16
53 60 -34
6 78 -33
-6 83 50
-96 -28 80
-20 85 57
8 9 -59
1 -31 -47
36 14 -48
13 -16 -69
98 -28 -95
55 -25 -60
99 -67 -10
-75 -20 63
88 70 66
-59 79 63
21 -69 -33
-53 90 75
-40 32 29
-60 -25 -36
-13 98 -61
25 71 38
24 -62 63
-23 22 -6
-16 -69 -88
82 47 93
34 -51 -34
-54 -28 -96
-85 -65 -63
92 12 63
-58 -69 -10
81 -83 -97
57 -94 -32
-17 84 35
54 14 -14
-30 40 18
-17 -49 -71
25 -100 -71
-91 -39 -84
44 85 -48
88 4 -99
-96 -15 20
-46 -13 45
57 -18 -91
28 78 87
82 -13 79
-98 -87 -67
84 17 76
11 43 43
96 -97 92
44 20 -16
-54 86 -36
-94 -94 42
62 49 22
2 37 63
-65 13 -87
28 100 -87
89 91 96
31 85 -80
-8 -3 -22
22 37 -71
-98 51 8
83 74 -16
-33 35 -92
84 81 -55
-16 83 73
-25 4 -37
25 51 -40
-59 39 -47
17 60 27
-38 -18 -85
57 -66 -10
36 53 52
100 -22 86
69 87 -4
57 90 69
-96 -3 -6
48 64 -2
54 37 -88
18 50 44
73 -52 -97
-39 -38 -15
-94 74 -69
80 -66 -3
-33 -31 -77
-35 49 -80
78 91 61
64 -37 -70
20 83 49
-72 -64 -41
51 -74 39
98 -44 68
49 -98 -31
-62 -64 46
20 19 -51
-17 78 94
-88 -19 -68
-45 -1 72
29 -67 -60
-88 -95 -66
68 61 -47
9 45 -53
16 -51 -4
-77 -87 -45
69 41 -17
-87 36 -69
63 36 96
97 32 51
96 62 30
-77 -49 49
94 36 80
-61 23 50
-2 -66 -37
-60 -81 14
0 -98 -36
-93 56 -89
64 70 73
-76 -89 59
-60 68 26
-85 48 -20
5 4 20
-68 72 69
2 -14 18
24 25 87
76 -18 -44
-60 79 24
44 -43 -20
85 -21 -99
95 16 -26
-16 9 -29
52 -47 66
27 81 -7
46 -36 92
-46 65 -65
15 -91 28
80 -26 30
88 -88 -71
64 60 -81
-69 -100 -2
51 28 79
-31 -4 69
-92 -87 -87
34 96 -61
-10 -31 78
86 -86 -89
29 64 -5
-71 -78 90
49 49 -39
95 -54 -73
47 0 0
-39 -83 -59
5 3 89
-50 10 8
5 2 -58
-28 84 80
-24 49 -35
-14 74 -46
-33 -14 43
-85 61 -8
-5 50 57
92 27 1
-40 -98 62
28 -63 9
3 -96 -18
0 68 -89
86 35 65
-45 -79 -89
95 47 94
-81 47 14
71 -25 -67
42 42 84
54 -52 -29
-78 67 -29
93 -85 -90
-23 -20 18
60 71 -1
-22 61 -100
8 92 89
85 46 34
-36 -11 -12
-10 74 -81
-84 1 -63
-29 -6 6
-29 -54 -16
-57 -86 71
56 68 47
-4 -79 -52
4 -62 13
74 -83 4
-57 -96 41
60 -86 -92
-33 -37 -25
100 96 -2
-29 74 -32
-71 31 -43
-79 -20 -61
62 11 -89
-49 2 69
95 35 -53
95 19 -92
-92 63 13
30 -94 19
-70 -87 40
61 -60 -59
-31 85 -38
61 64 -2
81 74 53
-26 94 -19
17 -25 -45
50 -91 -13
6 64 54
-39 9 21
97 69 32
18 -90 -66
67 37 42
9 -46 76
-25 -51 -88
-18 2 -4
-99 95 84
-12 75 -58
73 -15 -86
-93 -24 8
-34 74 88
5 -35 -25
18 -47 22
80 -34 56
91 86 26
-88 -19 96
-14 -12 -38
-23 -80 -85
-16 82 75
-58 -43 -55
-91 28 -19
41 23 -40
88 55 85
93 16 -9
-61 1 26
91 -29 -12
-33 -72 1
-92 -35 87
61 -91 -29
-64 67 -61
22 75 -87
-17 -86 97
-35 -99 25
-69 50 80
29 -14 81
51 68 77
-22 7 -79
89 -26 -56
74 -99 58
69 -97 59
-80 -88 57
-21 80 -26
-3 -99 91
54 71 66
79 -20 6
-38 10 55
14 37 35
-51 51 82
-66 -60 -85
80 78 22
14 -98 32
35 88 -49
-95 52 36
-3 90 75
-4 -90 -51
0 68 -73
88 -88 -83
-49 -38 -71
-56 -92 45
-21 -10 70
-91 -36 -95
20 -92 -72
10 65 -100
16 -15 37
-14 76 25
-76 58 -95
90 -28 -18
-29 -96 -9
-21 23 -45
58 -32 -12
61 -73 -42
20 -53 53
-21 57 -24
-10 10 6
-7 -46 -97
0 64 -60
20 -12 -58
80 82 11
-31 -73 -65
35 -2 -89
-90 -63 -28
86 61 52
71 -73 -13
-70 17 -15
-8 93 -36
-17 -97 47
82 12 77
87 33 -60
88 65 -21
-81 98 -81
-29 -39 -28
50 23 -16
50 82 -5
74 10 94
30 -82 18
-90 -33 53
-47 47 -75
-45 82 -4
-35 -80 27
0 52 -84
-52 -28 -71
-33 -8 -28
-7 49 1
63 -15 13
24 -58 -18
39 79 19
48 -18 -60
80 90 8
-94 38 92
89 52 -62
5 78 -13
33 -99 7
-87 13 -83
-96 -12 98
93 -35 -66
-82 -91 -12
-4 -57 22
84 76 77
-33 -15 49
96 -51 12
17 36 94
-58 -56 91
84 34 3
-83 -91 -33
-86 38 -67
40 -40 -100
-91 13 -14
-72 69 -40
85 1 -9
98 9 -26
24 -53 -91
96 61 43
-47 71 43
-97 58 80
-45 40 -96
-1