624 7427 93
588 1374 8
1392 1965 44
69 2807 96
721 3580 1
2918 8986 9
26 2562 33
2354 2844 40
8426 9386 14
3458 9464 68
966 1355 16
1168 1635 80
746 8738 26
2112 2706 38
3893 6233 70
29 173 35
284 489 96
3422 9914 97
971 9789 47
1045 5995 9
9136 9878 82
964 8374 13
556 597 71
15 1304 4
16 1148 12
4196 9003 34
699 938 34
6585 8180 57
370 818 99
330 1454 13
488 4327 81
538 2867 55
4982 6837 34
5241 8455 47
32 2876 54
1995 5094 74
3689 4304 7
973 2679 59
884 1044 61
979 2105 44
274 2985 41
2748 5484 87
4441 7058 24
108 6925 89
1519 4383 37
3054 3138 57
162 898 5
274 1430 73
914 979 40
2713 4173 95
326 367 18
6255 7144 31
7459 9252 60
215 1941 42
4217 6032 10
4517 4941 19
929 4014 93
6159 9873 42
1867 2728 82
2086 3211 32
148 740 41
33 119 5
2678 3117 45
663 8404 50
1540 5133 2
5859 7075 93
975 2440 8
1060 1998 6
3255 5357 44
3824 6934 80
5224 5310 92
3078 5029 88
4043 4660 59
980 2002 43
3558 9213 46
1234 1453 36
269 4732 74
6955 9827 41
1519 4682 100
1520 2573 45
3935 6430 19
315 368 36
181 1530 29
1672 7608 86
3423 3782 37
6858 8914 24
12 2368 11
61 78 42
868 6184 17
3690 9236 96
333 646 83
395 1043 74
1227 5953 49
168 6205 58
2135 3645 86
2656 7631 16
225 1522 23
1471 1898 71
1133 1225 42
169 2086 83
-1