33 319 50
11 485 48
44 559 17
28 86 42
477 893 6
153 885 19
581 684 37
212 261 34
7 8 10
203 822 39
306 628 44
573 872 18
379 434 9
367 726 15
12 243 48
134 249 23
46 362 18
149 456 7
382 531 1
608 864 34
179 563 16
704 730 42
489 870 40
616 862 30
736 765 18
321 772 9
280 634 39
28 546 12
27 370 24
14 47 48
41 709 30
3 162 8
569 813 43
40 68 35
42 274 39
34 109 29
385 574 39
68 214 47
378 434 50
25 567 34
180 353 10
123 666 36
602 606 8
535 790 50
347 520 44
37 53 35
52 85 24
22 117 8
352 534 46
92 125 25
-1