2507 7264 39
288 625 29
775 7415 14
2082 2531 43
321 748 5
2347 4049 2
4355 9330 32
48 5229 40
41 134 13
4203 4880 23
3807 5147 43
3213 3632 15
1023 4254 1
461 7338 21
4141 5082 24
7156 9748 7
2563 2578 20
486 2374 10
2602 7962 5
1527 8784 22
413 8305 8
4035 4155 5
945 1771 41
3600 9203 31
5269 7854 25
5327 5837 9
214 8221 23
2421 3377 30
974 2505 30
1570 8124 5
9577 9963 43
2912 5435 21
5648 8553 25
2641 9519 23
5666 9893 23
7027 8514 15
4256 5950 1
157 525 25
704 1170 47
5447 7822 50
4354 7574 13
2039 2588 20
6285 6933 9
2375 5914 19
381 6525 37
4331 6174 35
6177 8175 43
818 2595 48
88 202 6
643 5369 11
3 5 22
704 4577 29
1174 9606 43
3838 9574 10
2888 4754 17
3093 4724 13
3920 7743 25
3 301 44
3444 9215 35
1472 4323 35
518 6622 14
175 686 32
2362 4192 16
4093 9266 20
1852 3334 6
1608 4227 2
1554 8403 41
3138 8514 43
621 877 27
169 342 4
4935 7204 10
3865 5902 31
47 991 50
2089 3085 38
326 3300 48
2518 8546 32
1298 3232 49
3125 8669 16
1151 1403 46
14 175 36
9179 9617 28
107 686 6
145 7402 1
3497 7533 28
580 1030 11
1082 3163 23
5578 7414 19
3478 5600 15
297 1942 42
3310 8829 43
8271 9393 17
214 223 32
1441 5365 38
606 840 45
4187 5466 21
756 2641 12
481 7790 34
5986 7671 26
2383 9975 12
195 410 49
5402 9891 46
5273 7268 19
857 3536 38
1218 6692 48
4201 5673 5
2574 3403 46
1096 3647 14
3977 9665 29
41 127 46
503 5840 22
3281 8295 29
1358 4176 8
1233 1487 50
4868 8509 34
4558 4803 44
3063 7854 40
2478 3224 23
6283 7761 10
522 9744 32
255 416 7
236 8298 26
5103 9334 38
1480 4924 12
302 686 12
4071 6083 41
4710 7826 43
191 351 7
6276 9458 9
789 3225 16
5681 8368 11
446 1337 33
266 6721 2
386 4392 34
8703 8752 9
1224 6814 31
1146 5674 31
167 3725 7
3681 6173 2
1834 2608 28
991 7581 1
1588 1699 50
6138 7918 4
1807 2923 29
1685 3470 1
113 525 12
1428 7391 8
5 1014 11
154 379 34
19 2805 2
43 961 13
4368 7815 11
654 1546 11
8515 8708 42
2144 3631 32
2429 3367 2
7495 9958 32
132 402 26
5 99 44
2451 3192 43
2566 4636 22
3287 6063 11
1093 2137 28
362 611 1
7238 7377 6
1267 4514 44
6421 8690 32
3879 6998 34
846 2119 7
2016 9602 39
833 1324 6
692 6205 14
948 9712 2
5056 5635 6
1332 1583 7
2436 2671 45
1254 3490 2
616 2098 2
5230 5948 44
1180 1772 22
12 124 45
325 660 17
4340 8498 29
5417 5477 48
1338 7927 9
1036 2955 2
43 833 21
2159 9212 40
397 1393 15
372 377 3
1245 2563 32
15 8877 49
225 1351 13
7415 7849 33
252 392 11
790 3916 20
498 2481 10
5331 9131 42
3098 8497 39
1488 4592 36
296 6323 35
225 1184 20
5990 7151 32
26 159 35
652 881 39
1976 9431 12
1884 5501 10
3741 8235 3
1916 3458 12
1029 1159 15
7051 8395 18
2169 6973 25
3625 3977 7
7346 9181 11
521 861 28
1814 2656 22
2662 8448 22
7154 8711 26
104 116 7
8420 9409 29
662 1286 46
204 640 12
726 2107 37
995 1141 17
4086 9339 23
3497 9710 46
111 149 30
5846 5995 10
509 8473 47
571 5851 4
1067 4965 39
6173 8947 35
6168 6837 42
692 3168 9
2778 4783 14
2957 4350 36
4413 8855 30
1388 3784 50
929 2014 36
4416 5319 12
846 5319 14
2245 3315 29
788 4549 30
204 1745 3
1218 1770 35
338 1192 11
431 521 24
1112 7058 28
3465 4091 32
2087 3232 45
397 4559 2
3879 5071 43
134 573 30
42 3488 23
1345 4835 23
623 1498 8
685 3823 28
977 3431 19
650 1257 45
77 8521 30
249 7505 34
3659 3784 19
1535 7944 32
1002 1656 48
552 8775 37
32 8137 27
3218 5411 2
804 3889 5
180 4972 31
277 893 23
1561 2682 33
1089 1242 33
231 346 9
1621 3758 12
918 1521 22
342 2607 39
5470 6903 27
1006 6558 18
3693 8095 17
4122 5233 20
3394 8562 40
2172 4431 22
3334 9003 38
1349 1470 26
1051 4829 3
4086 8256 16
83 530 5
268 2002 21
617 3822 4
2383 5915 10
1212 6396 43
4069 5630 43
820 833 18
675 780 35
1042 2656 40
334 3159 26
5282 9969 25
323 3796 41
4125 8596 14
137 2513 25
5699 6279 7
103 1694 7
3526 3818 4
77 1101 50
602 5297 30
2794 5568 47
2633 4792 7
2679 5776 5
769 1256 1
2191 3878 11
1695 1719 37
6201 8742 17
872 2123 25
6422 9803 45
1554 2191 40
109 6342 43
1967 7040 50
107 248 49
6214 8193 25
143 790 21
1579 6605 20
3921 6418 7
3394 8309 16
1969 2850 30
1695 7121 30
1361 3422 14
3307 9077 11
722 7208 8
2973 4809 15
2213 2967 29
514 3962 17
987 3655 41
1630 1696 29
440 5859 23
547 2646 11
1790 3304 16
601 726 39
577 6946 27
2068 2673 22
3934 8860 25
5402 5813 48
136 488 49
3605 5976 32
2184 7992 26
136 528 37
2909 4732 14
2131 7396 22
34 1582 9
874 2061 35
595 6273 40
1044 1575 47
4330 9310 47
658 3237 35
1030 3780 42
843 877 16
602 940 39
1159 5210 31
2387 2567 27
2382 3632 15
2286 2562 20
2798 8712 9
667 828 31
3359 3964 21
4542 7673 26
6269 7551 45
60 101 41
2526 5605 6
2295 4035 36
2263 8208 49
3978 5675 24
3592 6309 31
3725 4699 45
8914 8966 33
2069 2461 36
3086 9131 30
3923 8401 41
1535 3320 4
3851 6955 9
217 6257 25
870 6016 47
2054 2156 9
1348 1874 38
5148 5341 43
1638 4018 39
2966 8574 33
1498 3034 8
459 2507 34
6278 6517 29
1634 3042 17
1832 2270 26
7403 7496 30
2700 4063 24
4605 5350 46
1934 7675 31
3655 9426 28
5823 7391 28
953 4812 1
369 1563 19
2725 3887 31
497 1093 16
6673 7574 23
172 195 22
1859 9676 19
7242 7525 12
2070 3748 33
11 140 36
471 4199 42
223 1463 11
321 3834 38
5267 9327 35
1804 6015 28
223 8162 12
2205 2533 22
931 1331 18
926 8906 11
137 217 5
93 7424 20
251 3259 44
8165 9976 32
1110 1430 37
1451 1506 15
688 859 23
9503 9991 10
119 2629 1
134 2187 10
3507 8922 24
2966 5702 45
512 1491 29
4395 4623 16
2915 8894 50
4166 9598 36
896 4520 21
1157 2450 38
593 1299 30
800 9581 32
355 1266 8
1861 3365 41
3475 7069 40
5765 7877 9
1158 4755 33
3520 3664 33
95 2592 12
5402 8437 17
407 701 30
7163 7505 19
2172 3197 18
1438 2599 3
2723 3756 44
3345 9460 47
5361 6959 36
5148 5659 18
456 4453 25
471 595 50
2448 2630 7
850 7954 46
2660 6957 20
2057 2176 7
516 7875 1
1874 2045 24
2716 9419 18
2907 4464 50
2390 5012 50
3398 6823 11
293 434 14
1149 4715 21
4264 4898 4
1157 1201 50
4473 9545 21
1947 2898 49
738 1065 6
1310 8845 29
98 861 27
2092 2657 50
3384 7079 18
5173 9197 6
5449 6009 47
4386 6022 29
4327 9223 36
4865 8732 47
612 1027 39
3268 4304 16
278 687 42
4943 9229 20
292 1290 22
2571 3243 31
5333 6152 29
8697 9139 6
1928 9055 1
50 363 18
47 189 14
1087 5010 3
7404 9249 16
274 296 34
3195 8808 49
220 1637 22
918 1036 45
16 41 31
2216 9256 30
2107 4239 35
5914 7379 10
1739 4836 15
-1