7093 26905 10
9049 17868 91
24752 25493 97
13414 23458 48
3381 10304 99
13632 30171 93
14643 24559 60
8552 16262 16
8493 9439 19
5837 27562 58
10439 12724 75
4533 25346 78
24683 27498 48
720 30173 83
554 1782 28
12587 24258 90
17956 22155 92
28807 29359 43
570 5050 75
6414 8705 5
1534 4843 6
19697 31088 93
444 479 40
1247 13474 86
4036 30268 78
2399 15424 52
1174 29263 90
130 10130 45
10958 30090 54
7319 7692 69
6949 31593 7
3411 20316 53
11349 18114 94
3978 14537 76
18346 20653 1
5171 9484 69
26100 31106 88
1775 20463 49
13870 32681 69
19780 26953 29
2410 4899 76
854 27449 21
4332 28194 99
13915 26029 86
14834 31236 88
1225 5530 13
487 1414 77
7530 26728 86
2914 15385 59
8017 31874 35
9622 14225 71
6903 22036 65
7006 31922 27
10582 27474 87
9789 18494 99
2361 28122 42
4104 5519 18
6467 24348 1
841 2288 45
1148 7109 68
2001 14116 21
5405 11934 8
470 28897 26
19681 30053 100
1502 5161 99
270 641 81
1237 16074 73
11551 15527 22
6415 25702 36
6173 6605 66
1909 4051 29
600 1268 54
9333 19132 23
1123 5808 37
2153 6076 92
15285 22151 90
704 27253 93
20047 20336 93
13337 26188 39
17880 27667 49
4498 14288 75
4693 24492 66
12926 26106 40
3949 26261 62
7616 20423 40
2057 30170 87
28593 32730 21
359 4981 42
5098 25379 3
2659 6396 79
2163 4297 38
327 8419 18
3 194 6
19813 25253 1
435 7131 5
5200 23664 29
14436 19239 92
10289 26923 66
20456 26116 100
1426 22507 80
4481 25922 3
10444 22062 59
295 26373 27
172 4222 59
3348 8832 89
5198 25928 91
9713 15258 7
10588 29704 60
15913 17941 40
4570 18197 96
981 1249 86
9614 24764 54
18660 23945 43
4333 9318 22
17066 24844 4
21898 31481 12
162 640 80
7459 15808 73
12460 26953 74
18114 30060 46
2204 4046 15
7113 25370 15
1044 24817 5
435 10084 31
434 5562 45
11923 16343 74
17 496 18
3195 3444 88
2305 6545 41
147 14081 74
4647 4724 43
4079 4175 4
24128 27758 1
4322 19400 74
10692 12248 80
3620 11743 24
8600 9544 41
8557 21050 51
9009 31442 4
5952 24743 62
84 2620 24
14605 25666 32
3126 4315 54
19362 24922 53
206 29980 100
22127 22246 68
13265 32479 68
4042 7867 19
31682 32567 35
7166 11196 58
2101 6437 86
231 1974 82
10 105 5
11896 15021 85
22088 25728 98
601 959 31
657 11622 60
2950 4078 15
801 31927 63
7127 13674 97
13708 24898 54
9996 14906 61
7797 9265 78
8543 25420 77
12869 24132 31
267 1364 87
24483 26852 97
5056 8976 34
3558 4588 47
3609 23740 32
1215 2686 90
2908 8924 78
1100 10306 97
8384 21168 9
2225 3541 39
357 11494 34
1305 31328 52
876 1893 23
10157 10636 76
11620 16721 83
7622 9282 17
10342 27782 86
1732 30726 80
23905 25164 58
7884 19916 94
4555 8429 44
1813 6799 12
10727 28269 66
1892 29468 97
10757 24736 85
2055 14792 33
3313 9546 16
10686 14353 40
6886 17678 72
3868 3923 57
4663 12889 42
1285 4891 12
18808 20874 79
25210 25791 16
8922 23049 11
9166 23364 48
128 2056 3
2794 13238 83
6377 9504 90
132 1406 28
68 534 67
6200 21348 64
2890 9815 65
3215 7471 13
7545 18972 85
1013 24361 56
8068 13875 57
9988 17402 19
2752 28887 32
6618 17027 46
12719 16678 19
11165 17615 73
4794 6930 100
1021 5685 89
205 997 77
696 1588 84
37 935 36
5068 15035 84
11325 21003 49
20047 26581 10
4589 11701 95
11683 23538 75
6501 17135 65
6325 22346 81
7706 17187 57
1110 18947 69
8153 24769 56
1669 10279 51
21368 23380 75
10973 21392 77
5350 13803 97
26211 31561 40
732 9771 41
785 3362 50
9997 21670 82
11898 16735 63
13989 14146 34
3777 12753 7
6470 13530 51
9332 9398 92
12448 28005 9
2093 2356 94
216 1083 83
11899 26185 2
2883 12884 10
895 32394 43
7580 17568 26
3146 31240 71
1299 3770 91
13782 21801 31
17469 21670 36
2486 28263 49
5998 20072 1
442 9767 78
890 16005 5
2171 27434 64
6830 12501 31
47 4935 86
12265 26929 78
3706 21359 4
13530 25050 13
4311 23334 81
1656 1972 23
13155 22267 9
1864 13993 71
11521 15014 77
3471 25290 33
6231 32457 16
12420 27406 35
6417 18329 46
4310 22718 2
180 208 36
4063 23274 89
2628 12465 33
4982 12163 11
13993 26387 13
24631 29676 46
1397 3751 75
111 5398 66
9823 21998 60
13832 23440 71
8495 12969 88
5110 27154 61
9835 32159 72
466 1373 47
1161 7689 84
2002 12948 6
334 787 39
6579 13658 74
1987 3876 89
2858 18768 87
3227 27634 20
1834 10961 64
9298 20367 15
8900 12532 20
10726 23020 64
8554 28487 94
6009 12168 21
4653 8124 70
7069 8517 30
252 1466 100
133 23195 66
3587 8534 3
149 1694 8
21074 30236 79
1481 29075 34
6365 27383 72
2457 12293 71
17950 28944 59
345 5539 57
8594 15806 10
4430 5440 74
931 2019 27
9974 20692 25
5813 29512 80
21223 31573 71
1017 13517 68
1932 1969 90
1910 4243 8
4951 18268 73
8254 12136 61
7709 24624 95
9141 31511 41
12853 13449 86
10063 18800 89
15398 18916 7
8927 11298 60
2532 14708 88
2184 20413 78
2600 4961 86
6961 32372 54
5443 10411 92
1287 11133 56
3777 14574 68
26667 29211 68
6948 22649 15
5664 16309 51
9017 22640 63
113 655 40
20696 24055 47
765 16121 54
497 30358 76
24226 27408 60
3745 10068 22
20721 30058 44
156 321 79
24415 30015 94
162 353 34
9744 17136 85
10283 15158 8
4381 11771 39
8533 21599 15
8838 16825 93
6262 32006 16
3501 7294 66
2650 9228 22
3055 21745 32
3120 30524 100
12426 22455 7
6253 7914 49
2346 7107 22
5485 25031 67
3297 5609 19
5923 18642 63
1081 1167 79
11057 17578 71
2971 4740 75
1737 3257 17
11324 31852 78
555 17891 10
7995 26178 97
6153 16833 13
26646 30432 14
4251 10392 30
3334 11653 74
5680 28547 67
11828 18909 74
6049 27016 46
2878 6384 69
2323 23962 26
4285 6655 98
405 9392 26
17435 17476 51
2912 14962 72
4686 21252 81
5195 12347 60
14598 28540 100
24692 25938 52
26389 26763 84
6266 6319 48
23447 30251 81
4749 10152 35
9087 23312 63
16895 27221 29
7134 8468 74
19310 27027 6
6047 15656 99
731 29672 34
6157 11786 86
1137 11702 31
7009 13560 64
25817 28289 65
2398 10761 66
21994 24635 14
2781 13819 76
13646 14018 93
14306 31125 34
5633 17700 21
24011 28404 64
590 833 13
10500 11091 54
2683 4569 42
1815 10288 90
2462 17463 7
27215 28901 88
9329 32238 32
2888 3584 23
5984 6249 95
9204 23050 17
8390 22325 73
1159 9078 22
458 853 13
3320 11765 62
15989 25860 23
9267 22879 96
502 20640 56
26519 32492 68
3282 9926 85
911 1408 54
7710 20671 60
3282 21540 91
11106 14791 88
7452 13843 44
4474 23268 10
325 1500 42
2168 29244 61
3469 7555 19
5893 16427 86
1420 10168 50
23217 29585 88
4545 4711 30
792 7173 2
4817 7519 70
7173 21494 18
1096 24509 93
5431 11748 32
10748 13655 18
1752 5931 40
6871 24935 55
2191 10279 16
4253 26143 3
1931 3211 48
2253 10474 69
54 8263 40
1510 2445 50
5138 23639 40
3214 9829 22
804 3138 100
2340 12906 23
5273 20547 72
4142 4559 68
27559 31047 2
13816 30795 1
4428 9030 12
3334 4212 55
21062 26531 22
5676 21938 99
24989 25757 70
7404 21169 45
22581 30700 9
17732 29796 17
1592 14880 57
7526 9710 54
9796 21867 59
642 1036 39
2934 3529 91
3219 14044 24
1768 2510 21
21178 30481 65
25476 29313 95
11278 32752 82
2157 9741 16
1356 16819 81
8448 19501 78
4983 8223 66
14548 27804 17
136 30572 41
1336 1784 35
3795 5595 36
2226 26834 37
9195 25221 5
14138 27106 72
4785 6733 14
2427 8089 20
28845 29175 51
4768 20617 7
4624 6355 28
12319 17751 72
4342 6531 80
2080 22582 26
6735 32444 99
5437 9499 70
5 20 59
4710 19498 67
17141 24385 81
3560 9483 93
4190 6227 31
2906 23850 100
5088 10183 47
2401 5133 74
18466 32652 10
25462 28744 45
12945 24659 68
2939 11444 16
2872 16064 83
512 4339 98
6608 13389 100
8373 31084 75
2070 18954 84
10046 21057 6
1084 16249 35
848 1513 7
8135 23094 17
436 11131 92
6453 23346 47
558 2508 86
16044 31903 39
590 7145 2
24640 26600 32
19775 30871 62
9767 30024 37
3063 8671 20
8452 20187 11
3108 8914 92
11143 20286 51
19886 20743 47
10315 14361 90
14206 21630 72
6197 14124 89
2916 5104 57
1223 12469 41
5347 7354 39
5919 31807 59
17997 25815 94
598 15688 12
5877 10931 61
2089 21308 49
2064 2485 84
1926 5293 76
26907 27600 92
13412 14302 85
6455 8072 11
27444 32503 47
12675 22302 77
1807 2165 70
56 229 13
4994 5302 72
687 4600 20
8589 14267 48
12949 21438 76
9304 23147 30
12252 23035 54
11484 12537 62
13153 19055 8
20497 29768 29
42 24617 41
10400 19034 67
24972 25615 43
6700 28204 58
80 347 28
8029 24975 24
7925 14324 43
14256 21469 67
925 2028 3
27467 32419 9
4866 6279 99
3071 5511 79
3907 25250 94
5981 6431 23
2178 6474 12
1100 29813 13
18111 31967 22
15776 23393 45
17273 17446 90
1581 29710 63
8315 9225 8
14 57 50
1341 2553 81
174 2833 41
4471 9782 13
8545 9925 18
951 14943 30
3072 4372 55
2306 5659 69
7051 14477 55
239 3776 19
8029 9274 44
3482 24630 59
4491 15841 66
3674 5273 58
106 819 96
899 7482 88
12097 15474 62
354 783 72
792 6009 69
3804 19899 36
17469 31791 81
11486 18352 3
1260 11208 68
4230 27418 54
11663 20066 93
1725 22155 63
2675 2782 48
12890 31154 34
11714 13066 85
2377 2419 2
622 628 80
1737 2114 24
11081 30842 84
5032 6799 51
1187 1660 89
3086 18589 10
7974 12594 81
391 1574 15
27913 28827 3
623 11664 95
271 7165 24
6016 24488 52
1198 6121 1
11957 14867 39
3957 23115 64
25447 26111 9
1549 15591 78
17641 28084 6
2492 4304 98
11914 25366 67
740 1472 42
30543 31295 84
10034 20060 49
5948 8874 3
1402 1732 72
2117 11954 4
11392 21757 87
286 3152 84
3376 4897 65
9540 17247 4
3675 8530 83
7925 11463 27
7653 20963 53
578 29538 77
12258 19506 72
8473 14975 40
165 21293 69
1907 3909 95
8436 8829 29
19843 24937 71
4366 8632 37
13013 29937 8
1154 3904 49
518 25088 7
2610 3213 59
2435 6360 12
8610 13327 69
8532 20375 6
398 9470 12
388 3168 96
4507 19359 36
15230 31204 13
820 11498 58
5899 11665 36
9940 12962 19
2102 19917 45
3601 28977 22
13024 27650 37
10593 13031 73
13888 14705 63
6070 19572 63
6994 20224 23
21223 27825 77
5823 24442 65
8277 19985 7
578 10496 46
2004 31318 86
8687 9633 74
6438 16734 44
5896 9287 64
6603 10780 74
14177 27265 58
1652 4388 50
1729 5335 83
2305 27215 54
20724 28320 88
12097 17246 59
2880 15259 92
6323 17318 50
9185 15546 8
1033 2354 39
19573 26326 35
10817 32215 20
2205 7504 40
2505 7983 10
745 7112 96
2353 19064 14
24542 24944 36
9590 31176 43
8296 13730 45
3147 4633 59
661 4294 57
967 31249 27
2845 9644 25
3847 16286 62
5657 18147 5
8605 9912 65
1323 16564 73
8133 9697 10
3359 19404 16
1480 9541 99
3165 17850 93
7546 23431 89
1075 13254 21
1341 28565 1
878 2520 90
3287 10530 100
1704 4703 72
4 404 57
20513 30070 1
8983 25991 25
1736 3264 59
5965 31545 31
9112 16046 31
22530 23665 70
14354 22321 75
11428 29383 6
1463 3325 11
5368 6999 18
4718 27117 61
9846 29506 31
23159 29227 8
9335 16522 62
14507 31015 89
1525 25390 52
9921 25724 56
9778 10386 54
2693 31835 17
9876 20366 48
4484 9751 60
5388 5577 64
4928 20697 26
3216 22300 30
1738 17846 33
11377 11831 32
7232 17295 59
7739 12741 19
4750 9358 59
7533 27568 21
847 3607 66
1258 4199 60
7092 11649 9
4978 23083 75
4026 4864 95
4962 20685 59
742 10625 47
12178 16485 10
4258 25952 19
15157 16874 33
703 23879 75
1598 3766 70
19629 26522 98
11495 29781 41
4421 23604 37
8924 12339 4
1827 3435 55
4753 21253 19
14065 15495 41
5221 6660 28
1107 3386 96
44 77 12
2034 6336 4
6099 13574 12
776 3233 40
10114 13081 84
187 2643 50
3161 32164 56
1118 5174 24
2976 4202 59
1773 2449 15
14631 30193 98
19169 22174 87
14341 15631 89
23728 24274 94
5717 17930 72
3828 5844 1
4758 9125 28
2684 4326 49
3556 9898 40
4609 14773 70
143 10960 28
12443 31934 54
3424 29198 68
4496 20176 6
2210 22459 66
539 598 6
28146 30475 51
1934 7275 56
3902 6349 92
15720 29413 48
17106 27245 86
22138 31448 87
7752 13484 8
4818 11335 65
3842 4753 58
707 2809 95
5108 6518 57
3450 3498 86
345 2373 6
4982 5137 53
1031 2110 14
11069 12663 45
2079 12255 80
5053 5325 81
17976 22724 15
5323 6275 48
4825 12699 45
8111 21394 49
10786 20857 37
2449 12918 55
5849 12345 1
10918 31240 70
12367 20402 46
15847 28538 33
1941 30423 67
45 2022 69
342 15402 29
727 18216 49
14290 20235 5
7340 10495 91
711 1981 14
3805 24751 57
13107 21572 83
2545 14989 88
2058 11363 56
13903 18501 94
15200 24930 10
657 3004 99
7536 28266 94
1864 24018 62
14907 29843 80
6011 9593 73
3525 23031 72
23699 26842 31
8447 9583 57
8103 9596 7
4061 14527 55
19912 32171 41
2283 2391 8
9953 30867 65
25830 31745 59
6424 8136 86
4591 8714 39
10 49 27
8944 22214 56
16988 19860 4
7273 12936 11
3060 28470 88
853 1116 51
16473 24898 27
1048 5674 80
23896 27135 100
25293 30479 13
17416 29435 27
27169 30210 99
13485 13744 86
23601 27434 5
2760 10321 77
10725 30832 21
385 705 26
1083 6701 55
1862 7396 78
11928 18181 36
434 7878 60
1320 2639 20
8567 20562 47
537 1692 31
1237 6531 82
13077 13878 80
12115 17763 87
4800 7605 75
6787 10543 27
797 2293 90
7682 15988 86
22441 25875 43
20388 23047 84
15899 27205 10
6576 17187 38
2251 7833 4
1208 21782 81
17918 22279 87
7252 23356 32
9708 20066 26
2683 19011 23
7168 16890 66
3774 10980 28
16435 21022 38
16307 18843 86
8071 14521 75
23179 23555 20
14601 21172 49
5731 6111 90
913 2295 15
209 246 41
4948 27668 20
18170 19024 79
8972 25085 47
11670 23669 67
5811 10075 73
2117 13753 4
6872 11874 39
11880 15041 44
7994 9005 77
5260 31934 34
3605 8717 33
3187 18450 63
584 1615 10
11501 18787 57
6768 14440 7
546 4160 85
1772 6275 6
14071 32223 95
1644 7909 90
3703 5039 47
4466 7592 73
20618 26786 5
5450 18358 97
4192 7551 74
4850 20241 64
11850 18340 79
6215 8392 46
12595 18164 96
489 3877 60
5680 9967 6
6843 11008 99
2028 21538 8
5630 13111 74
12740 26223 81
18660 28088 4
1832 21981 89
8773 32679 30
24408 29432 32
35 636 99
289 15584 50
7223 12857 37
21237 32407 39
3448 13569 16
18 19003 52
11047 14004 6
17244 17437 62
322 29541 95
985 2305 71
20883 25022 34
1487 8681 51
2668 2733 79
6661 15666 22
11033 19958 52
5886 6133 93
23588 27515 13
11517 29670 58
6355 14163 94
7427 29988 9
28532 29455 32
6296 8379 5
22928 28860 60
992 16329 95
14268 29824 83
22038 29824 80
6300 20455 92
2823 9594 70
11434 32314 12
14437 22817 73
1751 11126 56
12299 32278 66
3283 6074 9
13457 16085 86
16125 18255 37
2467 11796 44
4667 29577 41
9601 9862 18
2338 19259 45
350 29709 88
1716 20854 76
3230 5504 37
5217 8129 62
27836 28044 67
2298 3351 7
20525 24157 27
6913 19780 71
-1