26917 27966 62
4049 6893 26
2428 21232 12
6697 24184 95
6985 29247 92
13192 28955 47
25217 29718 15
202 1295 100
2577 4045 81
1311 8208 100
1429 4991 77
24985 28215 28
7141 7488 100
11263 14838 84
26013 26182 30
14415 27559 53
13189 23891 20
1477 14438 6
2 4 93
21137 23346 85
22312 31456 35
4513 9359 72
7395 9767 98
8419 11282 12
1369 2527 64
4333 19623 43
5833 15759 59
7318 8051 84
8269 18592 56
3661 12950 17
1379 11882 18
1617 4162 73
710 7496 7
1893 8160 8
9545 23121 62
3697 20023 68
1454 2953 76
1857 2771 40
41 162 55
5050 22560 41
2353 7845 47
11490 14578 95
1532 11551 39
20 368 13
60 932 34
4792 19104 47
666 3271 94
10288 20231 99
14956 20436 94
2883 7184 100
4804 17652 28
2701 5954 18
2933 12162 91
2042 10091 42
6023 10421 62
8990 12613 26
7243 30966 21
14099 21571 6
18285 26733 17
4396 16263 16
3622 24499 88
9419 24631 24
379 6060 98
4873 24991 48
5626 17391 3
6965 19687 24
71 9549 51
5499 22862 12
7803 23120 37
31148 32539 86
2466 8656 73
5420 28364 79
2376 10217 49
9671 31534 95
17529 28665 12
4151 8278 49
2372 3700 39
10844 27327 41
1853 15273 51
4277 26871 41
4437 25808 74
14010 22426 21
17409 21243 79
3330 10901 17
7225 22460 60
12863 18404 79
809 15778 25
1442 1855 94
2250 3797 59
6021 10117 33
9377 11905 2
1269 13750 36
14989 20941 13
683 10970 16
5761 11147 19
3919 7481 7
6863 10733 38
368 5787 11
643 2013 85
7989 17556 85
6221 15309 60
1489 6409 47
1983 3097 3
5276 24683 14
9196 21841 56
607 8284 39
24678 26884 90
844 3266 54
27100 27622 80
19609 23147 16
1132 20579 25
21157 32208 87
1671 1790 49
1599 18845 88
13661 20498 73
7645 13317 95
15688 21192 34
761 6927 29
12936 19301 51
31311 32601 75
10261 22324 57
4979 10758 29
7435 11970 12
1831 24022 28
1697 3878 57
10801 23702 79
4704 14719 84
97 359 100
14243 23545 63
10118 17811 70
28880 31224 79
1649 2275 85
39 4406 45
3394 14263 25
4229 22516 4
153 14420 98
1043 5269 32
1520 13845 33
279 18745 43
12549 15500 44
5156 20020 9
23845 28093 34
1797 3181 4
14620 17898 95
16235 25877 71
1279 9392 83
665 1584 76
590 1640 31
881 989 55
16926 18950 53
2502 7286 92
19252 24296 45
3263 8651 100
4802 4957 58
10400 11305 57
8059 18368 77
729 3062 92
3336 21380 83
2521 29950 91
13677 16515 34
8313 10955 67
4115 30311 58
4295 6039 85
8586 21265 76
5460 16325 39
15833 20029 68
287 474 87
27599 30176 68
4702 5997 8
4079 7664 3
1954 26000 13
6254 22924 73
27097 27540 89
954 3276 32
2403 5441 92
2058 28061 47
10408 29135 91
27779 28523 12
17320 25421 31
1967 10391 10
3118 21043 44
2498 4576 55
13018 24398 92
6382 24391 36
52 594 31
16092 28450 16
3306 3501 47
13398 14156 5
14508 16501 43
180 442 70
18688 30083 59
46 227 62
8468 11035 97
4039 6576 34
3457 8370 98
18 1015 28
5067 12464 6
15148 25522 38
4520 27202 58
1911 3176 83
6061 21393 13
2330 3461 10
12834 14080 86
15305 16794 31
12729 32320 33
11278 13233 62
24255 29780 89
5094 5440 78
6710 25571 25
941 1127 12
8391 31075 18
17594 21866 19
692 10499 8
9406 17333 82
253 9829 16
3495 11725 1
6099 20609 31
2779 7405 58
966 24135 40
7170 9297 6
4669 10459 45
25890 27986 64
6132 13956 31
4832 23776 30
3918 13729 38
27918 29700 80
20920 31040 20
2444 12396 47
20154 20785 27
4643 4910 6
8868 21925 48
6103 25409 88
683 698 42
1413 3693 74
11948 23170 84
1389 1677 14
6883 17519 40
1499 29314 84
753 5921 52
11769 20781 73
12177 13833 91
691 4667 47
856 32360 61
16380 31673 82
19047 30595 1
5293 17566 100
3389 26674 90
11963 27601 75
752 10257 12
14063 20567 69
10052 19695 94
13050 15017 8
8868 17761 55
4816 12387 99
5585 6010 9
7472 25298 1
3561 26389 38
2540 7678 42
4235 10553 62
4686 8522 41
4527 4735 98
1825 3017 87
4239 27771 73
16702 21958 46
2574 8862 92
4204 32319 75
3857 4365 9
879 28222 48
18 88 19
1239 27993 73
14034 20254 59
4419 10682 38
4861 9977 34
5316 7039 76
15730 19540 20
6530 15963 23
1992 12524 91
776 3506 75
10289 32558 27
4799 11948 50
14182 26808 17
2554 4343 94
5906 11420 47
14772 23082 42
2195 6717 9
14601 30982 53
7835 23516 52
4239 5392 92
4091 8239 44
677 1075 26
2780 23703 72
7244 21351 88
21440 27090 94
818 4252 42
2274 15163 13
9616 13134 73
12129 29942 86
3383 3731 88
11945 16282 32
9591 29318 3
17668 30773 65
1136 23629 47
9337 20931 80
3577 6976 36
12439 14700 5
12679 30412 53
13614 24864 35
11460 29738 43
3646 19574 99
4579 11273 60
8913 10705 100
11127 32694 71
2893 13871 23
2422 14950 71
12892 29767 74
4260 5805 76
11629 12200 58
443 2386 52
10844 11043 40
9685 27124 37
778 1447 36
9089 26429 65
18056 25423 74
29178 30621 2
9091 20578 12
1681 30910 11
8408 12894 100
13692 16176 41
4207 32635 17
8727 17666 19
24190 28449 65
886 16698 14
3024 30269 23
2507 2935 68
886 14473 77
2825 5655 76
8850 13336 45
3826 20153 28
1504 24260 14
4417 10236 5
3068 17754 25
9833 16572 83
1772 2706 40
1172 23623 65
16952 30767 69
2098 31802 36
619 16103 91
3151 14346 14
575 4571 3
6657 14175 62
3980 4294 49
16922 19412 62
38 53 27
1271 23475 90
135 12636 1
26136 29378 2
14056 17254 24
4190 12103 46
8721 9819 94
7645 12485 39
137 3043 45
30350 31523 34
7974 19609 64
7087 15413 22
3339 18600 49
1841 23278 45
209 232 36
4478 32406 60
410 8630 37
6093 8670 42
57 2871 77
6244 6314 13
3947 6862 20
129 226 83
4967 10217 30
2347 13751 52
5749 23150 64
12338 23053 87
2941 19317 58
4874 14872 33
13104 20748 59
21551 27974 32
24156 31806 8
5025 6409 7
5941 15505 29
17667 18989 27
16794 24244 55
3615 23982 9
13583 17432 57
9580 13136 6
2205 20395 75
4435 13157 46
7480 10216 57
4568 24206 58
7505 10490 21
16695 31054 2
3076 16814 18
3138 16074 61
1194 3159 64
9366 11543 71
3596 20734 91
13850 17108 35
14104 20594 48
12200 14603 72
11405 20492 49
13679 13715 46
670 27727 52
1063 29021 33
613 19622 47
963 11127 46
26375 31976 71
6885 19633 8
54 373 95
1481 10526 85
10118 16642 35
864 9195 35
473 11124 17
2949 28484 58
8647 10063 17
57 1339 14
2804 22448 83
4497 6128 1
11094 19141 83
22756 26216 22
5425 9536 77
27350 28891 47
23063 31037 72
16873 16988 98
3100 14215 55
6080 16164 50
3430 8271 92
15419 28144 17
8144 21673 79
15485 22577 7
12873 15468 96
3212 12281 93
15493 27722 59
4885 15336 66
2125 9788 37
22713 26770 31
87 654 91
4280 7183 35
9100 23097 2
4132 21419 19
13419 15180 23
22663 31999 59
3608 5771 79
7762 13010 94
362 404 100
12337 23439 32
4737 27430 39
17351 27200 9
1113 1892 59
391 1087 81
1348 6178 83
12577 23846 51
5434 6565 27
102 1955 52
5175 22106 93
205 5432 62
1027 1131 95
21493 30738 18
16547 26183 82
84 378 55
382 877 82
14412 23696 18
108 286 91
18566 22602 52
19986 31426 83
374 1272 84
1503 2087 44
24698 26798 90
13466 29661 31
1173 11117 32
1872 3679 99
24389 26335 87
3094 6859 6
3361 3841 100
521 6225 72
5 21 20
12428 14251 53
6004 29606 57
2945 11825 50
11973 16788 26
8867 24685 89
4031 13141 75
1308 7226 93
5989 7926 70
5746 24270 92
5607 19581 83
30677 32072 100
1866 9146 43
556 1682 31
603 6574 87
19304 27576 77
3992 7181 32
8702 30724 4
1283 7814 23
16142 29823 15
5900 16599 34
2273 2731 64
477 5595 88
2406 10377 91
10431 13065 7
1863 23629 41
8518 11561 13
20371 26707 46
20849 21029 95
7528 16425 24
4251 6461 1
17682 17867 11
926 14861 2
2523 2671 85
26315 28706 5
2558 6247 48
3761 29712 66
3380 29699 60
14095 29771 59
7857 8068 26
1049 10033 35
506 4723 59
10735 15618 14
16125 20224 17
17640 21434 32
6218 8245 62
7615 26640 55
5481 8730 17
16282 26113 76
2399 4388 52
11655 16557 75
4172 4232 22
3990 11384 22
1037 12093 99
221 1961 6
276 473 49
29056 31995 61
2475 15253 18
8679 18651 16
1238 23309 72
1827 5461 67
1520 20382 38
13513 27082 34
161 626 74
171 786 15
27669 31386 100
22636 23962 72
29936 30145 11
2496 7820 64
4277 22366 9
8377 10808 84
4195 20088 83
1205 25904 52
1116 5708 46
1781 10953 78
4384 20601 9
3013 16144 86
5409 14218 9
5828 15183 62
19156 24292 30
23450 31661 76
15884 29063 99
7011 14748 86
16633 29488 74
2453 4613 72
18340 32687 64
1495 1915 13
3695 29328 18
7860 28635 56
20638 21869 100
7966 31260 39
13600 32132 43
1224 25670 31
1797 29025 24
6791 25281 47
1711 5565 39
10600 29052 51
18887 19683 69
3564 7334 17
667 13878 85
1759 4576 60
7626 9143 19
18293 19509 84
3918 14735 90
7695 15432 19
3105 4112 37
11586 15210 7
10412 10924 78
7878 13203 99
9083 14026 39
22057 32643 34
21164 23438 36
19111 28011 35
20897 32740 81
10846 21483 28
14744 24177 41
6127 7254 40
524 5947 18
19883 22120 63
15638 15653 82
3923 10498 12
9466 12685 51
2594 4228 76
1241 2737 36
3092 9937 16
3368 20908 77
13186 31288 67
8931 11045 36
3153 4003 58
1334 2561 97
8049 25055 29
3063 28095 28
5182 21219 31
10219 30276 59
1187 25945 65
2575 21825 97
314 980 83
22314 27001 81
16970 26749 21
10649 10897 5
3300 13084 37
1251 3118 37
1764 13508 2
3482 13713 43
8235 16273 41
22368 26354 36
588 11827 5
138 14400 65
4544 10818 23
4637 5400 38
11603 18825 54
202 2065 90
12432 14792 42
917 7085 6
10371 12201 13
22314 24971 68
24042 30927 21
5784 8374 2
6448 14921 32
18285 21025 87
22860 23519 73
25147 32430 19
4494 13788 92
7013 21587 3
4940 6766 56
16463 28735 13
2819 5308 16
30921 31237 43
241 1835 81
11766 20543 26
2826 32667 75
8287 16671 43
11394 29571 100
5007 10732 3
27380 28459 9
6295 28261 55
4555 27256 43
3449 5483 99
1416 15115 44
163 2711 65
5966 20130 16
5074 7294 79
8053 18933 95
1254 24012 40
1206 10117 69
7497 9093 94
624 20261 35
860 1291 57
8747 10773 83
4268 4791 59
13322 16652 92
3274 32298 71
5426 18567 16
2318 15265 72
3650 30005 14
8453 17899 14
18584 21850 51
3402 14046 76
1437 3446 1
16356 25684 27
1082 1444 99
3015 13848 87
7114 8795 14
64 846 50
8457 24224 26
1068 1598 16
19402 22223 44
25049 27521 93
8539 23159 67
15548 15878 72
6959 16652 6
120 878 29
7593 20559 56
4624 21669 50
3597 21700 74
521 11469 61
4056 27537 78
136 7373 79
1579 14991 17
586 7208 73
4633 15998 73
6427 24551 18
3379 16535 8
326 1720 24
1302 15348 25
4242 5522 55
8355 20610 35
16244 17023 4
1148 9341 1
15458 29531 64
4314 5792 64
13112 13478 71
1759 12952 80
12146 20669 77
5242 18005 83
2725 10776 96
3583 4683 21
3385 7003 9
2527 10184 7
22554 30302 7
23749 28648 100
2191 22395 56
16866 23244 43
22195 29884 24
1368 10782 46
21667 26822 70
4480 31502 90
7794 18317 37
26214 29508 68
2782 7997 24
3352 4480 1
2120 29147 15
9516 28129 67
11969 17535 70
29731 32516 88
4081 10050 5
4065 4222 30
7997 9529 1
1695 19548 22
27998 28166 95
10353 23727 61
2516 21229 74
2872 2897 92
9563 28530 54
8569 13663 49
3026 6630 7
12065 13602 79
2860 4722 20
14675 24667 96
6758 26490 93
5357 12847 45
5760 15475 2
6047 32545 43
2779 7298 14
1472 30437 35
19736 21626 88
924 2794 90
1397 2071 12
653 25068 53
17602 25731 41
423 8181 27
1644 1678 57
8928 18319 85
13238 29980 30
4236 9237 9
100 181 17
8808 22123 79
19309 32577 36
4107 5245 74
12220 18254 77
5742 16730 69
1405 4217 10
1686 1738 91
1669 1739 18
664 23201 19
15591 32048 44
7511 10577 56
18366 20299 22
2894 3161 73
1909 15703 37
5638 20138 100
485 27861 65
8362 23067 80
11968 20281 43
13141 20604 54
227 3027 78
16398 22511 58
8169 15520 36
9423 21898 68
25640 26065 96
15278 17013 53
326 7720 71
11556 18173 95
16355 29302 71
421 9300 66
3826 14562 72
71 243 16
14139 22722 80
1995 13538 15
4301 4652 56
361 2633 94
420 7305 12
10824 23573 34
4284 5583 17
8814 24484 52
7089 17455 55
418 1961 23
8131 10841 69
6411 7621 100
15885 29349 97
8403 15762 20
10520 20412 73
2218 5902 80
4945 12707 100
3373 6052 14
4214 9256 48
6726 8271 8
26249 26662 82
3330 5248 83
11032 27429 52
2758 8405 25
12745 14636 89
4059 27073 55
3969 29427 85
2415 12724 69
13064 18095 26
9380 17255 100
2963 29734 64
4492 22611 39
1741 5342 26
7050 7299 66
7659 18300 97
7918 10297 72
1785 2466 38
834 7460 34
620 3585 56
12132 22550 75
14160 17488 98
6304 10624 25
6808 10085 45
342 5653 69
13295 18858 77
1216 3686 43
2200 4764 55
7713 10080 56
7761 16412 59
23830 30435 60
3458 5303 63
105 7922 37
5901 14388 52
3286 5938 76
12514 16897 33
2936 14244 12
1983 15713 43
7605 14569 39
6314 17757 25
4190 7538 24
468 10991 45
3414 5217 39
360 479 42
8720 12813 30
222 322 40
9022 9061 85
862 27304 83
2573 6310 18
10913 14161 82
479 22815 48
7127 11526 76
4684 5368 28
4797 17510 71
2457 27454 60
722 2251 16
1643 2455 36
18743 24084 34
5707 6252 23
12065 29421 19
5011 8567 85
9101 9848 18
365 6126 74
16398 24158 54
11612 28863 54
2171 18099 16
2032 7836 63
509 18221 77
1117 6351 13
3806 12710 91
7152 9476 60
976 23518 65
12580 15246 64
2388 2800 89
20327 23257 63
11063 24837 46
1879 18937 18
21023 28196 89
26933 29601 36
3051 11049 27
23899 31208 56
4555 4687 5
1964 14494 86
11048 19159 63
8348 28450 15
300 1449 49
1004 3068 74
4362 18180 78
11604 25508 60
6082 32153 43
12984 18748 72
143 423 13
8050 23341 25
9338 30447 100
11490 12000 28
2043 8855 15
1569 11789 30
1945 8796 3
14843 15703 65
5601 9377 29
5657 30510 53
14923 22837 85
11605 14122 20
12683 24813 96
1546 12642 42
4372 5736 46
6416 11879 11
4063 13458 56
3053 4078 26
5980 12222 22
4099 19278 59
2371 7286 67
13428 24151 32
6390 19282 2
582 14394 46
16235 25451 14
5068 29548 77
2040 19793 20
11713 24273 89
8839 16007 56
896 916 89
5137 14835 40
13749 25198 94
13692 29636 85
9677 24152 75
6079 18361 14
164 974 34
5523 26327 29
14027 25395 54
5005 7656 73
15292 23034 66
4743 10324 69
2799 14744 55
15567 31556 52
11 3188 65
22129 25346 37
4079 6212 29
11757 16657 34
4793 31396 20
7923 17276 28
5666 10182 54
2164 7751 34
10767 31876 9
1941 13832 96
9790 19531 44
7486 22292 98
3919 10378 29
1466 5819 65
2390 25261 25
18508 25750 93
17766 19157 43
9469 12237 28
14066 15550 56
7419 26841 67
25288 31131 89
3906 8761 63
12671 26833 64
10390 13070 11
15822 29394 83
710 5273 36
2572 4234 32
7331 20493 49
6460 12061 9
5158 17471 58
27017 31463 51
18025 25357 41
8268 22009 84
9862 21655 98
15669 32141 53
1542 17058 80
21098 32551 22
15396 30907 26
23990 26967 3
2036 5622 42
810 27995 15
17327 21335 34
9138 15899 12
2915 28235 84
10893 11814 59
4655 10431 61
687 12735 40
5218 6320 88
372 19233 78
2819 16206 99
17964 22140 12
-1