728460259366196 3241 6048
6844 6765280951163080 7951
1296 3472263723774336 7007070417316984
1539713558115722 3332 1096
6469479893504886 5593 927
6314 6206 5485200246407792
9974 1234306496337494 404596444418126
8256887471559398 5566124235241414 3004191710919138
2500532986874780 7781 8339441383419744
6611864830283842 7943 1194
2854 6762 4316
4368923247374464 5488825215491244 2364
3749 7143 126217623442820
592 8279 8608498039515540
5263969129316506 2421 2531
6517984229515316 7609732626299646 200
7639962850943220 130780369342636 8478627657101400
6046379466122280 4359478932623836 8353
5539792868494404 3302939600434090 6398182863494666
1893306803105916 523 3501
389 1838 4865468648669924
3440046707191486 8277 6075175790878694
2720 7751 4657393560307660
9499 5480771925459144 8397
5737298810228476 6778863655804556 4152
2393497572915774 5560606308809674 7532
7707013177182198 788 8937976179373456
5823528687568130 1294 5177
10008 5535376485986286 8275
7374245415725246 2054178878993328 2840586131800910
8017769414269306 2648973429706330 7367604445577414
4620645391278524 7212 8950
3026 6528812655493750 7642711786552904
7188 3848224214020316 2156833007358074
4320 7060510185358864 6320163541198856
1578 8515380681816242 7508
6041 4746944612696726 3270502271303696
2748305288499162 427 4639653148719492
5662 2917 51779219526178
6457 555171210458658 5506
4843 4508133295117454 7466010538048038
1835251424911720 3343968417298928 3572
3561 1772 4903481644622704
286210468019950 5251 6090874018649194
6469441921882578 7305 4648
5958 8400 9623
3509574673464314 6393586662428738 1961019654517254
3428 5321313984689180 7065
8822 4501 1931
5126246468822040 4741454837103890 9515
8563464183919252 3155677245203880 4408274163065128
2773133372453570 6743120397168496 1980293728902434
7304 2314875258973214 2128704723568284
2101 1393 7998924587302574
9006 405 2175392939662770
999 5967679518640328 1151454293879334
4026 9806 7368991616456588
2151 5799685077319242 4769385222358524
5033337004187632 3072210365889838 2878
2933224108189028 1192 1402953121519350
7003296482564774 1864517605232356 1257
3100 8872943941568608 50927953790474
5894691489858652 8468 8629
384 5101941201396042 2857776188208590
5793422694014248 8193 143766599875220
8834521133340144 7295 5246088380818188
4930 1530693598994852 8359
4325562855760390 6405971506765446 4742771570690562
4944 8651 7561121252715476
7484 7411903445433854 7634287722937682
8221834571491932 5115029906417026 1334
2751839382586600 288 5810970506976844
7774 5677774657371202 7862811453450582
4113 4397 1216334919964012
6027 5363463676269756 1226
190 5278382306256904 6875601164935182
6084 2254699070517340 7170
6470678373042954 8364 5526
4725 6405063423738750 5521334363958802
6070278422575792 9415 2173952424242106
1804837103207172 6649 720
6213 3609837190073978 9429
9560 3800 6484
3425 7826 3210669660189748
148 1348 7967
3961892835158982 5644 3027477690415108
144193418795008 1149062956468836 2653077330029046
2698717895677788 4950259738220938 3788
8683604926364800 74623505627804 1367518213423890
2651588595143034 4108 730639222566074
6227426153961652 3506 7639
3440 4844458208091466 5805
3320293372394604 8576 7800
2422946098271582 4180127278761912 7134
1087753106400814 5194 338
2602 8504 1376335409070938
8695 922299797873336 968873313298992
7281 5608964200285104 8641
6587288693298914 3364 4624
2619392574321374 9971 1402
2316 3733650396135304 8829344735575056
8521 6316 1240
4836 4123493991461548 1984
7265699586266910 8462560247544146 3324564384234284
4453929156713442 745 2813821706104894
5306 5356 6095843024432592
8930778832141584 5344083604248260 7809771656635414
2435 9267 5293290054832282
828 237 6578
7199343456175244 370636432593640 5422583127156534
7075 9147 6480
525 8909633817657622 3593694887616494
1413 7778857450834666 5486
2735 1354616832021112 7980
3614 2719 7532
8753 2258 3831
81647053302834 5319 2235625681052952
5934 3099 7241391632437798
4531 496217155883308 8927060992973172
8379031503985870 5286903318782856 2806622492984006
5147113925815368 7255561654061904 7411
1994366341103248 4789 7140398444412962
3575936765551368 296362505844120 712874990272486
4305 972 4795661509707200
2404 3077876033971782 2139
9531 6864154944983726 3586
1758375941643030 2422 2339
6590 2732 137091121117124
5142 3978 3071713237745076
4535 5236118591686804 2326
6190 2818 5373
2597 46489765811214 8627
8432 5709543592742114 31987798793162
1373621139053894 8456 8410
4816794726583200 3352138590491938 7723
988 3414 2655
737481143671976 8615261284724102 3735181601105800
4777613470091944 4238128739765720 2093
7606 8614569454194964 3525
2764 1238 4894
768 4039 807
2857884270180122 5170 1345
4842 2683 662409796635604
8876 7859 561
5548182349556340 3069441653151090 8311426233554086
6788670249397328 4355436831385434 8642
4314047813694598 1269111058236466 275203962114834
7938700825739890 161 2887
7100364116180790 488106988806654 4656
3261 2034157963244890 1894
4554 1535282633703412 9719
7884852309405638 4316810312175166 2468365070659206
2182212311422636 8820 1836
7460494717620730 9311 5243
4279900212129950 4422 7006678140359810
3988468188188890 4262592131037498 4295921940529786
6013818098471762 10042 5706
2007607739777862 7854254503653056 57406553588322
2865273681791504 4926 4128594496988218
3218 5666 174
6704122464638202 9108 1283
9461 5815 178
2560854794139550 10053 3305
4935 3532440960605870 8649
5724 2074 5313968371179204
2735 2494 7449
7207114436596816 8955 2211
1834 1921792003617328 6885
5916 7380357031529560 6015
919001805256638 2554173630712188 1299
8912963119112724 347302559829080 7374
7634 3432 2320502191414394
4665339886353108 3517059421385906 7802
2498917523077488 3531 2852434209502694
5100 2326 839
7498 2385480126068846 2640
4368 8671446137998390 7901918593389598
5041 4750 2051760177949706
4240447865894114 4957183408512724 5403277821114208
2307 2806 4882
781087801490666 5666209726345322 5139
5379 7143756585718754 7215686723398976
2632145448653320 9709 7469
7408598889492240 3824069788711352 1433784992403820
3767 9451 7491
9998 3913114166264824 7849903378939074
4634 1133 5803
227667907531880 5733 150605228756324
929354874638908 5356380961743076 1895
8662102495624744 6141760584556820 1576
5699351446181632 6615878550976758 8231489314258508
2804 4414 5746
7651282932092338 8266 6418881465099474
1209612411172604 4616 5685604320405244
1180 5962972504744682 4061
5362774017331978 8346 31496260558688
8063915247992664 1203391405909256 116
6284718675626300 5350806128778390 2725610242181416
2483 5325 6769459530233532
1200711513491430 7367 9533
8511 3990725518531968 3822
2128092929761270 74002046858590 7144968798877802
9312 802 652
8434 9121 7534286166748450
7240884391707946 4961 8984
1563 5724379062571474 2594917448692918
10078 8162343633460926 5702
7822 6068015808201168 1276862527404960
359602397066102 1067614081767042 3404164814497458
1760009894823802 474 543
1688595891997276 3856 6011
3614 2076376766524178 869376948065962
1604 2317181699909368 4227626385987688
5412 3220 8224375050031578
7559 7370 7217105863065826
3034649663539634 9882 4466048260177424
6521465352441962 5950 4728177108821700
3929860095649588 4049658727723854 8990
1437536254407904 6991012266604696 2787
7513387398443652 3358165516119426 8658292549435378
2568862060655518 5914442805574754 9734
3752610257442026 5216847603998654 3329
4049 5360 1453
9543 6802283022948550 3838282228512046
1809735479601912 5883 2059077409375870
7972825404117242 1140 8799350055121240
8870251798800772 6162 2220
4184 2479 2947
5757 4706231315365812 5313713797588738
4230 1758026727842466 2460
935 4369216373692506 2724
8220066497788964 5494533112979024 9278
8172 6555885926649020 770570672223708
6537504231226402 8044 10045
2139011910122112 8962 4183
956 10056 4953660857869104
139988083068892 5339 7108244003855274
8538197968372688 1106590163460600 6309
5912 5725 5313
2660 7660149580208602 9779
9864 4865546403120182 1154971662410096
2351324860501374 6244722686363852 215190750592466
5703 7682823681183742 2600093952247818
4068633920898226 7798 2293492348426934
4954 589 98753731192060
5532667040176790 8276550641348726 3543428482970998
2247986017985488 3712 7536781475306678
5442 6299 1370
3913 3111225483226536 7213080501735056
827 7842971794685138 8674123348308100
2205 4228650490858230 8075
3443 8609 2491493925661894
2656211107862484 4628098722496818 2050
2865 2815797999099178 7102
3465888937949134 1866296196053522 7510222583574054
3263 7407508803335852 5129
5293679665541590 3744150094470174 7067328620087024
3428917967945690 2834 5144
7210 10049 3212
2529895162320764 2336014258604740 1464
9407 2754 3153
5984 2371 7348153976656944
1957 161 5997734202518406
2313040008096638 7815848513562044 9084
4874003158829460 2149426103656602 1198
6596 8167546109285036 2085
7884 8851945102976492 2744156810910752
356 6244 3654
8931 1360 1312
2351842700097216 6313735852537104 3410
8706 5795 4528477261085194
1061 2281 10094
1504482287701794 1403 3863864395863556
2165170242657740 6348352405822552 1426840890931000
733 5199 6886154034982996
2614 5295622718195454 6767
5770366833064736 2368 3993
1003550947944810 4753327626636830 3128
6603 8766423200567984 7990544421295228
4504 3950 8499706470881608
8316 8799 113
7356 82563652822212 4141
6046516025280370 7377974317365788 3550
3524 8194 3367883303627700
6114 922228832764810 4989
1039798589837200 5782637468875744 8141081644653312
3377114194083228 1141423690395678 3140
9199 6424 5734
1719 2320 6481
3952199425050536 77112805181948 6239913616906862
5633 4802491160586998 1824089011639410
7925433607414084 3111579483999170 8397691450967614
6821 6174 2448
5651519823377854 8236 784
2354050893004668 2523540640145384 5375902721067790
5908 8723 8464
8584 7788 2692
7665149013511026 2240 519
6021975805180116 925 7070319724603292
3560 2167 4707568805289600
7465 7937386799008356 6883
3626 1786542024232410 4481
8998076740981244 9007 1646213688097336
282847004466896 643 4453598589593776
9288 591 573462557292142
9763 2039896477457318 8855104054801502
8260059179967406 4323 7463
3769 3806 8825
2474825608748408 2819435503762120 537338279970732
6977229304138362 5312 7899
353 4040 7293576507348482
8757 8328119761225392 8926
7977125792136120 978 2719
9359 763387100461946 2795
3720 8223 6164
1113 6606 2374408595506166
2702152899595534 62020132458044 1537477253152316
777107659567108 6149 7375974717579746
2340154099408134 9638 7811337862793406
2092 2183163894314766 263600718246160
708 877 409660931047146
249 5296 1371
3861 2595866093582228 6742
8004942907590496 3375 3139
7400 2340996517262722 8426
4146432946599972 5079369092015564 1880875356137166
633 111 3692847143096964
5499564628246536 7845419344309702 7141
9043 6074069734927894 8891
9541 1968654777165724 2794214254349540
8208 950508641443570 5533
737890068586282 1734274334701312 8360
3737644796751674 7322 3871944225730516
6128025317038524 8904 5442
9465 6029 294607310730054
7247998465262026 8388171259774266 1116318227865098
1040 1347 8163807299833022
4637079985357724 2090 801
5756351418558136 8467 5511
5179174499761814 8803 8188
4748 7976580153341356 7215768829714308
5090 2531938242478628 5370
2300 8016671597212034 6016
2376641051838360 5525265424825400 8109567922394458
6574 4327066435832790 7259
2944492480394712 3052090462387006 8893099025469682
1481038430365056 8172141937405512 5140087057970260
3926158404062548 1479504202441586 2934653784087244
1606 4642 3764600768632912
2408831406530022 9607 4914266310043784
3121 4108349374380940 3454835635355632
6623 2238 4141
771721474420196 640948305217326 695
575 7772394062748984 3588
5605 3537 9463
4344986736461480 9164 2557
5813340096536666 9982 4941
7503662446224276 8425 4172210225065496
6201 2951 1596008589727590
5405456207129980 1621 7870
7857614139778284 3356711232836140 4627
4500954304907514 4006789413247700 4103
3679568313633758 2016696099329848 8410405013097760
2670210496943670 2449292445658564 7846659870740446
8028131418690180 3800 8737
9580 5709435436409524 2229
8804 5071766070158620 5748878761229016
9964 8439165722583312 4536042090398964
8240 1904 7154
5698 6461379488491674 4034360366602166
2700451189236650 1469233793278056 7111
2711 3377637562938454 4221018436979846
3816 5978736358720722 3781431043348216
8067696078839046 5110 704
2196 6087 6176
3473203592702320 6784 8293
8866 60704394461976 7151731374667476
7926309829323338 336161854986818 8707812588865744
5322 2991043581596514 528
206096132892384 906020234428178 7028
2085 3698741988733592 7323009265968816
3132 3147023467030662 2383325982803032
5115 9045 3100357897015860
6882797260473850 7237589293632624 7433
2053600024712948 1521347726595594 5155405463179930
1535935175765412 6110 5441268187906374
8506 7200623386726524 8769
6611 4016 310
8791981330975086 3904 2967838654208980
8407110840438776 2242650240957562 4349
4422525080029316 3177 4258455958497156
8166 2427 303
1992629532456762 7398479215876760 6164
634 2986 5132406059881408
6719 3921184974722784 4761953868202050
7426483495467936 2849068641850234 6959
5041 9387 8570499133914548
4163 4707383480173806 2279
6743361065974616 6140 4416
1654567065316490 5076145918862046 8022
2230224303256494 5501147640122686 3719502339645330
2840850203685474 3247 1167
9730 3265434723156368 1938
2819 6815452213778666 6968
8726 6817497426472062 6411408310252302
1510189531417186 8000 3904
1526742454883480 206377426357994 2663421311961382
1893386222916454 2290130339948416 8115206605548908
5656 7034349399305742 7725067265992994
6155462835359854 3710846049620920 4508
853692241307532 3881 4925897558762440
3080182863881422 5607561757114446 5628
4737 705478342350432 1266
7177 833 3302
6315295399453122 4565193928672264 343
9678 4350710399550962 9800
8323245038957860 4771119001275866 3165865832121164
5478 8486816184508704 4673544233794144
6922 1522 4572713734806282
3571 3620331516963574 5284
6221 546490406128916 3989
1151354706929846 8632213921655170 6188342708794058
3366195987589134 1501659445207514 8795363682659798
7019909520746628 2906445694211966 3801
943 9281 1701606303894998
8468 7728 585153879276528
5539 3674 7933
2044 4329 6747
7902 9801 8353735316728444
3864 6040367158395164 2473
6043 4538 5619653063966880
5455639472403878 335 2511
7943977098307332 8302 4203
2363683544974408 8194 7666204081027304
6654 1562 5367
8425264642333804 1844353080674784 4018
7350289019328298 9932 2312
6179 6718841825830242 6878646778882010
7334105061268644 2357581498659448 2154724117191990
6026628487426098 2501 6721843118750438
4351 4579 1951630560107486
8818193201790546 2538 9179
4828600971033292 5855 5304773102232640
7820 1311 2819034735556692
2720 5656 1046031400301982
6802 2993324562660064 6003
9658 3050761361638868 8442999248211438
5647 385903488728304 7084196140342764
4366 4113 1324182637016486
5979734132492884 5028848960164674 6850872272236754
1785 2272 2992
7293 2588 2278671442459624
2320 3905 9711
1654 8875943504582466 228886656865882
6371 3402 2416
8936998318792198 5128 6353173126613708
9986 5622 7802917059453370
139 9732 5372
2826734857271676 9859 7356313746192576
8200571558507372 6678 3215306485961462
2384653619596954 7024 9903
3187954302368024 370 5558904854659312
2306893617257052 3200 599
5927088698139392 6617612767006380 1320
8000 5731760371224014 248
7884506435092858 2767 4972151517132338
8859 102171106065642 6909191833689032
3912089646138072 7231 2125857480933884
2777 6226397620532470 3450
6425680469428682 8109144385683500 8815768133679194
7034 4782506174183268 1719314126548778
2796 1516320848594378 1832652665312140
2840608422643848 6926529665684352 3612
3661479104432270 7394668070070156 2398
7678400846971852 7443519777263050 936835196947210
5582355264907696 2279857439631782 7855529941131120
5514 7802 766052366863458
452 1877663601409014 6483
5797397590905938 8593 8579
676562977842028 1433 6757
8876 7001727082892588 4280
3726646329524900 1765 5126900430648566
3275 9624 2039791510643250
2202079885629266 5294321633311916 2702
7044917395763366 6431694192833372 8116
3954382463999678 8439 7806
2832144997964868 8682 7732
3465211467975534 1580 3328
31612237978770 77094144791736 5903
6007812157327886 2003 7877
2150758369492362 3566361285111848 8986
69297678298102 197 8452
2282 2848173674807042 5306
8522 8211260952798662 972526264558996
9991 3840 3782
3815 7116651340595984 3754893499177428
9786 7931114614155178 439
2764929873840 4496 3719
9142 7601 2584661692567766
8012 8370 6894520157965062
5583063786333218 6084921981383302 5694888701936182
2142435932041724 7888 2312715999773690
6734 3785115360254368 9231
7568040532494414 2293 2775114296120976
4436435861837158 3670977382066752 528081843761518
9452 9509 5530894696669732
7852276370152002 8644119500069090 3938
8291 4619 7491
5925 2326 2343
5946 4465 1409
7436 5035262399573192 5336867739216764
3896904002597360 8323 5445597750884152
1722 4935606660710514 7466
1196401592472782 8201 3660969769883352
7050127693023334 2790992574301244 5141538587016430
6071 1560 3255913713656000
7188823509511204 7125 1427768595460232
4839 7711 163
5863186096238578 6933 5941778048376028
1555 6232 6417179296740224
679549954476738 5906 8361
718958561304702 7805 3137942144274760
6759 4125005126180194 5874
3807215223524738 7542 5006
546973481994292 8172 1617872835759582
6742251623023504 6099 8207
2090 3019514598355272 3652
8777 2591266304774712 3845
2898339747872918 7743696326686328 3072
8430 1594529033156278 8058
8870 2888 3566721907149952
7458144906803230 6124714588759788 4419649906037826
4770474221242654 2451 5035472544382306
3353 5626469370857152 2700350704074002
8018257292677404 7925637314876808 4393306554404178
2555 8288238149521920 4585
5116 7590 9331
8684 7194 7433740156452016
4090007189209246 8357 2088768281488380
6084024221707476 906265523472842 7859737902905464
6624077645562226 4458 4634
80200909643018 8453819827647010 1705
7327350243355690 8245160469722540 1711139282842796
9652 3232752181242692 3222492718571800
2116 7345088204001680 7796280071020926
4775886080885696 7295 3623934582189776
1130687083363258 4378 5440
9148 8959910435851330 1192533320455196
2183449782102010 8738897033211544 5339
8323 2247 3698694591945264
1108 7216996915432684 2335
1867966809500390 2229 8222436839126022
6488129618548052 6482774572781296 3839
7816 8841 2329586461424984
6017391150648162 4062053438806348 163
3249793009743292 7320 2471624749626492
6956 4996 2135
3836440045367074 10061 377843350894722
4110588815965266 3157 7195060501121378
6248416476072994 2769552575887694 838352024881876
7589525326721576 5479 2948160546487802
2772 3521768962548770 7383663813297434
5422409069682880 5428 4147359600196142
8823394667302482 3070 2011397293812862
5350 5830512537663472 5578232582154756
1831 8271375460875194 1090
6332447647249198 951 5541
2207 3046 3521895221473456
271249979306636 4907 2579
2343 7209 1824
6761476432451968 2762723506764034 2945182619057876
9920 634983327805292 6070360352227292
7560950676822260 4402 777839966660670
8498 7943 5021
3283 8919597198718652 5622029803814158
9325 904 1815908197918646
1023607006265424 7669690913715506 1832
4863 6226837266965596 3214
6077 767945126071278 7821
6184559211460556 3652935660410922 179820409321768
7184 1162 2729979684165360
8930283888200954 1016 4234
8512 3331722776965056 3437550982509036
8672616198781174 9487 9799
1970 147 1869
6643644016866940 1002374638065158 683194886326614
603 8734496471638718 7654
1238 6281176802691248 6774
2633 1682 1918
8699899774874710 6397635855164320 130
4822 8820 5191880043867048
5905836091034724 2374055350527158 8289
1819482351582080 1336 5133353452455212
933085532716902 4513 7328171549357450
866 5346192806420118 3755055025059440
9583 170728674816192 5615
323475373761532 8554 5006
7301920901310764 803252852862262 4580109255323892
8105 9699 1977412258812084
6209210755840198 8629 2077
4832732919296996 3790415235484158 5553221265885250
7657 4983 1683755672433202
3365 1262845729831978 8700
2348779458583354 7370 846049683933974
596466472131074 10079 2609908847640498
8116383902050800 3966082143061010 2598
818 7205 4244163809793786
6110 3829 113408937114490
6883483523567604 6035 3505361108646264
7411 8895384630403298 2942
1988 3121 6488
1888713129807404 2290 1647759232012114
8227 4951923832083690 37001196227198
8574096297895978 2043 7368167868211738
3064 8852932483418370 3254618597751458
8701352236100830 5052312472598356 4146
5406983220476478 4806 2876620491835528
2735330147877116 8163 1632280111099748
6949 4690 7377400160556644
5865 8281509174705630 7130505778575022
2241372931136160 6737631899016810 7025
2219 4145 7442
9147 6124 3357738616236032
4607 8908889433507820 6827
656827523270048 7073699770495824 5266
6785 7936 8412
7117685445830498 1730950687861098 1914754367291164
4678061871741108 6872 7477207641833682
1733695276288902 9299 1069
10058 4519330793324458 7633
2725027263201856 5153754404210636 6367172440766078
3519470305685990 1715 7890796782426428
8629 7152625088360684 3960234846788700
6504 9341 1936
516751138863192 990 1728
225548255626528 5297388938595400 9936
3895 111556079065362 4993
1282347618423340 492374539120958 6464398903581498
7126602958642572 5590 8707
9793 2187 9010
3221 4890528797176648 557740772173474
1194622014885708 1209033267515832 2001083978525038
9035 197886948752280 8876
1358489493115546 4425125095617642 9355
8176834537532992 8360469463832234 7665
4484 423277602223586 215275896242318
9996 9003 3879151321381574
7152777549660552 6497825775304524 4949844603848590
4178 4241 6704
3553 347445338979674 5635
5899 1227951959496980 372658169166070
5062791299095228 506 602003627215468
812295384067416 6502 2283
7442425595273862 9085 2975
6201188636820838 5914 8351446379971586
694141937485164 6741543513846180 9325
8792 1919998300982790 9177
5443717508127222 46595789443994 3480
7433 9630 4718
2019686240247692 4351 4920962480619064
5301 4855 3110195157196796
3996999700356480 105486237907446 5558
8118 8953 1926988540575728
5236 7632927013441900 8568
4490898662608104 5345 8896
4089965016098342 8819 6586222303795626
534536508919980 6413 6586222303795626
-1
