424031
423917
467349
431923
413758
465585
428771
464878
473735
438079
453768
497589
449197
469702
494979
486058
472126
473100
444062
407570
450047
445674
456328
406928
474396
499155
442828
449425
486584
480534
420467
485359
403516
426375
414596
470207
421525
471534
425206
436230
484879
451832
416264
443330
439693
443661
440615
427744
428096
402951
425168
436933
419598
492751
486333
434407
410747
428431
469935
487995
485930
430307
477944
424913
436996
449984
492169
410461
493850
481731
462881
476241
460105
493909
417973
439926
499070
468761
484544
449964
438771
467549
415781
440903
491868
473781
492117
404918
495745
466165
424849
400474
486302
481227
428165
405423
429756
408830
483004
469912
446152
433395
487679
460157
494260
406123
477209
401036
490430
469256
414758
487569
486586
484135
498129
444868
418138
480562
433726
415605
461352
418737
497762
474268
412019
497589
471246
457321
477021
470982
483210
488910
484787
491510
430104
490049
470235
463993
425773
433672
458591
471126
458072
406745
490307
409442
444235
469671
437156
409455
464091
495823
455089
497200
412574
477694
447658
420493
406751
414719
414327
450549
499297
481487
457828
469600
434081
461245
452663
433961
492153
479554
414942
403060
440933
475642
426437
489828
460600
455480
444116
402944
430262
433167
474563
432518
446785
419861
484538
461950
404525
474015
461627
430624
465498
471723
448397
496904
490016
425267
437820
427362
478012
437036
460487
448975
483751
418362
454986
493298
468229
426483
471689
458682
447381
470979
423577
465751
402098
455087
480238
484779
434235
406251
433954
484352
482658
451362
412491
462896
425686
494915
414405
479433
462015
408337
462183
496652
443498
479220
435136
471250
412737
467480
426488
422145
469638
486413
416037
410404
468008
469648
450301
431631
455329
455796
437721
427149
458054
451824
429841
448203
459098
418942
454974
456344
493642
436691
496621
449849
475496
411814
464996
494625
434761
499976
461422
460585
414105
490402
452627
493966
493251
464243
421474
408540
491861
443423
430374
431987
441828
474154
430277
490617
436844
416213
422063
471888
443984
473931
450923
492214
473651
498743
450561
476431
436110
435496
443143
461989
433165
478903
427269
438362
402045
483202
498211
489819
409557
421873
423121
416586
466299
444119
453820
404581
415709
430430
461891
438299
430978
435181
487302
443304
422136
482641
452812
411350
442652
436548
438460
437878
471819
468060
471669
498990
402612
496772
437354
421445
482287
490153
417969
433583
440601
466257
443240
432442
412561
447829
474167
497186
432474
442471
400553
477563
492922
491029
472003
458304
403321
411533
406323
421274
481305
499897
422807
485820
459707
404135
410929
434242
427915
400015
442562
412899
406249
489319
448853
408562
429165
479838
453027
446797
439550
402877
443788
406212
437221
438151
475111
424247
475781
499670
441121
493740
451948
410219
405429
464185
422596
456241
487031
427415
427567
467393
465624
475563
471936
402037
475381
416355
444171
471240
497356
449055
498119
401014
493558
493522
479134
467590
457721
464034
402624
496216
418145
488192
405490
404113
424929
411896
472733
448401
482960
462269
464352
486082
469125
427485
466564
412212
475931
460811
465861
438732
484421
474585
439148
405650
435438
497457
467251
441307
448393
455029
453799
496464
461679
465815
449256
447830
481307
412178
413103
457549
458311
438196
440188
403360
458641
444152
435974
455258
417183
470558
422497
468754
416557
421816
467601
492477
483258
414115
443557
416769
446895
448998
402435
469018
483119
495733
455443
428019
416369
412339
442673
420200
447282
461683
493949
424471
439777
432860
474386
418472
433856
490279
469284
477820
499034
410116
478311
407089
490984
421326
491282
414285
473235
488583
427838
417528
435167
415827
460919
403156
407640
407979
408149
417828
462270
453675
477815
426147
481784
418420
440113
400994
498522
421800
432786
449894
493899
494074
466437
495653
427236
439181
480450
451989
436688
456446
449156
493112
451897
465446
477941
486749
473819
425523
452668
471266
496660
428562
465439
403439
470163
466946
454213
483019
457011
481626
427921
467111
469175
436084
480908
413295
452782
489946
481580
420067
444129
482099
439952
492329
417368
482426
407969
494726
459122
450504
491963
445793
499661
400513
495554
428253
457845
433218
487231
419427
494156
410908
466462
402075
429537
401013
427698
490591
479640
466022
484390
479284
497614
498793
445639
437186
499486
466875
429330
442299
420846
459034
405257
498478
451725
426291
466588
429517
467525
410722
465950
424403
468228
476819
491496
491603
401815
434881
488072
461836
461904
493915
498588
480510
491820
409302
419845
497525
415262
477863
426179
426657
450248
491353
418568
492520
406600
442200
401628
483722
471001
483315
406124
490226
468174
497591
497792
408968
429329
454351
409555
404085
441894
401092
414125
407535
447899
488720
453451
442509
419530
434524
401952
483387
417396
438547
445208
477969
486596
440219
410203
413948
470425
483646
469821
473403
403555
477727
412389
464563
413439
434403
410407
456437
469474
419148
492537
473255
417962
454712
498425
449199
448708
429125
444358
435366
492867
492085
454329
450665
458975
404429
497131
496493
410013
415460
413577
445993
462619
437654
444452
425230
467957
470130
403831
475870
406006
491475
418281
444666
411395
410575
498945
483622
486849
499699
473568
449591
419609
453296
429824
480718
458748
432018
495053
487386
408063
423990
465659
411966
406830
485260
417950
436672
455367
483457
400272
476706
488888
449549
496659
420536
451788
471213
458449
434066
401501
478828
423336
403046
450667
429804
433691
415238
442175
488389
469779
460339
496371
403522
476674
451792
430983
498983
446033
401070
462944
422588
447231
468444
414473
461311
415611
454512
431603
421970
462718
411398
484694
496165
496138
415591
404816
431440
484953
439401
442994
433256
442131
471861
433400
415977
441458
468720
429996
414362
417179
496643
411780
499181
453197
415904
445023
441648
403179
429948
452292
418179
416736
469141
493058
457289
432394
462905
419334
437712
414823
458890
416435
427533
463346
482437
422112
437328
409248
498831
407105
417902
467677
448336
438579
490901
467815
499663
429586
483928
475315
418207
405833
449411
495030
403834
413754
455793
469991
405191
426537
457455
443699
491297
483363
423512
449537
430982
421740
489391
448425
416901
466944
495154
473158
493912
439868
471433
438654
460660
487560
457228
474577
400208
457414
468798
458350
458709
419069
474465
491642
425503
442236
482422
428452
464912
437304
469278
461479
416025
459552
416480
431430
442155
446714
408917
429159
405596
497368
407147
438024
493748
442200
400359
437951
416383
455818
438885
437830
453846
437068
456204
496567
488160
421531
433680
449608
472125
430127
443171
468350
414046
466811
456361
412815
446532
426705
462286
497235
441704
404479
412678
422447
404280
409901
471923
474226
421393
468076
461611
410790
402973
473914
478167
475062
417063
419252
459213
478584
454428
467031
480419
444180
406205
418445
425392
444312
442985
459644
472181
498294
409753
430007
438303
433002
419415
406127
472895
467838
401918
421671
466151
494837
438007
456594
405159
484033
498040
462985
422098
470395
468698
431357
437041
402903
405588
465987
459830
465265
407561
465599
452976
435203
479882
452232
497406
464831
434777
448968
432353
472133
415426
460389
443752
451715
420565
447305
484272
440967
452200
400629
421979
420104
420694
490256
469518
492223
474605
497631
411444
481438
459987
476968
409223
482117
481697
425352
488179
489489
421789
485686
499127
464634
456555
427555
458695
412151
478361
493807
408155
497915
469504
440948
422168
420676
497893
412702
493598
496096
437942
432183
423122
462533
471245
475519
404775
452901
484648
436992
475822
405659
476297
403737
404242
470972
418563
475711
471353
447496
478562
473092
439702
435335
468396
448235
475893
425865
474305
436641
493108
424622
487507
477190
463058
408542
421631
464708
421692
418278
403813
401404
415520
452220
487900
465630
436158
446036
412762
426840
420636
417737
424653
488861
414005
413511
497093
422597
477346
408280
493341
436397
482833
445394
423036
488610
469776
419206
485966
450406
492506
425812
482371
426583
419033
480284
491441
461597
423761
440564
468985
432796
471278
478863
483919
497214
426763
446771
492023
495023
458949
447177
496354
423773
429413
479971
484102
465193
474622
431122
483103
496713
413650
465569
423315
432697
406416
453784
481737
488456
486573
412171
458944
400390
451713
464670
454426
485625
463860
453041
491754
408070
468414
449141
486404
480132
468817
404846
483215
458791
411295
424166
498532
490965
434189
412301
425487
437937
476091
482416
485594
462061
478823
419754
499240
446086
413839
458063
433846
442215
418710
469327
483945
486580
476919
495498
446508
430957
448761
499676
400775
495585
449848
429094
488618
477185
403400
483779
458122
448700
447149
428552
471079
466201
404909
447779
425245
481342
450068
463388
428303
416907
402210
423192
438208
470637
412580
470454
476252
499663
401200
452470
431183
426573
459994
498326
473869
470037
442464
455011
433937
483019
445159
451885
417933
487998
476842
496927
498673
490823
412027
423194
424120
492441
476138
412668
483855
453190
407430
497668
438309
444876
464818
403553
470987
498566
467703
400756
479832
452224
466258
453804
420803
419865
427700
480888
483682
449070
425352
478593
452992
410127
487827
446334
432244
402689
415966
496567
475218
483294
435555
446259
447856
401549
414995
428852
426347
422514
415281
481774
430495
465330
495488
422871
421783
405490
464845
407631
419583
445884
402511
478660
461581
409639
402312
416713
472117
454024
477798
498028
486983
443456
438744
428904
444946
497446
452363
474515
406398
430284
440890
413942
438495
498328
435306
429456
422670
438283
495286
437477
451387
409461
438435
424273
425741
427072
457228
492691
480813
405384
492894
485994
469226
416236
426342
437176
475554
450986
491443
405643
441307
436986
484121
430627
449520
495635
470932
496325
424467
448494
414342
470331
453684
480389
473014
450858
463327
471792
479956
408771
436412
421745
402573
431436
436060
456095
496013
437355
489423
450161
489479
418823
421293
410899
456030
496082
426113
494494
481424
484053
479085
429682
446032
411658
466550
474180
409275
473301
450223
453155
404328
489062
413017
404723
453407
485283
492923
499168
453133
421046
431347
430483
424859
436447
462813
454809
411267
495073
499989
476053
459694
461347
427786
461438
499412
437466
413625
481003
402330
428764
429685
494337
482043
489499
489370
413136
435584
438904
459093
424679
499452
461758
431269
422124
476604
415895
412521
487916
453975
437830
410823
414010
409261
481072
420781
431866
429325
461639
494581
432436
482933
437168
481856
431285
432826
431280
459359
469330
407960
498992
432940
479306
497912
458051
434137
446866
437578
471422
428277
490200
437531
478163
478923
417617
410945
404019
460669
476685
463791
465689
477911
476940
419928
460424
413062
440211
419334
403851
432541
489038
428342
466119
473514
406347
471610
426182
444586
459349
463126
487952
459969
441587
459586
468848
413950
448436
405357
426770
421443
414491
437939
410692
497342
459231
478526
495777
441782
435606
462342
451406
477670
475149
408052
486573
440988
441893
459018
434864
445174
482539
446726
413329
400091
489060
456823
481669
404287
428409
464842
467087
428651
476949
443357
404624
444223
412828
446427
494200
444472
435944
433637
442100
420655
443944
478674
430403
437097
489728
451405
413708
450385
437841
432890
433718
499677
416641
416976
467959
436034
488167
406674
461504
440264
460394
429013
476522
466725
423721
483118
499491
401393
404756
409237
428045
429036
451136
464814
481856
402282
442087
452556
466265
448141
453343
467945
474641
494353
498213
479370
420133
484057
493943
453300
458183
416468
457028
468165
426215
427362
462585
494604
474483
426455
450272
427050
439427
448058
424998
451036
448544
479044
455532
412185
467426
451540
443495
427642
434998
450828
414202
470160
407544
445036
425741
437883
425900
445229
422278
427849
475039
455151
490106
408394
468047
475998
492946
465495
431575
419052
440742
482756
471255
447786
462379
429934
462547
427641
484699
420197
485842
408153
491601
497194
403826
457277
400219
458585
442074
438265
480782
427002
418763
480048
440513
432741
414125
477705
443927
424761
456616
438029
485028
452114
479066
431629
463095
453347
478425
443357
419215
461308
415261
457761
401983
442935
480403
432552
461302
466580
449137
439502
475175
418122
488408
416843
434033
499256
496450
435853
405988
409507
418293
494967
443058
450901
466083
408461
496610
494044
438803
489323
403271
438874
452247
489276
431568
410485
461181
496282
457172
420963
422646
409301
441601
494319
418732
440624
496133
434508
482946
448978
434959
425695
484690
401851
407274
443607
467203
449529
475579
466376
497023
480659
437878
429407
415506
485444
493990
434942
446726
491290
481822
430222
445590
432837
479357
424928
445250
474689
476475
499149
469911
499365
445915
438294
438248
464421
422232
422600
421426
447459
432293
444966
449204
470409
488732
440197
479297
449466
467578
482812
497015
405985
483527
442043
471578
453310
478708
427133
400068
420674
487316
441113
402028
438992
467556
454246
414537
420320
453876
448186
456361
401858
457102
420856
451836
484720
463016
461396
481722
475352
471075
464209
446541
464681
410628
425954
413086
443919
431927
440247
433946
452504
487622
495526
411601
489143
451860
442623
409261
439928
444350
495980
472324
407206
413355
429082
488019
445212
489288
445570
485138
401254
470322
460101
405984
496086
485386
487028
467554
450289
480117
404334
435972
448894
403374
446215
426911
417904
473028
412323
436512
454740
467651
485286
415692
461351
470084
445289
405003
499803
448779
480354
496121
492492
494796
412370
477022
445099
489328
461275
469393
416910
401243
428302
470507
435156
488190
473534
459792
418890
436694
480169
434854
411367
412175
434473
489157
406285
452604
494236
403625
434214
467882
454522
494827
484375
416209
416701
475079
486928
421638
411290
475373
492496
414391
459927
452521
430293
409228
414508
404555
436388
461863
475644
441995
496454
471414
416720
429781
445687
494714
438662
446654
458781
465244
464968
455644
404923
496963
405819
454577
492723
440183
495783
429557
436134
492452
439036
442322
485844
432146
498780
451314
442225
429155
419408
435822
411957
495672
409951
459871
484696
438440
420270
495655
463136
433747
431115
403314
472346
451096
497550
456537
484876
449756
415930
484156
400617
402429
452624
424143
419409
478478
483791
417888
480060
449683
479233
404147
481050
442556
439805
452725
427254
468904
412816
497968
439761
476214
496789
472663
460946
455553
449000
426574
458722
475498
400297
435145
413445
406039
431589
455776
456339
487285
465787
411717
452372
402701
463650
410587
441914
475889
479400
400846
452986
413634
418160
466186
446929
454851
435956
476837
483103
482151
416184
410187
429851
407502
433241
471556
419156
435177
467834
484855
433187
486819
498053
411224
415403
418180
406505
408656
449126
405455
421681
456241
492157
438249
476144
496998
495303
476795
470197
476440
444572
480747
404748
420447
460769
459094
488869
425045
476674
418701
456260
456631
474431
495748
462816
485931
420384
437797
418490
452059
417092
482023
451581
418980
478784
471471
472382
440544
420641
487112
492853
428949
453982
432783
432815
414561
452892
479503
438457
494567
421878
421939
419852
444132
461589
401631
457136
498494
478181
481330
406970
422887
491153
482058
486357
433231
417020
444966
416628
435408
412411
430645
422135
495089
407467
424445
452009
427892
415095
481007
449944
416676
405034
431632
472263
430433
448296
496123
404532
459447
445387
462866
467162
448541
457271
455703
419267
469742
423688
487065
492868
403563
496441
472068
401269
401554
431101
470002
459870
482457
426745
449184
479859
457004
412097
456303
427056
490548
444912
430159
420283
442945
422807
444398
495281
440762
433197
473237
455414
486090
410013
410208
401649
444513
420134
483253
477025
484042
474344
461549
482803
401792
491824
492318
468606
403645
411414
429365
434167
408354
436740
457335
439312
453402
479266
450720
459589
433930
450017
492808
420921
435234
439619
479995
460312
454861
411311
433314
450113
445843
412959
431413
441656
428332
423059
444472
470338
450428
415193
424817
461211
457838
445278
445144
411010
409630
470234
414516
425177
460432
485938
422857
471149
435391
492335
497767
413451
401436
443088
424344
464004
487634
494935
448517
431182
493435
417415
477529
443135
407635
415272
488303
418474
412361
405727
441208
439008
422141
475207
483007
465605
458442
427680
422146
491766
473810
401100
412856
460590
404858
406891
448340
471290
423931
436443
437508
456902
479322
402904
467488
494406
476881
438819
488368
497422
429577
450692
0
