5 29
4294742000 4294967200
4294742000 4294967200
4294742000 4294967200
4294742000 4294967200
4294742000 4294967200
4294742000 4294967200
4294742000 4294967200
4294742000 4294967200
4294742000 4294967200
4294742000 4294967200
4294742000 4294967200
4294742000 4294967200
4294742000 4294967200
4294742000 4294967200
4294742000 4294967200
4294742000 4294967200
4294742000 4294967200
4294742000 4294967200
4294742000 4294967200
4294742000 4294967200
4294742000 4294967200
4294742000 4294967200
4294742000 4294967200
4294742000 4294967200
4294742000 4294967200
4294742000 4294967200
4294742000 4294967200
4294742000 4294967200
4294742000 4294967200
4294742000 4294967200
4294742000 4294967200
4294742000 4294967200
4294742000 4294967200
4294742000 4294967200
4294742000 4294967200
4294742000 4294967200
4294742000 4294967200
4294742000 4294967200
4294742000 4294967200
4294742000 4294967200
4294742000 4294967200
4294742000 4294967200
4294742000 4294967200
4294742000 4294967200
4294742000 4294967200
4294742000 4294967200
4294742000 4294967200
4294742000 4294967200
4294742000 4294967200
-1
