9999
4
6
7
9
10
11
12
14
15
16
10000000
2174392
7690813
4226906
9515345
4751712
9628414
2806223
8766279
5170767
470497
1862060
4516026
6081072
526850
9457001
9034512
1994577
1879220
137511
4753290
3414198
1959592
3217297
7086708
7154249
7431096
3708766
3281160
682415
5292497
9702258
3305441
2760373
765179
4253348
189207
2894825
2616455
2647834
6761083
4453062
847188
3634001
6681456
3392135
6614717
7038905
2626916
9714076
8236834
6850557
459370
9390394
2288658
9606496
7893622
2870797
7884818
7657027
532916
1713417
8893452
380355
5948037
1386718
8146391
496639
7905686
3296394
4065247
3076215
1261983
3650056
4078321
4302864
2380854
5723942
1925798
8046004
4326733
5297524
7623017
2711830
3086798
8418264
1294118
8735379
6875985
683327
6049936
5217204
2498168
4514798
6370191
814672
4182760
251638
1319493
2748622
9783268
8895174
1887676
6724360
7832967
289242
1729582
7303116
7672350
7552146
8511087
1517820
9947936
5195293
3722875
8998101
8760011
6216340
5675672
9935052
4887003
9759523
9833255
3578388
4679529
3508578
5553293
1167421
1191775
9334594
2876216
7428470
9165332
4403490
5760720
1646195
1765384
7425793
6771580
1855978
9273277
9087054
9284430
1327671
4047664
2120796
1023692
6338975
3382259
9481329
9121180
387505
391400
6513534
8416459
7155528
3583004
6511720
6050746
6467246
5694141
4001028
4431525
4158171
5175353
2862114
8773201
6982747
9919477
4764736
1678802
8304717
6851239
8270432
2044790
4841223
7778385
2991732
6867794
1500887
3206875
5533813
1249511
494692
7189195
7831442
4354544
5798452
3368483
4237702
2814026
2864839
6638039
4166530
9891968
5961568
1317993
1910346
8291954
1567715
4056739
4941532
4253858
5247322
6407536
988362
5025052
7720977
9884888
3046953
5858943
1822178
6030999
1131810
9995563
6476171
5337688
3744293
1996219
3176083
9656126
5585265
4454444
8039552
1736448
8144700
1730665
6606262
6029469
9657448
8887217
1528805
1153816
7304417
5182580
3462060
3242001
4800370
8618490
143896
9749951
2945864
4146083
9466170
9030525
8859166
3806281
6366308
8650235
1436938
8106049
5830528
1279253
91236
6854017
422412
2055872
3745486
9668315
8185526
952352
9097829
2397159
2162831
5115064
6241667
9306368
9846895
3854521
3075885
7692389
8595686
2867963
8859296
8823039
2543962
8742665
47091
5298113
9107906
1787990
307177
4963115
7417598
6437390
5183829
6449386
7567824
987912
1863850
8096282
8934523
1595479
6825247
4874667
5281398
1261312
466043
3337697
301389
6684997
8677378
7465077
1923989
4468512
9258876
3178201
6718602
7626700
9962590
5059737
9953735
6259452
7129112
645725
3140512
5703215
6694650
1429771
9865247
8714907
6259907
9821449
1726746
9706182
7030472
7930912
5369837
6377908
2609086
174844
7708634
992955
610596
9890768
3373177
7411698
1331663
179094
7753693
946760
653459
2129908
8692166
4983473
2443147
3006906
9015676
7631994
9556230
807432
5358798
6455358
4165518
8703885
6021671
7417841
8059798
656106
2714569
7930265
6726079
3254196
8068009
1113629
6454343
8474776
2264679
8858038
6486031
3986714
2038633
9874946
3476807
2436982
6123923
5067959
3081528
7394087
5011876
1938164
6964397
8006661
7394608
5067315
1549951
7397513
3698102
5618395
6777660
3393196
5336029
5232882
1632243
7000814
9207248
6865648
1822239
1506035
6919859
7304750
5464494
8190408
6305472
6145150
6402220
7986371
7522691
9113172
2633105
651527
8734510
5504161
2578339
2240678
160026
9083840
191753
7292642
2184667
8161417
3373166
8192780
3376254
9518596
5771470
432654
1681505
5916600
125537
2726404
9894703
7023137
7166368
3377156
1644663
6903999
3400824
6887550
2643305
9900619
5409674
2827199
3396652
9407365
2278173
1876112
8111198
2438696
7978529
9500283
6767017
955903
7639777
6847661
4781054
1617169
7359428
2823799
3281138
4103032
953663
3244015
3973809
8606160
9823963
2613555
8601123
6213322
2505438
478797
4157081
7176672
4877721
129714
8655284
3746595
4058317
879717
8325203
7303984
685883
3201849
5421110
4316865
3378759
8124979
5887796
6213983
3412040
9939597
5988117
7904565
1206767
948823
410765
1949825
3372241
3484217
1471062
1978659
989330
3873235
249192
2658264
3009968
8106053
8119896
970368
2380265
4540106
1904074
7068955
7049674
2524287
7463444
2776402
9177686
5094338
5824113
1136306
6564687
4977973
6344927
7388787
2329635
975970
8189462
246647
4237430
3206393
1097381
6816718
1601608
1217076
2865194
4682358
4233155
6069339
7471533
9455648
5759268
5755363
8041753
7398061
5513667
3100722
5054425
3122872
4730944
1588094
3361292
3219660
5809484
82643
5821156
6146742
363025
1285811
2753824
3961974
3770047
5268311
4611107
6865231
1084725
1722004
7930289
1077502
5197512
6649305
4156103
8235527
1195954
726485
9855508
8979242
4008858
2385461
5936919
2286069
6247867
1404811
7513174
1718131
9990580
2366282
9625272
4346370
4612716
9357166
3438336
8404162
4129568
9078328
8442470
9695273
7232267
409751
1021524
4195508
9142449
1821731
7557306
1846584
6874567
7602242
7847566
8351447
1604418
7007341
3799011
6228494
4755706
3932301
655141
811114
315643
701823
2932335
1227482
3972457
6317367
5268873
8565024
5231757
8752256
794369
2486114
8032640
9696225
7529060
9197917
6214770
6380700
5972761
1357881
9320600
7111632
33115
2807927
8026800
8910142
198994
937350
8457522
7677352
5323212
2104949
7945492
1990997
5687708
8198340
2060858
4832690
6947983
266707
9213049
2329746
32648
4400636
7032903
655126
3433911
1855420
5670528
7889832
8906234
3003276
1210583
3565985
7247568
1058638
2664919
1178507
6500086
9455331
8115733
215040
1082272
3780057
796149
5619249
2244949
1373762
7430421
1919235
3406695
1029791
6023001
5161555
2473358
9157883
3304852
153818
5280417
7281941
4160207
4141740
6163056
544438
1124922
7914075
2669248
2870304
1508909
2323896
7236580
6110247
3908825
3397561
5009012
9732953
7804559
7453302
9514285
4780248
74156
2932430
4279141
2149705
3952033
1209510
5956009
1806181
4984091
2635985
3543156
3148973
3512019
4580108
9941518
7753530
4018291
6199584
1488640
4400178
8346019
5550378
8587823
6718039
2797360
146167
2374813
2782009
7374041
2090505
2592439
420876
5520693
8091447
7074523
8043412
8705476
6001008
3010027
5889596
2574864
5260191
90503
8671047
9304191
9229995
5982186
2044830
6084024
2457110
4727651
2703687
4086320
3898693
865389
8500982
9879504
8953566
8296173
7998910
897861
6905549
6321289
4039904
5226979
2567778
3755552
4418884
2576439
77972
4709097
9520646
729767
5234281
1493547
3234983
6615240
1590765
7843990
8226020
2917821
2043231
819901
3223204
7763782
2821100
3526321
946570
5353964
9904019
9650491
9973034
397127
7126951
6778805
5230809
7010411
4141427
2079621
8551326
4615917
3969527
4118711
4428100
9729813
2956625
8948022
3316625
9144994
1488183
238247
8496529
6977332
4504225
8759267
1548811
699866
8634500
4134159
6446997
5341624
985656
5508441
2848708
1236821
2645498
6313296
793083
1974783
4552078
2732000
8447588
8319963
6240893
2947945
9139965
8151949
9934972
6557948
1426890
350080
4470893
8005809
5016489
5890130
9329790
9074856
8160194
2342495
2018800
7460506
4330268
3281897
3338738
2668187
6615501
6439777
5656235
960878
7399754
6181332
5705303
1221764
4117340
5412213
3131401
2761747
9847220
73411
7414030
8879440
5927061
5499223
6133362
9054025
8657327
2573900
6079900
6308832
9956876
9202123
4746388
985319
2155555
7900337
4410597
2484181
8818570
8660576
2810398
8824483
9964617
6493471
2155506
5700550
2765130
9594414
3654271
9462857
3017196
947179
4747948
3982854
291638
8324762
7950507
551296
2904744
8590549
2691998
9255264
4769582
5593999
6489558
5505035
465582
4005702
9981110
4987100
5696
1110213
3037366
3483267
9385597
6199315
3607427
6962297
1056496
8908668
8736452
7301535
720426
8145081
6226808
1069427
8338546
5946814
555131
4048749
6459673
4541472
2997799
2963452
2594538
7346722
22551
4786584
7254208
7538139
8996743
4494596
1947187
1304197
9876567
5781794
3536874
7193444
8400047
9333106
1239572
3034960
6016444
3638569
5190770
9975777
2353687
1089898
3874187
3491767
8592455
1212323
860803
8467812
7322333
756999
4776198
7316982
8690878
2583971
5891039
865060
7471358
9996831
9788709
1179667
7028454
8067860
22676
4452806
2237976
8774788
9504249
4298529
6100426
8203386
3582663
2148376
4673838
9205055
1273160
2016121
2952050
8809014
4484973
6389970
2488803
8017365
2625478
9034112
2602284
3864256
2761229
9811797
5130173
9418371
6911580
5003237
931783
7071724
7147135
2169965
2807139
1878531
516964
8448993
9312850
719912
1896239
7482001
7701599
2960839
5505514
3542903
9478753
3976505
1438298
3368479
9807581
8695738
1339244
2020019
1856072
5977859
5911374
3521698
924265
6334724
1144219
6229613
1527261
3874240
9358382
4631438
2154293
2137668
9356568
1796485
6617913
5413061
4263084
3060992
6654160
7207253
8065975
9403429
7838967
6361410
6825165
9155072
2471023
5844107
3224510
140804
3592180
6292992
5861544
5920192
1615271
369013
6262822
7052831
5014797
327074
3228838
3589851
2499888
1947034
9429593
570496
6002787
6464742
1269059
3283225
2479267
9764542
4867058
789753
9055257
671715
4522443
6946855
8481469
5005468
1518207
6862695
3562260
4937931
4907037
139105
9034393
7657770
9875906
2006385
7313466
7398312
5740938
9683961
4528602
3015531
1603015
2966323
2801439
8670455
288656
7591678
6349525
7583199
2481637
8425259
5901618
8749784
1567178
403306
4139584
8282740
5925199
4036877
6523767
8651698
2028603
346213
7578616
1434546
1739605
4613193
2486500
6318081
3850958
176181
1583703
177042
267086
8920462
1249541
2630862
2731929
3936259
3667439
4442434
3882334
2010768
2519617
8079735
945820
8197276
1375179
446175
3885873
1201987
1942298
8481899
6498561
7183022
4318130
6822714
777535
9531037
6274539
7889003
5603419
5718918
740709
169363
9739656
3827927
9283882
5351370
4451561
1759832
4345694
6789216
8196183
5929388
3943461
3374765
4444113
8878838
4199569
5016326
5631361
3858841
6562630
8723020
8111079
7653143
2381485
3007902
7973412
9261083
8355793
2518446
1194341
8952722
6343769
1476273
7519850
1719923
5882402
9868656
9097650
644256
9967737
2905468
6398661
6961636
8363890
8098687
1897630
1775132
6670952
9857709
6727346
1743987
3601041
2416472
6953377
9801542
9393212
6690083
8493688
4623270
2530858
8456782
5999649
4158459
5069703
1698097
5787880
7868357
4555779
7501124
1943594
1379070
3563281
7406555
1864604
666268
4855228
7522287
4667317
5573298
5420961
3576982
1251129
5021878
8856845
9066645
8631011
7813597
7807027
5592716
3528367
8327843
3392906
6032975
2121921
9112679
7206081
3549909
6437621
1419826
6999520
7044682
368900
2480920
133245
7830079
2305231
6039991
4932887
5466881
9728332
8516445
1163538
3618439
4012170
946630
8170575
6106501
4770402
7285634
4037607
1235741
6370364
1687797
7550981
820277
4878459
4445176
7920989
5744483
5047942
4651422
3953741
1780101
6362484
2650641
3983886
2093934
4814291
2587290
5750550
9680443
865429
260159
9190286
886211
8189848
4212742
6117355
4914860
7510865
722264
8756140
9383323
1383700
743169
1043758
2370819
5783170
4175188
1743023
2501791
1978639
2721003
1652701
5517434
7827886
197260
9324570
7787435
8288412
6385576
6424143
2366111
3036870
9523837
5110506
7543823
7359192
9442267
5102453
7839760
1924196
9584131
2353108
4359112
4308010
8055338
9071131
4908094
7888010
1168030
4254986
2910539
7437827
9973888
383910
1550125
9327207
8661295
125684
5044283
1407517
3658565
5799253
4572210
6034194
5918907
2224889
3922221
417470
7360936
528513
7453363
103631
9013414
3950389
3683435
7837428
9142101
1785438
8621034
2650951
1384825
2357570
8981677
8641239
9260351
3865914
8195234
6594257
6692381
5625713
3764960
505803
5861335
3476155
2825848
9055790
9891997
4209295
8539747
5627090
8946723
6812954
3114950
9240551
5515171
6512581
3699299
9419238
9949581
7948683
9228909
470923
3936044
972168
5910271
7940364
5506734
9563485
3133602
1675258
196580
9322849
486426
2142783
7310998
9889652
7027276
9492167
1752321
9812340
2359754
3414972
9828719
9371721
4486141
2054249
2235761
7301916
7425518
5848256
6654778
5433765
133681
4104695
3776795
1400736
3509102
1670220
3095446
595297
457997
5224554
8792738
5136127
5626749
3385188
6494715
7762092
5253922
2736734
7084706
5777573
8707801
520011
126200
9830212
4271784
8920016
253939
8500019
9623687
1672391
3872506
5017787
1960005
8299488
8886883
1431994
1675289
39907
374407
2293939
2928070
2231697
4372990
1207039
3558121
6202920
1304316
4670114
917986
6801156
2527943
476217
242141
218466
2712916
4833807
7041532
9325504
855421
5754062
4908195
3211617
2615138
6003154
2476639
8433260
9932633
8338073
3651060
2508724
6979219
6191959
6230401
7009555
775244
9723174
6358226
903791
5850158
1919835
7875394
7709406
9385667
1060212
4375755
4394342
7483541
9512749
5410604
8127197
6853349
4727985
9912885
9811311
2898052
3875054
2658738
3133246
2212048
426753
3777266
3544484
2873806
6432977
3039603
5243923
5113057
8815416
2563243
9474974
7430181
4674139
3264629
9495569
788843
3878298
304535
7060922
1236817
3802787
76140
8156619
527996
2948257
1414578
5849943
4794101
9339410
7665010
6953722
5197213
2981687
8006280
8191766
8506062
8766628
9737038
722615
5690512
1057783
3710825
4949784
6494581
7621029
4898607
8767807
7465490
6255344
2770100
5378499
5379098
4673781
7846512
4409646
6341272
5713377
6054542
8482173
1871304
4220612
370643
7974212
4126867
9087358
8124713
1811054
9589414
7028053
5346248
322339
4275374
2640297
4319232
8413506
8184754
2052542
8148645
1259917
9980556
9896505
1370647
9132132
2412165
5687974
1209196
8331818
4945804
2129078
5138109
9761092
5592083
5509894
6099722
9092672
7587207
4244122
8395082
181522
55914
9046888
8943252
8740473
6603150
7218321
3815523
2357376
4417263
5383467
3349769
6367008
6351278
7403321
6645299
4927618
2561574
2400828
5826197
6399331
9714093
5076450
3548594
7143057
7259241
6338909
5076937
6755474
2306380
5606351
5776479
8872803
9569837
2622561
4447078
4066398
2075908
5467635
4481671
9089845
7607490
9498861
7796241
5988890
8583627
414644
1771901
9043713
6869137
5026105
2149789
8599805
9529550
8854827
1288417
822599
727261
7620301
6144198
8480478
6257334
7527010
2695004
5496776
6827268
8281924
6270706
450550
6724709
9250580
1415136
3045061
4938302
4057739
3421936
1553825
2133303
8343151
8391145
2551620
2876890
2107042
9933114
3790492
8934084
8306644
6552768
4417227
7823877
9064409
451252
7686088
6588826
4372502
5778740
6064802
9867140
4750356
4803180
1743845
2981252
6651446
3278433
5763093
1752054
6174599
1325658
2768215
9451335
6351149
3207659
9927216
1742485
1320955
4344735
5021668
7250145
5617058
8979521
96768
2020595
5830278
4156487
4797044
8381131
9578543
7207900
9323096
7135551
6107094
2882952
2234831
2516918
6394016
357503
2054793
5487615
89831
9595779
6932194
3676239
1209395
8586614
7545000
462421
1355335
7494400
9090298
7379452
981080
9464409
1899083
2166333
9650905
3487283
3336070
3066397
9394545
9643975
5324364
8077898
4235790
4553339
5775448
6021838
808211
696493
1485572
1191662
8054445
3012511
242788
1443489
4075075
6443647
632080
5526704
8401035
1562769
1222400
8674279
1076282
21627
3621136
9698933
560083
6294189
4677794
386277
5450785
996075
6748642
2033337
377536
2292856
9553573
1084064
629845
1024992
6011115
2673109
1399901
8500450
4434051
6168596
1152803
1293817
5071181
6714040
8684236
2309638
8822171
9550838
1337612
340508
7347377
690864
5544443
3513703
239468
2465143
7046786
2962489
9558527
1624352
7011823
6462259
6188760
1845249
8284073
8474252
2932001
5166409
7658749
2458753
7921122
2571385
1143958
8848601
7729091
2253059
648203
1735188
5513327
8946301
3521427
1936688
9004437
4019970
7797076
2157591
7366664
8708006
4648024
4442152
1501702
6899603
8839968
3357280
8154646
9468996
8165459
9405989
1483914
1187038
2968463
6292527
4993828
6772006
5677153
8935443
1568725
4189475
8206543
8668781
1600033
295889
4686098
1254058
7200286
1858047
5478113
5629040
270235
3075654
8267368
6139562
9751644
4037286
9129176
7994419
7811972
9222206
172823
9030174
9714060
7830440
591512
1501728
1768943
5242607
8977990
6416283
9352040
86573
1064474
830919
2369107
1265613
3073791
1409840
6219067
3527847
5499942
9494727
7151787
6858613
7457844
4075493
9834476
126360
5240800
4866372
5918146
7855162
782572
5123976
2230458
1940636
2775048
5224678
1781670
5618059
1395940
4577503
7382581
1144306
4953557
5458986
3355694
2239624
2874147
6026800
7890633
2470442
5909357
1470769
7907498
5176515
7232441
4041988
5593467
3799911
3487772
4469499
8488869
9943167
3778690
5467749
3690154
6563743
5674011
1706413
5794978
4856052
7494882
5975711
4212175
1177049
8438987
8324683
6971103
2363784
4399241
8860034
8908735
2786541
6579705
9246077
8937623
6812438
6752942
4207518
1957605
6716615
6537754
163150
5370297
6295595
2674645
3316613
8677771
6954148
2452877
8533812
8156227
6960907
1886732
303119
9202003
8880862
4834904
9167661
9333008
3662246
7816329
9866671
8727413
6134014
653264
8779972
9402163
3978375
3538454
8176832
213821
5518478
7532127
4180181
9747584
8186201
5877068
109552
9738673
2337939
1074362
901426
5815358
6099921
3032073
1755273
396006
7836352
2161399
1832555
1266660
8288365
9576746
8316335
2861511
4030897
107212
2837256
6205533
5204151
7648080
4577438
7223117
1526828
118356
4463434
7537348
2204033
3542687
9628526
6920008
4975328
6653001
1406064
9152552
7807273
7684730
8541905
2294292
4780583
1571530
4768237
446793
710484
9106504
2069073
7349988
2735173
486422
4767412
4890968
2824371
7720754
2239508
6840187
3267368
3723599
7312111
3405883
3894211
8601313
6490266
849773
3370919
7742520
8394816
1938374
9385478
7881028
3377019
9726562
410309
9578487
6917512
4861954
6639181
5994952
8425386
3569107
8571630
3676627
3927582
2495593
8029423
9930525
715062
578891
583990
7744502
8248981
1987623
7747728
2806775
4477318
6739494
4966046
4441003
9852281
4805082
4749917
5383370
657818
759124
5162576
3060128
2886671
1167571
2548940
1629069
885967
8461591
2749024
936741
7515418
2688339
2246111
1481592
5470232
3920576
208267
9994347
9240466
8776014
7582559
2524229
8002375
3934965
7172600
9899334
4963692
8961578
7149858
6233841
9420356
7319534
4435451
2153707
5403479
7772032
824262
811516
9406034
6718515
6099919
4639666
1018747
4372186
3316854
7012388
3498958
1998559
2629849
6171604
9005881
9798259
5076514
7772718
1142001
9761247
3625706
6399149
5759215
5275002
6277448
26013
6370315
1794611
9219963
4668283
491443
1986510
3921967
1630456
7934792
2206508
1539823
4933532
977045
7360450
5519528
1752328
5948140
3028780
1118166
5135316
7619551
7061210
1736270
1357718
5989912
4647400
9928486
8451076
3104470
5304204
3179460
5382065
7828868
3409065
3237890
3240307
8775160
7169664
1160699
9773926
5563589
2643718
5144053
7450761
1083965
1908560
9424491
5107589
6528774
3490090
6833461
8827278
1729367
1059272
5331798
6868195
3810000
4723732
4885474
6328047
7674100
5118118
2204170
9951890
6786372
5413970
654277
9039609
6723960
6517850
4722845
3677737
7606364
1135556
9976596
6199196
2987206
2999751
5330609
5836034
2036656
919903
8605482
5746344
4133622
4020736
2348719
9214582
8025261
731495
6457041
3971730
173469
3516939
881805
4297379
1452893
2186674
7714041
669488
1837322
1882913
5571082
6503462
2543523
5926508
6151167
4919288
5527556
8290027
4283758
2683873
979197
8590285
8801513
3775173
4039695
7896006
4840653
1711157
2588226
9503204
3202471
7464849
9386790
652672
3996738
7782344
3818468
4624207
9920593
4715324
2605055
4071960
6060981
6433600
1545261
3448044
6139715
1191628
5970561
157976
4225926
1860867
250361
6378407
9206281
9099254
437086
3364899
470404
4572837
4140944
5280536
392977
9080930
8470727
5920285
3184103
7259245
415403
3269377
6389184
887299
2729876
6509404
1407373
8121221
293903
1215391
8356593
1125836
9122848
9069526
2156500
1585639
3507606
7636887
3092608
986253
4318118
5472582
9827688
1797999
3520472
9641396
480933
9099942
7004433
990561
1637003
7639244
827197
6790242
5292264
9033894
5454744
73310
4903001
9061502
7748378
384050
5912136
9623696
304381
5262005
9394181
2136090
4416876
932245
3004032
2035862
8191818
9012704
5170849
5191172
5599515
5695903
1019460
30944
5654419
4804509
4928212
5627444
6079033
457413
2007171
8734278
7047992
8270377
9710371
4834033
4951746
9164959
6125348
5533841
6413857
7610886
409642
5989656
7739612
8770342
1680842
2817470
2489474
3077429
3646050
1651029
290838
862326
6141586
9759290
2142103
9080572
9895515
6833127
8973482
9276173
9011794
9760038
9091430
768801
9592960
2725600
9383100
9481866
7301081
5882004
472065
6658605
7677527
5712483
6113562
8509806
7367091
8792903
7883587
9393706
8967616
5968228
1203580
9408222
2481636
5118839
2934672
5256805
2256051
8414699
3768387
6873822
2712490
236170
8142743
990380
6802820
9607760
1226811
2095382
2365116
1645148
4887057
602639
3944992
4989184
4319834
9835409
3853711
3043831
4067073
727458
445007
3294134
8658688
3237753
8931853
9341531
6894963
349754
1375858
4694978
9640503
9368924
5573982
4214839
3343678
4494635
6736323
1259589
5131251
9053929
2013857
8533293
1921604
8870160
3745945
6950770
9638609
177715
4986929
1112337
1360943
7370370
4579747
8223055
3638616
9423340
1730274
1545770
1866291
9042271
10154
1917297
2964540
6412971
6170946
9636463
4400720
9421956
6133201
7259331
781464
9774246
1401306
3946955
8768911
8638099
8446550
8761663
745137
9812216
2309485
5419866
7049026
2425774
9658320
6510514
4774712
819548
4858677
6951209
5710662
7973177
6504304
1491324
5003397
6266095
1563435
2543865
8254913
2672155
3724226
2866637
6158430
9460593
1523389
1204859
4018022
2942333
7975147
6861673
6306096
2830724
7060119
5326484
7403565
9766281
9468394
522212
7408466
5886571
2008797
8783771
7796893
1199531
6106072
2888678
6169671
6132300
3614060
9101974
1287685
7945811
6807722
4022760
4514170
6513262
6394270
5045376
3956412
9346737
8665195
6081525
4697985
5275899
273156
9415685
9470566
5757815
5109125
2220905
8206811
1792190
6374956
3161796
7262255
377114
2222198
2511925
8214708
9045094
7563610
6517772
281231
7200913
7889180
4243224
3902622
2079553
7567184
1881886
7484294
7619604
5331692
4184423
778712
4180737
4720008
6066673
1062367
6237149
8441140
4916677
6883976
1690618
6851446
5672424
9338478
1015402
4204510
2344171
537986
3430881
7064776
9118621
8718676
6488632
7118894
2177505
5655296
979598
4447271
8750106
1062327
486281
4297088
5444674
3912041
8673082
7597942
5990554
2960908
7125023
918029
5071484
8510092
2567233
4768911
3641676
1033039
8548862
7727524
1990285
9391331
1739105
1605131
3396240
9518663
9975469
7309043
6093895
2765523
7618041
4334456
4558391
9689284
3389173
5945021
2234124
3045224
4501450
4864546
668486
4426338
423584
1802786
350737
5246491
38201
9486412
7382195
4678598
5384634
9113820
7982367
8621709
9364618
7610230
8209062
5495261
6024403
7395966
6449613
9733835
7910822
5938198
7579065
364065
2356667
7831093
2933063
7941385
5789398
8901216
2819128
8269141
3784004
4151304
2761866
8863977
1134213
9358977
9651042
5935814
9669146
4025892
8472371
55041
2197597
4015653
1285002
1527823
8285668
5451512
7354652
8844985
2491478
144613
6741186
879424
5132157
5398008
2497793
7564032
2920453
186293
4325721
180820
3007209
7655082
1391944
6797723
2246084
6393405
1645169
8510114
824457
1479528
5447317
4619344
548289
5652293
4758969
4767436
1415034
6700758
8336651
7133949
8590746
2248423
4103593
9466530
1767939
5382253
8505957
8904959
7530209
5338376
4470808
2374834
1482131
5027752
6141343
2827940
3090483
6265163
6597495
2893723
2431556
60516
7970673
2976619
7023479
1835096
2276241
4999244
1432858
5095969
5175945
1728967
926
1162005
7711565
4757323
8618563
1090881
27347
2573020
1807970
6344943
8868969
1007211
8899158
4582599
2822834
2837440
829448
3322770
338622
2387476
7307286
3319705
9380933
9712955
3502496
6807084
7260032
8535422
5692590
6921663
1793829
2313991
5032129
5565742
1953149
89077
1377909
7873825
2187683
3548560
6048975
2036106
523995
6027926
2344233
3387595
3243020
1877940
8185143
5348597
5384284
93840
9360565
6323500
9480422
473475
2077359
5285542
2277274
4099940
3869548
1132754
5829554
9292671
6884728
2859413
9253325
8260005
8798797
4014895
1929258
7436509
3517341
1787836
6394498
1078968
372927
82519
6004737
5578690
6500787
4039385
2445667
3312789
9347412
5969727
3127720
1013767
2242841
6726057
2313843
4615299
8468103
3168255
4185093
5433333
7165623
8918574
98896
4897119
6012927
6078480
3406779
4702729
8308032
7486826
884721
5846869
2994892
8602127
794854
1232816
3028210
7026337
1931368
5886373
2005031
1693943
2592221
1190924
7949906
5162651
5883295
1859935
3848371
488170
385137
8713516
3635697
6254302
1683868
2666151
2767296
3125993
7449642
5477463
2592556
2698743
2603582
1901297
3986180
2470166
6653198
8253762
3959653
8224434
9462527
5225797
9953378
3951609
8621532
9276500
6270429
2129842
6825339
1550501
6707256
3023434
8692969
5539740
7700105
9889859
7034880
70083
7899228
6411724
9166091
6075348
8250056
9152380
8457103
1468188
2241042
191822
3932986
4102275
3096175
1397692
5246457
3007929
9250663
1512566
4973477
3820799
4869333
445375
4482013
8109327
649227
8841061
7771375
9933609
4138898
728923
2429807
9184060
6588559
3706484
4536682
8690093
5383489
8519486
9546933
2815174
4732838
8160505
3665886
9715134
7473469
9403571
6632644
1416545
5410919
8509953
7787843
5475804
7199463
5949916
6696071
6911911
6710408
6694805
3588994
8044815
2789854
23286
7429880
1611231
5633444
8598775
9712951
3055786
7777989
3601818
6149989
7828408
5342582
5126115
6478961
7988875
6130432
5100919
5526571
9736460
5890203
1011920
6816752
7515223
6153846
4969755
2005630
4865568
5045716
1255599
3861094
310208
4568016
7776425
2869919
6326880
9362497
714664
7676726
5074624
8756792
686114
7149603
6304293
2152870
334689
2443448
2204253
9881627
8527390
4318131
9668080
4271913
685240
8211442
5642469
6250087
9091601
1162310
8010669
8096785
113414
9642719
3636400
1872973
8068488
8981095
455795
2411144
9873372
4061356
4289635
7229183
3638763
2665205
6385473
669786
4720070
8037365
6049705
45682
1969851
6153309
5849024
401075
551180
1474956
3213049
4141213
3920082
1918050
9754629
9458789
546798
1223474
7598933
5581112
1192103
2859350
9845069
5429791
7957349
8069084
5031302
1271293
4702601
6474717
2207808
352182
9611623
5714158
8650467
8852586
4901089
6379824
3186736
6681823
2137121
8598147
8557961
8669181
9058418
9642455
2756313
3991282
4731580
2452642
7831457
4983286
1377946
5101678
497312
406056
8817050
5679370
7127710
5669527
8158864
8098784
4912086
6739550
3202967
1550567
1142270
4765415
9318693
7645999
7216756
925264
2893514
2095897
8806918
9235562
5374213
4669097
8595166
5365854
2163267
7498100
5641097
9246186
6760693
1737651
2351394
1990089
148429
3334010
7599903
9423153
5890452
8942722
5467959
338550
8523563
4584738
1505647
3811148
6319132
7165789
5999552
1940521
2127452
8070932
8920551
1002313
5808543
2955996
1025353
7374155
7936856
8748138
5140864
9499001
4869324
5197995
9021702
3335845
8307026
6560369
4240893
4693166
712233
8361927
8215448
1238946
6785781
4168165
8559274
5564285
5394136
7440831
7363145
6708880
4489001
1021240
4771486
3442429
6117332
3540468
2047308
5058271
8240334
7081674
6346619
2443782
2808755
709209
9819520
7945440
127485
6620466
5277995
8357491
6569955
8425266
1447596
7841030
9718476
6556915
9050402
433888
2642158
4181337
5364162
7719336
9784840
962503
1434400
8367851
6574264
6660980
6531613
7215932
6803705
5732312
8372846
4460278
8194749
6823360
2765636
8545821
2843171
9320193
3435165
7332579
9087957
1445321
1030823
6410566
2243329
4549393
6486092
6505302
8989554
5233070
4611038
9370901
5181130
7326855
7779681
3561975
1089630
6353249
4627567
3695368
8496302
6520790
6207436
7299885
2002176
3563237
2401415
6870402
5847703
4687778
6013257
6697571
7887381
8461326
1066429
9647110
1686762
8814337
545180
70853
7523064
6703172
6125779
9634426
1151941
2791099
1570388
3569284
4905180
3647935
2920310
1483238
1297856
7295754
7323658
9306765
7330062
4964299
3492987
5701938
3007534
6099802
6919329
3904982
4351285
5587078
302370
3694314
4818267
7167241
747397
8427793
8250260
2543005
3715029
5813885
4980429
3750439
8346478
3638646
4606788
1660818
594663
5713017
581380
4128439
4649115
5711741
7563644
6715640
7148374
6656849
9463611
5309164
4648473
5859361
8513099
6344244
7775499
4163607
3940647
5798636
3154172
3652637
6938585
8878910
9428758
7821889
456501
3238032
8034338
3078450
9229484
1349981
6994676
1917415
9188045
9682977
1757429
4453343
387806
3034222
311371
7649027
1500435
6986012
2345511
7180583
1588201
9278878
6916650
5370927
8224930
8254575
1391988
6257230
3964125
6767274
1848395
3299946
29137
5522745
3154277
9510684
1163942
1681830
9222611
619475
4781168
4020493
6802442
1006232
3844680
6318002
5086606
8807659
707977
6578863
8655677
3655245
5047076
1628742
1402549
1430231
1646241
8819925
707427
9886600
2140851
9697511
6044329
2703900
8318710
8250854
9589803
9889687
3188039
8013167
1068215
3298529
541248
6415294
3904078
6285835
5530062
5836104
8990419
394671
3858161
2721384
8269647
2036214
7717136
5692081
4241631
363828
8746103
6366434
6279355
5702317
7206766
7068407
6428259
3652347
2985847
3553372
3987559
5001607
5365283
7202236
9461076
3145781
8107409
9604856
564150
6207516
8932100
1975860
5098319
1823346
9590560
508427
8290258
7350407
7040577
3894370
6417372
7553128
4413944
2407386
2046448
454820
9545251
4797919
6242221
338347
1927592
9344478
8817167
8212177
2904782
8615699
4835038
2096626
3925304
7699072
2664630
3994928
523262
1781625
536500
7578456
747241
1768668
1580986
4300003
942667
3909343
1020256
9755288
1429625
9682434
3922679
9273935
8824935
9586211
4844347
4524240
5379166
7003824
3800084
146137
6469852
1799159
8950281
7816126
2743304
8843417
3044930
6920875
8831056
5083165
7320888
9204869
6033185
6141088
1165051
8492015
8692546
2543402
4551711
3427561
7188686
5014429
946372
9501202
7293004
7664967
4278465
9410446
6924780
6929814
7776365
5164034
6029920
2494571
1594761
9346748
2064213
1672199
7400013
8248304
4327437
2112034
9220110
6844829
4874907
1795226
6573576
4212239
2374458
4641608
1200334
8781053
5541449
7663727
751819
9305810
3339879
9650894
1058676
7342089
4250535
215125
9391372
1254321
4579312
7968372
4874131
5291024
6327028
1417614
4019148
956644
6329675
1380492
3286122
4196549
8957483
4373518
1113558
2223782
5031366
822461
1773727
5364218
396608
1823676
8137983
2440435
8946252
2663485
2205062
389605
1322722
8324016
8024166
9206473
7850271
5457557
1282906
8074718
6880697
9939699
8329139
6864490
8072732
1891809
4957824
570527
4639654
544705
6183001
6495512
1739132
2685197
8118984
8539266
4438663
4744393
2796245
166232
7205263
736280
1592493
7348934
3086194
6506347
1215726
2748463
3958272
2639060
4331409
3261258
1753334
7797625
3598325
2374119
1505686
5416867
479492
1399888
9530975
7328374
3989508
5922378
7418478
1813179
4649724
2586427
7028081
1579481
7684288
4285029
6374211
106851
485148
6197456
8679338
4951754
7371545
7965254
4074281
8635315
3019375
2495736
1344257
176484
6575879
4710462
2710603
3036759
7597866
5848444
9750827
8546929
2348748
8352
7642930
3864268
5492591
9406791
2313426
5664817
9140790
2504191
3935998
2865697
5867783
322343
2398046
1425810
7349595
3550835
2963884
4526775
8865317
1500172
1198894
7633400
6840924
9814612
9300176
1947905
3835687
5323719
9029341
4466934
5304612
7155709
8504666
3810116
6093141
1663692
8977151
8102035
5064488
7228810
7124691
5418456
3028130
139248
5692643
6482822
3773607
537498
5586078
1884260
1815272
1632938
3288272
5404794
5923433
600973
3797561
3951397
5494830
9087701
6039241
6182346
8411010
4204358
9672571
8844199
5473891
1326444
7742411
7872197
7350413
4301033
6107989
339722
903329
3777741
6848396
2742379
1944306
2727838
1042579
873662
1092845
6499447
7018555
2631085
7749410
4417996
6282394
4139462
4039667
3288907
3373380
3121712
2286295
6191966
1410089
4955129
7984460
2718029
5415435
1057930
4841431
2650369
1052058
2974780
4128441
2895459
9182637
4291587
3312432
4087651
2586783
8896840
7444966
2257813
3516228
5240661
8923258
3454325
502663
8815210
1020714
4706635
7400353
2715500
8312986
4913194
9817976
1168701
8285635
5997842
1787026
3242919
5700475
1309365
9261492
6465649
5463452
75351
6990875
2471188
5582420
6972366
15958
8608648
5492489
328617
9708734
1136823
7621863
1832173
1899924
3674899
5149575
7720314
2216757
5899971
224573
5117965
8487804
7389816
8145662
2566623
7971508
1019870
7585516
2503786
8914232
1590447
2275200
1547851
2460458
4434529
345171
9765315
574028
1764480
7345673
3799639
5811582
9043990
5038426
7966232
1485908
1092678
495934
5991037
9444819
4584952
2674101
7057900
5864009
9913134
9052208
3488215
5219270
4094069
4859679
6879235
159034
4961656
1012248
6267236
5300524
606767
7406881
5153317
7270293
4764084
8775450
1398211
4996439
2238646
2790858
1355097
4148829
249606
9286788
7695222
9741136
2507215
5820661
4090026
9212914
3180771
9218317
7251744
7683099
6560816
3669512
31205
2873294
7005009
5734680
443719
8503032
7302465
9228721
8141144
8225092
4993194
9231344
9995026
6400285
8390491
5461673
4507412
5262017
1397849
8409484
45323
2536319
3145868
1799538
6759468
4038669
9012506
3756874
5648733
5396488
8713041
6378523
8589811
6881544
879038
2055093
946070
6558431
3341531
4251896
1990721
849647
1443172
9447872
7191910
2962725
4222922
9167852
4267822
1918486
2903745
2967946
2591582
7485748
8376180
9792032
4324949
236972
9697496
9379865
6408882
1532768
604574
6516043
4960786
3736188
1175234
167201
8996471
64055
6790849
3176938
3899204
7118248
1161191
2832188
55524
88002
6414534
33286
8473867
2271598
7393347
1026354
4843541
6732996
1799882
462579
5279626
1179365
8558497
2200752
6467139
2261751
3627226
565004
9366438
3409854
3428067
834706
2932108
7623636
671543
1481210
3765316
8772741
7462071
9407514
1287857
9004361
2287251
3854700
1685646
9501662
5774946
5471416
7443666
8884354
232146
6413790
2929199
9535306
1795833
2512578
9538484
5723682
1261770
5166932
412050
5197154
1020067
467770
1193595
9172232
6340994
4825245
9981990
8390424
6290776
8635917
4124399
6046221
4088310
768274
4057116
4019450
7847716
1963984
7987771
1148866
4897745
4655958
7318182
3573872
7934692
2800003
9225897
3862324
5391792
6263957
7919546
946299
7994887
9028943
4314726
1625002
8291429
5860806
3415373
5482358
9575501
2280521
9701828
9150050
5771442
5880811
6632984
7713878
5689227
1558319
2652274
869337
914697
2447310
9762518
7621483
937701
7628967
6566853
3244546
4373202
8690756
1835651
9918367
3971090
4641156
2171763
1721381
8764267
3508254
6134963
6731420
6016258
3087954
5240349
8273803
2516076
9787239
3920262
1243548
1992455
7500957
5088026
8676416
5214139
8763041
7966543
8404481
6770274
3047598
8739039
1568500
23636
8505425
8688992
258250
8574222
7848517
3991297
6425605
269822
4889980
7420387
5409735
3727213
1781183
7280273
4710341
1491081
5636332
2014494
9139163
999054
5729375
2150490
3782970
2874385
6008940
3050928
8599996
266217
2957832
3599775
3120344
5075770
2758663
7448787
2910257
4351647
4048383
4311392
5908809
878963
8692556
7931930
3175378
552508
5388589
9826835
4260133
5327669
3528588
113330
8674764
5836407
4392539
1147884
8870841
692035
6213018
6592034
9922714
6665710
1409397
5121175
6255300
9551466
2656009
1477004
2013644
7170540
6318407
7803130
497717
7667903
9471345
637292
3331907
8553381
289858
1668982
3257582
3722981
2090026
7498709
8649330
7487094
4750135
3528229
3795587
3567686
7167759
9828153
6685214
5718823
9048218
9083546
9343227
4346583
4884412
1530271
7978527
7572650
8689472
2124710
578829
2107734
1603024
9405932
3995164
1063387
512545
6970255
5106404
3758989
6797355
115485
1163858
8298815
2029590
2611544
7909212
7310862
986032
6890633
7465422
4305223
4946587
4606717
9905090
4106102
2746884
4306464
6450093
395788
3677581
8662965
1252758
9613356
8968013
5207088
9190243
7274258
8495085
3494320
4947532
1436320
1591027
3276828
3496304
2038151
3773979
7528665
5592326
5864846
1684901
7188524
6691202
1286812
8120979
4376411
6231610
5063236
6856355
7837180
7910982
7283028
5626365
4728723
9072436
9142859
3530954
2870169
603006
7093836
1916848
7920873
528915
6015461
2410344
3784656
9772032
124140
2809213
8848327
5578683
7416453
2930979
9197756
3118732
6094401
5033649
982668
1825817
7403489
8684860
5330574
3338124
3121720
1272530
4135625
6554083
5713582
1545936
5023301
2000339
1543265
7122144
9926271
115802
1497445
1142675
9815926
3129440
7652908
2327831
832226
7882633
4492417
3229205
3768452
2723098
5377070
5480234
1657752
9537925
1781310
7603839
185576
3449234
9365085
3266823
2491514
1579308
7680731
1446356
3349610
7236550
7627471
586135
6880210
2080872
8053592
7294002
4205029
1070682
297087
3801467
3728923
1461739
8023352
8736400
1447430
9749854
731528
2934738
9656132
3796978
1327296
5921664
2912525
1615629
9517799
8044656
3155052
4989444
4534454
3536235
9411211
4161418
4772156
7325862
3955367
7158962
2586914
8727385
7581474
6291618
1128969
226686
82487
381910
6867983
5449000
5286600
4100366
1323377
9290110
3757139
6011478
775114
7867986
9215235
2393648
3683962
1468386
7886307
4474463
3323170
5438122
5319085
1359826
2831563
3869923
3315905
8498988
7743270
2206108
3198641
7782636
8774638
6900724
8736505
1779518
8196842
998513
5647180
2660317
1531022
7765121
3130249
2607907
9476545
2257162
4419148
9136046
3671098
9422512
4004001
9052081
9006723
1168803
4959444
9232340
3861280
860833
6868324
1387849
2356937
9458703
2001814
3022573
2351698
7833520
1382053
9372694
849963
5635711
8603798
2571263
250116
7444911
3759786
1068237
2745737
4001341
7483885
3076541
8451787
4670766
6504940
8886637
1705022
6209259
788995
85955
2618719
4031157
24404
295166
9743470
8899142
6798676
8778327
792153
7678086
3912959
6601555
2526393
1178086
4599084
2572584
894709
7968093
8046971
2740937
3150596
5829501
8734442
7890960
1077585
3716913
4247175
3927943
2198455
4957845
2522688
649812
9402283
2458738
5381590
4660542
7843321
4423893
1659632
1604832
815527
5699018
839628
5655529
9580022
1662394
5730832
3966348
5706118
8429278
3520447
3781771
5296921
3823455
7045959
895068
8401520
9862028
8906038
406261
2003665
9341239
6553869
5986617
1683626
5195693
2513581
7099775
9663696
2445903
551406
6819899
6901600
5193937
7026511
966091
8196294
4476815
8126151
4685280
562268
3977223
7175098
7769991
5396138
3159799
616327
2039123
9867340
8781844
2634174
3696297
4086641
4645092
8345384
3242111
2594745
194717
7641010
7825876
3554506
1200466
4859292
7135400
2371311
5004492
8717422
5593486
3132792
8046293
2722007
9258265
9013931
3886640
3937968
4391195
185177
35759
2120875
3878409
365980
1141602
4004632
536698
1469743
6304362
5089747
6798030
3492970
7120107
641486
7221484
2216024
8058912
5910455
3764387
5779319
1992456
887877
5186610
5614603
8111166
5439396
5705699
3122079
8003558
9592571
5866065
4762905
7133507
8860694
5880523
495481
7996134
942517
6106705
5036462
4184193
3887728
6860603
4707349
5124954
54341
4225145
8780175
8245467
2122688
2144245
5191101
7657286
7564102
9324949
1852250
7189125
8176765
570460
1207862
1596575
5764443
4997040
3854795
8703303
7031626
4089782
9082238
6860175
3438453
6067033
553331
4512058
1944370
1042026
1355021
3481390
4794252
3754466
4559873
3876360
5514219
4200642
6008341
1517642
8949474
3345051
4124923
7890095
3573653
5894698
3790404
5689248
1885509
9902107
407043
8587711
4131450
1836270
8177535
7398815
3438028
7409399
8448020
5576343
2692045
3971839
6838182
530988
7747478
8180745
6504259
2338603
8292205
475823
604884
8504408
3259664
4746410
1816704
5338432
385697
6673648
6343070
793259
6210733
1319543
3471316
7092142
7462490
4971032
3629905
9058909
41645
7011599
627491
2283293
1360118
9873567
3849909
3943830
7200857
6472530
2625001
763848
9196665
4109406
221390
1779381
4050882
1297059
8906622
3483708
5469011
2867537
6592023
5392134
7980679
4749991
1113556
1274137
6818847
6085078
4426567
1232010
9945869
504964
1637301
7664463
5551327
2578156
7495566
8509490
4300742
2673570
4434055
3084898
7028419
3404020
8767318
8677924
3566061
4131052
3425417
5076775
2674913
3335667
3186820
8696948
5001286
8673040
4623381
7398788
1163131
6177229
3198645
8510315
8257248
8102714
913246
2469427
9664830
6716043
1820675
7260228
610772
9711708
5232817
3939966
200959
1357846
9755712
3844457
3128197
7324905
9646645
6863620
11261
5303673
2328248
3932218
2383893
5445804
2080114
3230756
3133986
4213744
5104453
8126105
8810902
7220018
9232715
4456774
3895072
3552491
5224206
4215925
7313253
7798266
5290400
6058081
8683878
47201
5622729
4322685
2465917
7146390
5862744
6165085
8138502
5768199
795674
6526661
5002651
8446254
5392361
705485
2690935
5048652
6674396
5720109
1338620
4378437
9327900
5284011
5155151
1829783
1674454
5794590
542625
436856
4591820
6215453
8959625
9243148
4540807
2324937
4601357
2728128
8343975
2775476
5303744
9348550
3480922
1374445
6816261
348845
85483
420650
3624433
3429275
1256818
6664976
6103375
1696042
9659434
5485345
8147133
2433757
7327967
785986
7283955
2500798
5940358
9151592
4616356
920725
4985447
147807
924797
6569030
4988917
3616823
5459146
2846664
390334
3769163
1531448
9606078
5483133
9000815
3104693
2587188
5416269
2596021
1353971
522743
2341624
3674844
784652
8138001
5007854
4041942
1249856
8206687
2706897
6241013
2673241
2033489
6651053
7354417
647087
6394942
1072965
9532312
4387656
2810850
9410824
1013202
3376663
8794613
7354019
6594512
3566565
6816104
6649392
6856721
7806797
3124286
1302796
8362001
7169249
8657669
2935494
5606734
1742827
7530993
564658
134903
8663886
4153875
9112606
2207156
55434
8262331
508828
7696013
5935837
9349607
9912574
8903160
5376647
1089638
4982112
4465665
2388903
577677
6176479
7791768
2628545
5164437
9621864
9196530
4759521
3939728
8903979
1432221
1133144
178950
7037485
1616677
5471269
2750384
8558717
8412891
3920624
2852560
7297150
1723336
1330863
747307
2696163
5564078
7181675
4232612
6726586
3290551
5542557
7741815
8051487
1056317
9154354
504974
6175633
7990965
6526126
2346755
6950753
5155640
1671149
4375603
3957830
6157872
7773316
1019259
5263118
5173531
2026949
3536658
904047
1077375
2608993
2164483
4277116
3478891
6651176
5930437
5296947
7829797
1530605
7023480
8463155
2166901
6148613
2065342
5534858
6302477
1769069
4501940
2656812
9976211
2728587
3632140
6576257
1596109
3847821
6587337
5667221
9381864
9533934
7239829
1496691
8741861
4289815
9582786
1569803
5709601
1122850
7009627
6485200
2044287
9297209
4841447
9034463
2970420
2735773
7581882
2138329
5374254
9404483
4543991
5716177
1528994
2014617
719909
2802657
2931632
8151526
2769389
5331927
1122742
4977103
2174574
4138509
8386222
1678325
350909
5941462
248260
2239932
8256636
2580500
978553
6494119
2053397
7731431
8420205
7841119
6394004
7781120
7603404
9913682
3779091
726744
2449784
2397714
6778859
5729550
3578673
5409211
3787927
8868600
4551499
8438959
7875138
9601038
4961823
4007879
2632865
6043338
5627482
2627642
4338949
5277383
6617690
563928
1253904
2302869
399662
1064545
8348164
368412
4367232
8532791
5278889
8112783
8568807
5099299
4255130
7010068
8980872
2837018
365858
6616006
7869037
6165526
174650
7418297
9641908
4516398
2123173
4061409
1209899
86821
5117085
1601653
3678084
7617437
3075999
8976879
2608821
1345641
6350416
9903408
719598
2990591
1113099
8034495
2256568
2330380
5567624
2221490
920871
9333666
3281066
9964069
6821819
4850957
6505573
1935975
3657433
6318915
1041993
5421109
4356321
797177
9220912
8182302
1556715
5119058
3885568
7124869
8106915
2677682
3828510
2999621
3165374
8633009
9957616
9261039
6657048
4079788
8477964
5951790
318572
3868533
6570626
4766156
3179695
6305706
6023362
6611661
6397833
8083875
2775852
1749305
4316913
5012485
772787
9784824
286564
4075892
5145132
8346581
1728449
9253605
3272633
3643813
4296900
1110033
6826188
345857
428445
4528005
8334170
1199534
4575916
1415894
1544862
4762270
1318108
3772787
261639
1111184
6790809
4196371
7973824
3030098
5298159
9478988
1062361
4698406
8503104
7398597
1098519
4082883
5820450
8389508
9139413
4586226
5414611
3475297
1147413
8881881
9926617
6411676
6801447
6457301
687035
7817610
6237428
7224320
8778325
6848618
7292391
4755794
882140
1516629
1724537
4590563
2699119
9757908
9766744
4674382
2726229
8904972
9271348
6405810
2891353
7811476
7769382
7785191
2894781
7142620
9808354
7920117
9920933
7011015
4356331
8361812
6887286
1652181
5870768
2054675
5074071
2788920
5744934
3207215
9128909
1736913
9710085
6679199
643428
4976659
5215991
599178
1128056
8767366
7527292
5296537
8101600
2347496
1583709
6877030
7263032
1697902
646090
4756243
1032330
4627880
1220114
4649080
5242392
1076098
4597887
9721588
8997449
9270758
2440780
9086948
6355502
465151
571588
2445106
1408943
9626265
3057529
2593029
5748566
8807332
9400733
6137238
8489656
3529559
4746368
9544867
9312507
1138546
7230502
1365372
4753161
9505563
1004804
6004282
459600
7321706
311383
796687
279859
3316736
9258274
6711225
8534800
5406290
1261378
5419665
1348846
5843460
2217007
6894784
4710467
4380144
3498833
309392
8720608
4321605
5288444
8149088
9806970
2808396
6531722
4877490
5560278
2864710
1141524
9241310
6957072
8750578
368845
2480362
6237063
4414763
4068858
1495409
8168808
3976877
1743633
6888127
727894
3553144
5343086
9068927
4892723
9124429
4091308
5077899
5815182
5772501
3663654
9885283
3404969
30817
1315722
8413626
7558821
9482572
6029846
5424425
4215756
6996093
3008371
1531142
6305403
1020937
4312874
7499216
7863210
7633269
8227911
8887873
5480602
1506073
4604809
1181702
7648410
3637151
5918018
9691275
4834677
9040171
2480466
7905135
3011963
8538773
3288506
9360407
8853418
5837265
528991
2531551
2533370
8625776
8059102
6072554
7425218
3266751
8815494
2286874
6025802
6749453
9441270
9368987
6022126
3692299
5693268
9905050
3251819
3739468
6534311
546964
1876587
9851730
1063881
9133157
752203
7124398
4623183
2008730
3095033
9228994
81474
5825548
897070
3033250
2683161
7690896
3977458
9618401
5030036
9403835
343898
459187
5582929
9019398
9657842
9376036
8749694
4296347
6928949
908783
3412649
5129662
2484153
4729084
5970740
7772635
9258984
3891322
912740
1759400
5904360
9949332
9597592
2830454
2374172
8537682
9602838
4394906
3867332
5575951
3588353
6202098
1750080
3000595
2415335
3217174
211698
1764428
7711351
1784989
3341760
9695150
8700111
3205769
9518009
3258276
5345780
8300496
3241295
262065
4265307
3711240
5771458
435752
4715428
2844205
89246
1517956
58726
5305746
9817179
8679653
7283749
810979
9201442
3281704
4045024
675282
7036079
2068129
4660551
302438
4901201
2272887
1213322
4057564
2106895
4733725
999885
2513465
9007461
2351465
7439544
5259117
7922475
1931730
1963178
2376101
6728215
338251
6870925
9372590
2492249
1820086
8783172
4344193
7327332
3883015
7834561
7158895
7686989
4095350
6596532
3298026
8976203
3396576
7981790
3568991
8574011
8153860
6049033
6050957
2692404
6285182
296136
5751911
1251439
8851026
1648363
144698
9497999
598433
2140516
2120535
9158691
4204737
3497963
8207812
1808654
5358240
4432624
273056
5095681
4868508
5324307
7195772
5600847
2076911
48205
896595
4511452
5960373
7084076
6805031
1537715
4895132
859579
9377338
4519605
2649895
2116735
130023
8888991
1018782
8028187
1990661
9329686
7792923
6241266
1651531
4810393
3514812
9347314
6852979
4364273
9864717
4718174
3075424
8860054
2845437
9597112
5507993
775601
1278629
8068311
4748249
7125068
7054633
5552672
6542403
1360793
8249527
6179684
1170610
9102812
6580909
6944342
3099183
2208501
7687895
646311
8841212
7101454
8379093
4087360
3058253
2266461
9415707
8823323
4236182
5345814
5801107
1478847
4378367
9168753
6383197
4504918
1894133
9881683
8796214
3290732
6540250
7204636
3204982
2641350
9338332
1979020
6391987
6743005
6998499
6383954
3717764
4094710
8433572
287155
8098912
7833311
9159763
4051027
5647652
7717703
691829
5752996
8692787
2984891
916947
984296
8949303
6450233
6222858
5532900
5855878
9493490
6851648
6736931
4626337
4704801
938097
880739
3608406
2664963
3816167
5824673
7603205
4353138
7787080
1175612
4931967
3367714
880841
5258312
5033098
676854
9190273
9704178
3298561
5496832
7573208
9585931
1179416
8651028
8907550
6307635
1379262
4931335
2343992
3724067
8756507
4872457
3882740
5318038
4380089
5780124
5516926
4747605
8771902
8153520
7519084
9214046
7005271
5598045
5525748
4549552
8012465
5056060
7261245
3989558
2959137
6490851
9141202
3911757
3171300
3248251
3772211
1188468
9854080
3289727
9468166
6812047
8384585
2491282
8456427
5319256
5687807
6694525
5042285
1763043
5794197
7851077
6049940
3270347
5165069
9341029
7218455
5452542
6673150
5422637
8038830
9075874
9772983
8103735
2366470
6886435
1849598
9640449
9893966
7341147
8564849
2253996
6116974
2886108
8431374
4858960
9707352
5163613
2651726
5923706
4820214
9567678
1246059
1833923
1084355
84025
2439107
656270
7234422
6159655
4160597
6493149
3496280
9789036
2839272
8843728
6695863
8572417
326474
5231292
5693299
5117084
1178038
7399908
8480181
2575614
268623
6424151
4731200
7831385
6340425
1830886
5608799
8960219
1421095
171327
4876798
2964827
114718
765354
5879765
7949599
9955609
8126816
9377087
741832
6584790
7744003
9846697
645467
1367725
8155839
8515749
7854316
2232177
3351291
6252446
6678761
3873519
4593723
8783398
1331712
3371284
2976789
4775404
5757870
9666091
9177037
9015881
2356965
1592771
8749200
4496121
4177881
7145262
1738314
8342119
5804520
138662
4242724
2002464
3158308
1418763
760093
3250666
153342
6143944
7612612
2452334
9569040
3618771
8601359
8994704
3362438
8658514
419803
9877087
7198890
1853019
5982337
2731176
9036556
5112148
4183697
6431141
5440074
2847481
6250414
5140051
385
4340092
2825862
9925985
7530448
6154311
7641068
6179780
3336965
4799069
1668627
1463399
1070567
6799838
9950441
4203008
7782176
2468905
6747917
4192894
8664260
3023644
2220399
5882526
1560194
1929975
1004547
3167389
2656614
5661918
2753442
9732232
346056
2310269
3592829
7117359
6924245
9038918
6956478
5608120
2097591
9593813
4955197
6653647
282468
8444917
8500059
7486587
1865344
8043452
2937087
2590092
4918128
1268689
2622251
504497
6673789
5888718
6343098
4384166
4075680
3888960
6580664
4957194
6665840
2493771
7519453
1503822
7749029
8960235
3713192
5208394
5681352
4512213
3188373
6347882
2970233
1313020
2510842
4878981
402140
3526703
4196100
6695118
4183713
197855
7691336
9484259
1129135
5791871
8271240
8210435
4968685
5611524
2796165
7313117
8703661
493068
5127420
9043587
3714997
5971227
3808958
3951485
7743338
1268352
22511
9378426
8324379
2174806
9432027
4138146
581479
6978342
3572464
594694
1574477
6128042
6453212
1212857
4140622
9231916
8255684
508792
6341953
4708493
9098653
2149124
3470643
8208994
4752939
7312529
8367992
941625
249108
3979350
5903186
7804537
5321376
1308869
9220669
3216103
3164688
7246293
8816981
8274245
7257367
3259898
655077
1411477
8054905
4017079
1249677
4324987
7619391
9121609
1373711
8600128
4915732
4490884
1145014
9323379
9450816
7782844
7657699
3383722
7469374
9965914
7259189
6534374
9209211
7916046
9527508
2371348
4386350
5545763
3192411
1508016
7520846
6402286
4161376
7449348
3635637
1466592
1214880
316046
8777807
4762683
3252812
6957824
2619774
9307745
3854826
2153057
5817870
5306568
1117546
736465
2670160
3904010
3733574
8392681
5381973
4312345
2267732
8648897
7613385
3572880
7915563
4216587
4829673
9249188
2784816
8878044
4465442
2494393
1989692
8476299
416840
7067281
873579
2276658
4934255
2381471
431236
6198866
8935402
1389178
7979904
725779
3133022
1380333
8409017
3983144
5165825
3711787
9925680
3869905
6161268
429728
8424315
2269818
7726267
8620258
795721
2473601
289749
2392518
9529619
2067349
4994684
1927951
3350626
1150649
4788731
3132866
1593655
6196840
1943591
9700757
6935706
5314003
286971
5792773
6532802
794438
5803092
2032647
445149
4562600
1326277
2435670
5984766
1453345
1694104
890475
4698273
7032534
6589026
3588363
850523
4081232
54594
1668602
4906146
7607034
1037238
3082701
1105462
2315337
8956953
5311837
829356
111094
2207933
4121176
7708437
9834215
4463985
8085199
7622956
7079503
865847
2941543
2264484
5980373
4352516
1109930
3265216
4429917
7361676
2301895
1334623
9541355
6635157
8642594
7208665
9141683
6205125
9812535
5403416
2807957
1199511
2481705
2858591
8162358
5542376
107751
3298862
8738620
7934126
7385081
1163454
3818789
3354951
7394797
3917735
4307013
8432879
188888
1953058
1813210
5276748
4673035
6600552
1314253
4395556
557012
5470137
5463944
2399022
8234094
5737976
6066286
1059974
7964678
7506163
8806012
4115001
3419498
9340993
1345786
5608448
1856208
1644613
345565
453386
6143809
9046991
3473596
8340082
5965856
7150945
4966125
1620688
3448795
1930766
2212796
7905387
2506157
4656510
3810375
531724
4421901
1985679
1853561
6744174
8487606
7295510
3459617
4308561
6400212
5160131
2634798
7158317
5979464
3678242
9736073
881412
9508248
2584638
8495759
8886736
2027638
5267936
8811306
2975132
8414571
5048309
1769867
8962735
5478688
2575629
3068678
6855394
7986249
1147264
7999113
6967187
2251567
5686842
8216754
448984
2420056
9885869
8673785
4380500
8629820
5953855
6837560
6866983
3853721
3053713
1554382
1654094
1513348
9831076
8859444
3508976
4545217
1026702
2883379
1752739
4458698
9744343
5642934
9324887
6069486
5958515
8451386
2464483
9949335
5418849
562474
8276772
5541706
3314726
4179561
8408948
6938385
3103147
4139936
2902404
8992663
2986927
855963
9900976
7977585
4474651
8345884
2921494
7478938
3628731
9811495
6965272
4040399
163850
51434
4135679
556809
532646
2677062
2558909
9523352
9688802
7084926
1314891
8583129
6507642
4650107
5542577
3336852
6135649
4438457
7469732
1067892
4210487
3349714
7971529
7035223
7598629
8625432
2608130
7572364
3242275
2825563
8254978
8396003
6110390
876758
9527202
2200347
5893966
327937
7706117
8287033
9936520
709105
5361071
4593464
5084669
8370901
6359260
1990878
724133
9226395
872573
4059818
884199
171314
6282448
6717930
2053566
3353451
3093402
5268328
2393609
2574457
6271236
1528260
7058927
2309911
3874448
7829341
6038508
3727816
5620150
3001833
3636733
32442
848799
341157
2289636
5107780
3531389
9201318
1570713
3097742
8395781
8036813
537037
5949136
4977034
3649496
5009435
8416691
9510455
1858070
7368654
1890131
5430505
4748083
3067977
4714086
7968295
247601
8094487
9006326
5758270
6551415
4806032
9583946
7030397
1912323
8999844
572899
1316362
8032316
8934471
8508962
2828640
6408291
7428217
6378631
6416742
7060391
7829745
3785364
8841516
2897367
8940133
3508047
6916036
820018
3188216
682215
8076091
2299610
8150593
8016750
1888307
5441255
5429876
650565
1644062
3789720
4307632
9141269
3052313
7210789
9158500
8548985
5967971
2964784
1756254
8145978
7208952
2928345
5873650
3683506
4341838
3985393
3252547
2288593
6003627
3367366
3590065
9963070
5527329
3556125
4638303
4734229
9969448
8312893
1117407
8353871
1479894
1156776
9913597
2880831
6144189
9417317
8240165
8540217
4868065
306040
6415090
3546701
421460
8820724
6030804
9959601
6831600
3101223
6962268
7376444
3404593
8108275
4813863
9161615
8317356
2807100
1923301
4652110
2338224
8231677
5187845
4045452
3712376
6175605
6137087
3652677
7284233
4316159
528701
272260
2122670
8303872
6286374
7782437
7250958
2259322
9667401
9491253
5795303
1905981
8550435
4997237
1442921
8631484
3895950
8810750
9924785
5766397
7606726
930942
9036768
5498666
2588056
992800
4042072
166981
6133929
2588682
6730387
5446777
1685984
2863488
7846047
8177905
7299494
57530
3702255
7176199
6783970
1841158
9687031
204557
5764192
8808425
7675558
7955866
6654383
9084419
8625059
9729015
911112
9763533
9368777
7317709
4973615
8100939
5303259
2194032
1080819
5711469
6973397
2430274
1868367
6833288
591326
7535557
5361971
3023339
5630041
2970433
3120348
6582433
8849562
3421966
236511
5111363
7980469
5241215
8432710
1544951
9136499
134507
4214609
449929
7776734
2071129
2931678
4634148
2203260
8056903
9409507
2890284
6877848
6673943
7659799
4903355
748475
637847
8862896
4242743
3667002
2016299
1034184
6329741
7886697
9887641
6405977
4078476
8708077
84593
4748007
5560160
3811887
7738647
8955709
524841
1001965
6484847
9057487
4200247
6974698
3110819
4105662
1437156
2657606
444180
1860987
355983
8509032
8596698
9657347
7952944
6388631
6809338
2687816
8172573
6027816
1499043
533424
1583192
6206034
5383589
8014390
6783122
9869469
7955951
4508079
2288705
3275897
2438339
6544935
7458521
9125867
7642616
7984490
5161386
8172770
7583211
8085022
2225749
667560
1938948
4682637
647020
7098868
3438432
8541697
2453541
2849052
7789216
4815304
9670075
8085863
3894733
586199
1730402
8457601
9579623
2119179
6008165
3491720
8156681
1609226
6392925
6539331
7520186
9043784
220431
678130
6362322
3371174
8617315
4540480
1895942
8214965
9843837
1842389
3126419
7672471
17402
9496584
5209475
8400134
5544265
4030002
7050527
5225071
3427235
5213469
2723826
2342710
6989480
3660316
1751925
860701
4992408
8733108
7343836
9517631
5952426
4036856
5260924
6314422
1772429
2329458
2339287
7749596
1773048
6870461
5243846
8121647
8434544
5002928
8777665
267726
4038806
7396661
270286
9392800
2910122
9317559
4348420
5351060
6052384
1566777
3500987
8292738
2933213
9700228
8128467
1082032
6253710
9537529
7273885
8277233
5734437
1047684
8359273
9631977
4167922
7309105
3348397
6441835
5515610
1503449
5455182
3072771
9948854
1102708
8114190
9431951
394058
5112722
9748243
2836872
6884576
1173093
5307536
723679
3815680
1552118
872850
2993922
7563343
7925496
8351209
6588925
8293634
1554618
5554865
5796029
7973245
2829877
5279228
4953457
9218828
2291141
7634845
8654985
6490940
9337077
898452
5990496
5075159
4735347
6592145
5376374
4280315
9672354
1089703
2787414
6337622
5224015
9692430
6251287
9908992
6455803
9202452
565629
3079157
768086
8417314
7737023
1710126
9490253
3695207
5486435
2462938
8640826
5644963
4513606
8531006
3421370
8833554
4366904
9238182
8082205
90099
6545347
1776006
2419958
4613427
7861644
7440434
4500561
839227
5653971
9592503
2323972
1560531
2099605
768212
7952158
6974385
1526225
9723160
1092989
8086306
5865063
4136601
6889852
7913300
2210075
4453838
6082760
2460094
8550201
3712010
4051028
3030188
2366035
7718934
1803747
571754
1191974
973545
4587074
8834317
5500059
9838726
8536600
7483225
6683625
5539955
4116949
9946450
7674583
8051793
6715080
7425122
3074079
7791389
9451725
7696291
8924398
2801282
7488547
5771210
245896
146392
6469596
7074481
7375881
5700285
6638317
5691520
6241094
847950
8968293
5840247
7954002
698499
3578043
793945
1259421
3163044
657728
3712248
7005494
9282156
7755699
6677082
6389937
6335032
3569907
2435461
8619555
68204
1947727
5436396
4047818
6956771
6331257
8793974
1256138
5872272
596378
3151399
5880978
2224438
5910911
8276845
410077
1882176
1065968
1560201
7730133
1876926
909729
433688
1311185
2441340
6121026
6401726
4873151
1826497
3873713
7228142
6359581
5783585
1537744
7810007
112161
9770239
8718960
9609582
2082297
5727651
837228
1798420
9326509
7060084
671827
9258725
7716896
2265554
3333821
5096861
8264117
9677842
6040382
4114214
5116301
9355799
6960761
1376194
9793135
9081993
7707084
8343633
4555841
1200309
2914601
7139264
526515
506881
1003012
2923150
4840059
9116170
8450280
3970172
6232250
7820252
2317477
465489
5979006
9940813
4871332
9170631
6066529
7176566
1406299
6208661
7126990
6117583
90587
4629914
1348707
1670246
9488390
5886371
2628594
7786428
5950047
8844377
599330
3413180
825466
9990986
9406515
2468697
9161106
7919250
1759583
1412409
7644326
1350363
3907141
9626538
3082172
5687549
4213694
2149562
1486810
5303543
3465657
8351853
8050554
7935553
6620588
9967013
6504535
8465941
9325130
3101174
1678040
3909780
9665413
2776468
8281749
3666054
8996644
5460078
3876106
6159807
8293500
2122708
447191
7692316
1208270
5845715
7465777
3700269
9530301
9324193
8415721
4265709
2340458
4722611
6015639
9578540
4232878
7288941
2794723
650894
1365235
3123441
7407983
2212651
9121327
2340888
8380644
8477015
2680830
6869631
7295896
2876669
7189979
5319481
802265
1870629
3389563
4644002
6097497
8849813
6843335
5196499
4893877
6125331
5771764
1398577
497316
9009096
6600256
442784
2686648
2812863
6731338
8032470
1829844
9103629
7994638
8602314
8410667
7969291
2882813
4085066
3096560
6132159
4502453
3515436
3299872
7917017
3238498
6179356
8290024
3714736
6624661
3406003
3717069
6005228
2527339
4160084
4391096
3488438
4253188
8040269
1001999
8319077
9311143
786746
6219485
8645111
4151916
9451101
6529158
6033075
6025043
4695367
7097128
4486494
4350577
1400095
6247965
910102
2008133
5877778
4474525
2119630
2710313
1660503
7321857
2864102
1559652
4997085
4659106
2156773
7147100
8255636
736992
8146262
2398185
2682709
420670
2971326
3820100
1120239
8794923
3039798
3468190
4102095
9479772
9378088
943693
818379
9297108
5368490
2527649
657931
9095666
7751381
404
3723024
7480437
9606817
3926643
1472425
7052193
7689453
7997058
2108438
8460211
8101919
8322906
8672342
239157
8096661
5573589
3627230
3839896
566702
9130814
3698942
4969834
662147
1249176
2204899
2697011
3247540
6552455
6478646
6705906
6277596
6878687
1206113
9712431
3447846
6509128
8945009
3248701
1440761
5093514
9522966
1748110
2033871
2280443
1456840
8578354
5308324
1600898
8704644
2507118
2880649
4184647
8089780
1640053
3470039
7587705
7405485
7142726
3500929
9775163
4973266
4533793
3191043
1107116
9538517
865831
7124471
2460561
7278622
4857869
6649542
7455266
7051972
5319932
3549307
1720814
1172024
914825
6099251
7204075
6642945
7182284
8321969
871710
5981601
9871007
3465742
7169635
1819927
1611253
3918989
8490842
8371582
6458964
1022093
4685806
3311059
2683248
8153239
9417347
1786324
4799334
2717591
5068603
3388419
9565458
7871144
6556645
6806345
9603725
4021768
7306628
4125240
7913414
9651883
7030519
5037033
1350843
2579563
1476170
5364868
8445013
6606940
5708312
6449886
95966
2421182
4791834
193981
6604832
4743692
9465041
5819191
9411483
5049137
3719372
2408248
8659938
7459162
9707286
3468961
2981906
8560870
9878592
170254
1899760
2338938
488454
4783536
4368414
107954
6177185
4583897
4488314
6338162
1534761
139671
5350292
9504346
8995748
5136631
1813193
7699032
4950959
1599723
1905792
2607447
6180167
823494
9649537
6758805
3655989
8196579
490349
9236242
2225684
9796966
6645726
9003172
6458624
1504282
9889947
9178920
934109
241530
4115704
4515154
8729409
9220683
8219080
8761638
4604415
1997926
1033344
8355584
4479057
9860372
8210410
6822605
2544545
6472721
3985410
8646236
9562868
615347
9977585
9621711
726643
1860132
5420579
1671851
4571672
3837771
7092103
6668431
4893681
2294602
6416355
4279426
5102100
9550624
6225489
5008613
1100960
3571437
2600537
1139335
705003
2486870
6690092
886615
737485
3637759
215547
9154868
2675464
7428533
3376882
7409505
5636691
2412974
824277
686740
9415169
638695
9249845
7597101
9294291
6440749
2923470
8192004
1662167
664504
1614080
1096923
1874554
4008561
283113
4677619
5927985
3966677
2771739
7752506
3460288
6677617
6281855
4094369
425894
1759245
7080773
9424652
6888229
9528165
2979207
8906595
969585
9612946
6760569
2847046
8541173
8240520
6917967
2160989
2710332
5296184
8565420
1635276
6530946
2283478
4471361
5142342
1868248
8227765
9766410
971705
7893486
2943438
3171233
3689511
6694784
3737183
754750
7716885
7539424
1260464
860748
5012123
806556
3246576
653864
6457116
8263371
3391423
891640
4456080
6582777
9465797
5720742
2404093
9845676
7859967
8474232
5370373
9692307
9446042
4793166
4366232
1899594
4141431
688247
1889481
1212748
1038543
8266543
5569983
5638262
7649392
770105
4687938
3347252
410790
2975893
3721973
6741450
935349
7970143
8453795
854593
9391233
7889348
6362289
6461548
2498129
8763809
1509811
1903766
8112296
3350330
4539163
2918473
7042259
4450963
1049869
292157
3055489
9701743
2072270
6185436
5667340
8076770
3292506
301294
2875350
2757525
8869524
5964134
5068878
6528150
7887896
3293512
6514578
353497
2765997
7196085
9361071
5360336
5312598
6867349
1133187
3955874
7121799
5813471
9925828
5139211
3670645
2631048
5149593
2847823
6604550
4094469
854886
874332
1568616
7649407
7432613
8987899
3476797
3539347
9625327
3862450
8477684
9658562
9221787
4872378
2944819
3413372
8065277
1066904
1436656
100420
4675408
8918875
8310047
1024640
6117806
3802481
7317510
1349215
4018491
8280869
4470956
9767015
4352482
2004025
2645616
5937434
7831863
8975516
9562293
9201476
6519420
7893704
4512443
4798052
291775
3381690
6673673
8365620
7161760
910095
7943430
8459351
6076593
7761848
7882792
9090975
5647094
7165530
1304899
6259959
7982987
6502468
9800067
632691
1652069
606094
7245685
401523
7618609
1329226
8384063
2107630
9118424
3024234
6715632
3108832
6136868
8425006
169458
8788434
7528188
7913927
9223196
3413507
884939
4192397
7378660
5479728
1413247
3830106
4176818
4759557
3550894
6097537
2236111
7689632
1646930
4359022
116476
7117246
9940789
6843100
1332511
5311876
9641320
6540845
2614297
2164076
1511021
3666281
9716019
949450
8159092
4112470
4828342
7148666
9096386
3209391
4525849
1850153
3605678
2859909
5531093
2952380
1934022
9040431
8318677
5754848
2565006
8795631
2151433
3881775
8456168
8837667
9176090
8512123
4066191
1624613
8319032
931259
6205629
3585087
6979342
9794064
5448813
7830350
7891031
5372530
6520507
4405618
3222794
75260
8632807
6039663
961585
3008208
4162040
6891171
4136152
8519080
585981
9954212
8769184
7054586
2755695
1666677
5852659
556743
8418482
905701
2612946
3544193
2180410
3449221
4722121
9701143
9774410
6267332
2226820
8047774
5213144
2757801
4608380
7665309
6172173
2386603
8958282
5591669
3763944
1689008
282140
4860523
2760066
8877600
3915205
8229332
9659116
8484006
5450222
5060316
7665588
1657859
2581994
50802
7649159
3371918
2019240
5884884
8153072
6801740
9022657
6630962
4135871
5613096
8454066
3498369
861316
8721615
6023459
6138335
3144507
2834218
405733
2479390
355842
4545401
3035131
1896944
9222788
7176073
1478607
8295469
5992314
6505234
9037958
394819
1600584
2581039
7160045
7602874
9166787
6114298
6981906
9239010
8947602
2261059
3587056
50716
7076914
172653
967746
8719299
7266707
1052774
2195576
5307701
6313568
8784961
3794247
7841793
6619740
3168882
9199707
2906415
7100903
801573
3351976
275110
5274017
354619
7535198
4330430
8928805
5579874
9733627
5034083
9310454
9702095
824698
3156322
8289272
6672411
134825
3621587
6258069
3381943
9506840
690851
8160256
1935630
8612013
4529085
8601110
335158
5281365
6153301
1055456
489041
9309653
7787985
1619253
2135686
4955582
8773844
9317373
6865176
9215231
8856168
3007632
5837856
9972628
3495110
2086844
4290155
1871453
7615173
5257574
206066
6725769
409822
5095624
5459058
4811953
4774360
3378904
3808808
444417
6625428
3471049
1662123
3664145
9430775
6678570
9862501
7628754
398959
9898413
1408815
3737635
7590436
5124611
6472584
6883203
3159357
9776098
7786738
9148129
5484876
3121064
3378666
4473360
1409751
7958041
531714
9037526
4920580
5220932
5801372
4531492
387168
8796293
611141
1841631
4306636
1403811
4896299
280028
3216900
1919257
2558269
4540139
9298637
1329778
9867230
7159434
3687227
6553293
7742149
6654011
1601692
8498049
6394740
7415792
2820101
8394073
8419922
8813686
9819904
3391207
7085312
3141804
1038712
8021812
9828421
7821444
2944708
2713517
5898402
1699591
1024038
9072852
4511451
6667030
6349187
7359219
4755694
1952435
6382434
6586102
8493421
438889
2119827
3067618
3479405
2942810
3489772
6771702
6748439
122211
1858351
9445469
2603483
6860781
3485447
3654412
8628677
6098259
3921329
2711870
5561704
3403371
4687288
3799946
3014902
8120243
6540760
9149469
9805682
2292122
2347012
4168474
5323900
4414952
9040772
8321419
7688779
4721354
6958390
7952770
6382010
7135230
3413108
2802256
9178873
4881815
8383126
7760737
7485540
4654958
8585998
9715506
2468336
4624293
754738
8815345
7716289
735321
5146263
6220464
1412570
6621668
4224280
4618309
2161260
8361163
7090934
7488064
4827599
1243211
3338905
455945
1075982
8420731
7137397
4101910
6587548
1537822
8129416
2980679
4640165
5544711
6969343
8208478
8950144
2892329
636921
7991582
2581312
5919802
9191779
4774399
7019242
3369476
6631426
5389834
7946305
3766984
314511
5203543
9304380
2435791
6365436
7583649
9844377
8249742
7635285
1074691
5180554
5091189
3907394
7813074
6854158
1210580
948520
5620118
2855387
7464554
3740784
6226597
490103
4308236
6418783
9449566
1838822
4137071
4198052
7597055
3523838
9584658
5972465
292388
8808278
6566858
5183937
1785565
2915933
560747
2646455
1968519
5395088
3380647
762389
4018977
4155784
3397678
5953196
1683910
1624541
4037755
1198490
4276074
8520834
6510897
6409633
7381651
9440792
2539493
3371831
1252520
426077
6727234
251386
2653410
5454770
9837900
5942352
7350879
7722567
7456065
2571935
4862933
7245669
3249435
8445222
9946979
3524311
1515315
4914934
3772291
529782
255360
6420881
5159836
9977040
4867580
374685
2493492
9531636
8576551
2124997
7994307
6155357
3744421
1786925
8945955
2163065
2084994
566159
8982179
7706708
6663958
5891959
1593914
8526694
3383940
6888983
831192
4850037
3430108
7907144
9747544
3250856
5885152
7151390
9411218
8669354
7960932
6427046
8457486
1780343
6721486
3961791
4832851
9069894
2525629
5918866
3923421
4725011
5417287
2914479
5011756
1025480
1564506
5945029
4333689
9012359
982083
6855806
9755908
1814295
8983629
9519221
5801864
8038504
101634
7535317
7373648
2090180
8984717
5693455
1705443
8304149
6992191
1673271
5073371
2346317
2240048
4039932
116692
9901557
8026878
4471746
7833087
1308502
2434865
6784606
8996566
6348094
1010111
9776877
4039530
1106543
8628010
3298513
7497560
9200682
3726407
7955273
6010970
4406355
53787
3481900
527481
7511617
1312734
143682
6585953
8591268
2623649
3705151
4167885
2969235
4909707
7827933
2025121
2932402
6499263
4993173
244630
7983869
4347610
5261049
3595535
1875251
4245784
8252465
2811275
4560353
3390742
8779536
973236
2466569
1983154
3614930
4423700
5889136
6840206
6850164
4815847
2173441
1991604
2729648
1020043
2574177
2914771
6957588
252435
7387024
8219944
445118
1104508
2474808
9829752
9148470
1929463
3118358
5372089
2850152
8093925
4784898
5841488
4250940
2315745
6958364
3330037
7864788
4872438
3770901
7608756
7065825
2653553
9209495
7785612
5663650
213586
9165138
9898810
9412219
4526044
4113060
2747792
6460590
3453388
6865124
1215998
752952
997414
827468
4888114
853706
8433450
3100032
576220
5225442
7351526
2914367
9466506
6486918
8871397
8834213
7970995
285981
1102725
6233114
5718095
8445034
8554598
812763
1924515
4364070
1599359
141603
1765019
575800
403530
3570165
703183
8067603
889887
5587977
2698664
4845356
5835167
1973457
7327388
9665687
4444487
7949862
3366036
6371645
3764516
3578260
1905647
3939516
6611621
9034303
6549408
2912731
4955276
7705968
9466099
2628648
3724799
9303232
2552941
4638897
4654139
8047455
2463184
4610139
8475240
9736705
8815549
8740962
4321287
2699367
4588276
4435181
4132231
2169733
6551480
294221
4972535
2979157
9286094
3159890
1849559
5345336
3847459
9759306
6548103
9132676
6691085
9956887
5931105
2493742
6673834
8038636
1323490
3645717
2528741
9394980
999299
2655337
6941463
3228094
7880742
6789174
2987977
4782073
3575084
8519313
8978968
3848456
2427555
3677533
7884337
423026
8114205
7435322
9314940
8435594
2070300
4039564
2331222
4887813
8661289
2672931
7237622
2840381
9133955
7373708
1285617
5897857
5997429
5555955
7459672
7674262
7789120
7942963
2093695
156239
785720
9641084
6893913
5929668
9845867
891424
2270463
8728498
6085755
3714938
6844239
5821551
6391181
1559803
5949745
4838152
4545754
920019
8037365
1989497
6142691
69048
4894680
9179912
6162753
4467797
5891494
9861566
7811610
5827154
7160185
2814083
7413936
2789756
4524831
6835797
7868307
6730898
6127385
2196644
3375479
5282475
6460096
6751054
2506016
5119814
8444931
1719730
536057
4705776
3851339
9356659
6210757
2584972
1771263
9553355
5559533
7552578
5792291
7289609
1292407
2753031
6790171
5142185
1050392
1122372
8585742
2499598
7457120
6303398
1330278
5176286
2806675
8832897
6989939
8204794
6992920
4063073
7949999
5793816
1461259
4704943
2613916
5497728
5181421
9024253
314570
1824863
8407163
8300910
2147957
3788491
8578076
9841349
2927434
4801364
8667251
5693960
6812618
3888067
4578581
7802576
5408584
8637554
5039060
7155376
3654668
5553351
7968954
1369280
2354842
4151375
6690193
1308997
8687628
7641075
247839
827518
6988700
1211353
3980400
2991886
9144510
2601945
1360075
8538753
9506154
6073242
9708614
6279164
6792055
7369417
7789302
5289734
8485283
7853301
4376510
8379373
1936175
7239434
6640072
1276118
2322215
9881193
3118226
7162853
5683904
422176
3931808
2941445
5522906
2186315
9243728
3968340
5987236
2395014
9867594
6587566
5687646
9092621
187029
252245
8693178
2894451
7042887
426042
5820764
2136699
3950933
7841898
3783553
4157463
6186760
8159896
3442107
8184059
8743569
7016387
7672410
911068
3833651
5808643
1365351
6580298
5085598
7306102
9543882
4699175
4397788
1863745
2786059
2700611
3913444
3071045
938933
629142
7851213
9479136
30166
5932824
1638556
6317789
161444
5021377
1792574
7704313
6298810
3501848
117137
8501779
4479
4256250
9509532
4600943
7386919
7062890
5254111
1135398
70099
4281999
4794438
5635502
1010388
2732622
4733239
1590402
4682509
5270788
9247818
9280494
1356278
6999136
254232
5707641
3420733
3782620
590124
4295406
8192519
3396438
2767511
7709321
3623252
1235919
7570848
6594491
7354880
2460607
3859864
3519770
6275301
3470610
1747658
3820905
7117470
6443459
6091921
4077631
1223143
3978900
9556869
5940822
5874535
6027213
6121458
8396912
8069052
7651864
5802731
7806342
861768
5695655
3303513
8922491
3843886
3976450
820956
8074835
8456284
8161994
3438085
954403
9268869
5976622
7469925
7044812
2236470
3861624
5508400
5841509
9407896
8480575
4967180
6842039
51777
8903999
485372
1076065
9804854
9381957
4586724
1593244
1131009
3681220
7757752
5477657
5364587
9448838
8442309
9237127
9928151
2372348
3709596
927281
9657275
4266038
6408982
1839939
3275067
6562670
7113737
4443693
1387236
1959486
9170822
646048
9307650
8485490
5576779
6655134
5600120
5826892
461229
1687959
3724020
9776473
9005523
8417371
7115888
7852651
4644094
1382979
1710129
2120209
7609522
7523081
5967396
7011826
1151334
3685734
8911351
3723774
6624737
6154316
8449349
8042166
1680062
769213
1987433
5419028
2443790
8298695
1412084
2076183
694812
1937052
9231673
3835887
1679691
4973522
3407365
5470914
8494620
4061619
7605484
2106265
6792780
3773122
3706814
681963
7630362
1159755
7730073
2780867
6704294
9267493
356376
2269328
4335733
235912
220713
3751689
2501777
3525509
7706621
5201595
338254
3430438
3440536
5814064
4511143
4473378
980744
3776958
8016838
5909693
2957362
6410601
6670882
8207674
9655751
1494134
1018691
2277246
3700054
1214861
6018337
6071875
6954492
7403657
589738
8139637
8045878
1311328
2325731
4547884
1570007
9452842
2200614
4917191
582805
8321360
3215497
3785377
7483581
7620306
8772575
3384179
3703815
2877876
2559192
1897158
3491972
9383814
1088196
9131795
7861939
1405967
8150261
8361593
4911924
7570709
8039105
4211609
461972
7155148
238758
9685393
294342
9597145
2257161
5302420
6156083
7087489
1178007
232483
3894248
2674163
1277260
3608810
2897518
8320302
7212562
7450681
3407031
241040
2521089
1193757
6671540
5206013
5614277
6078491
299780
713768
8573853
9499784
8136902
7376897
3621632
812552
7819663
4953147
2287066
1493921
37239
2016248
8290804
6591355
8633806
9645716
160753
8365366
6061037
1940875
3000052
5820136
1320358
3872392
3609823
5957810
4123613
6785675
6831031
7658237
857136
4144437
6592291
4315094
8506706
2767539
9570963
4212964
2188149
3589061
358398
1707778
6247781
1878634
9469635
1675261
6288946
8246186
7356209
5917419
6530950
6827007
4710946
5767206
3656213
6350945
4577090
9861860
4947121
1219949
2039149
7994612
9541885
3945905
7919030
3724439
6381754
6515350
3124997
6065401
2915773
2550763
5549400
8497995
7949057
6124554
4010154
7660798
9589721
4335401
5248112
9571869
4728894
8485311
8988608
127559
6261830
7914256
7068429
506568
32054
6866903
9629837
7567572
5887150
4683280
3167547
8972511
121858
3105503
1635320
3852700
4604970
508832
5549773
2473999
4121679
7816588
9656395
8227281
8449285
9277060
8684820
1818208
7225240
6479485
7108210
7188896
9921151
2603145
3330340
9080818
5182446
8386558
8770234
8993264
3741575
8064709
4452630
1286850
9769264
2488001
1608082
7566112
213119
9082713
949184
578660
6572882
3747748
7443404
8407242
7421948
148400
9728254
9976648
4827802
3109359
4316892
6153604
7558787
932159
1528300
1636855
2297181
6265621
9998871
7515804
1717069
9262405
8932906
6775252
3332294
5445104
1756533
9152601
8111107
1681930
2405782
2603229
5980943
8066822
8801104
5118782
2543361
9447969
1071892
4973032
8012230
225736
2517794
7976904
9523223
4431655
750281
8055017
3811593
6720719
4757066
8790188
5053123
2380675
5703259
6157352
2445129
1449120
5941319
1823004
3961207
762790
2050994
2197389
3365642
3218535
3432315
4572545
9170777
8304970
9744954
1753430
1246625
7988284
9516520
5191487
494845
8058037
7182878
9858140
9501428
8238306
7598070
7959798
2639533
8420340
9648142
555860
8694589
5595781
9936555
2635836
6254241
5249314
2807033
6247049
530375
9293177
7001073
229733
6689095
6604960
9550291
7661988
9755951
9308287
1546067
7042238
9440507
2155484
9972944
5715558
1711140
8623874
5077439
8868427
8102863
4906508
3481254
4638314
1839398
2799059
5501893
7392910
6600644
1744463
1198182
5995722
756466
9464277
216513
1700623
4166167
6174020
7491176
2664308
8816198
9968645
3738263
6421844
4605969
3229122
8378522
5199258
5909857
7255753
9207169
3338734
659903
9262472
3367552
6245512
3512511
8214968
6359653
8778917
9081865
4065047
5166646
4937366
6556165
5729997
2773094
8211445
6315810
3610608
1593396
3609715
4866883
3706915
851489
9737549
7628872
7708889
6592652
8186077
4936372
784440
8508395
8820429
9518976
3264664
6037288
6632166
4457339
2871466
2166421
152454
3058012
6157365
4543118
4419248
59878
4704380
3610154
6039870
5484342
8227004
3115933
122289
6200492
884817
7996077
7403049
7350644
1161848
8638031
7822192
5405104
2283823
4590942
1189808
1852740
2637881
1400055
9517637
5648061
7351230
8730739
6549421
5729246
1467023
8965762
5343644
7533129
7821830
3881697
8934060
4814151
6723979
682807
540338
1575604
8517940
105362
4127660
7762442
874884
8329977
1892054
7795336
8206164
5172525
2657243
5024382
8005200
211073
6622889
7523000
6633752
2295123
7256285
2372869
8217606
8206246
2147422
3736034
6160015
4967133
3428102
7589960
1540290
5363478
9755258
8959887
9224174
5375137
5014682
5258493
2357217
5032988
2552852
1014768
7376458
8129580
2847379
8998435
372288
1184602
1327765
4372384
443228
5871367
3408987
6756034
2462592
4841742
4117113
8707430
9489083
1484276
2243725
8879918
350277
572110
7461644
7954673
8238628
5935280
4758968
9882563
5194610
3749837
3595822
298012
7698101
6793520
7159579
1094951
6354158
7013398
2052367
2838569
5814061
3349477
8948714
2842124
5308129
9036493
9548274
6634888
8938414
1046138
8495879
416621
5455223
6057459
7621742
4097167
9965179
2671378
6149193
9606093
2592539
1674784
4971815
1937984
8052665
6476173
5319480
8272765
2879165
3735240
1403545
4197512
3416753
9660225
7491662
3883349
5532172
4011257
9007309
3330427
1597580
4699586
2058423
74360
9719100
117657
3016866
1298459
5028501
2774684
8969489
8994322
604865
7272873
3224837
650512
9135611
5966229
3863468
1076122
5112081
2613510
7083064
6810479
8804235
5438830
6796107
7739538
1472614
1040548
6404878
5988341
3636729
9205920
1570145
7364292
7430777
3193043
3660332
3904459
8860321
5689428
838660
3437000
921468
6673482
8739137
9747741
2771230
3781565
7626738
3854416
8012003
6044528
9775252
9869535
7807680
9208870
9517751
697298
235876
1688121
6319786
459289
4970601
1182666
5780548
6612498
9749303
35730
6761809
2656038
5846518
7749591
1980824
8565395
8077869
9016699
8089350
6859076
5912316
7125935
6697465
3712860
2620274
5444676
1714858
9223889
5594764
6996514
2954423
3975733
922187
6377169
3583948
7890449
8265841
7981364
1164270
6516458
1538647
2778455
2324963
6578789
9532910
955613
4946626
5415174
3878352
203804
6348563
6161172
2333698
3810500
3543970
8163225
1320393
4457914
3412965
7818885
3252901
6368515
9183751
4516338
5087726
5687771
3512336
332547
9167754
6533734
4663859
6306021
9151305
9895166
3448117
9784183
292701
8886059
6026229
1272326
5361401
5794224
8321052
8973617
930308
9827138
