11
28 45 11 39 5 48 37 39 41 3 34 
11
31 40 16 1 22 49 44 50 36 38 39 
15
18 1 39 10 28 29 35 12 46 22 7 29 35 18 14 
5
16 23 2 39 20 
12
9 9 26 12 35 7 15 27 46 45 30 24 
16
45 37 40 29 39 25 16 30 7 46 19 22 6 44 13 50 
15
46 37 20 49 12 42 45 33 13 20 42 4 6 19 49 
10
9 41 48 45 49 5 30 43 3 9 
8
1 27 31 40 14 6 19 11 
4
45 25 3 49 
7
9 35 43 27 50 4 10 
10
8 22 8 27 37 44 45 2 24 47 
12
28 47 18 45 29 14 48 31 29 17 25 4 
9
28 5 21 21 44 45 5 8 17 
17
22 30 36 32 48 15 18 22 28 22 12 35 29 4 44 32 3 
9
18 43 31 48 33 17 16 9 45 
15
24 29 41 20 16 40 50 5 44 31 45 10 2 27 44 
9
46 47 35 21 17 10 48 30 13 
19
27 39 28 24 44 47 36 5 36 39 28 4 17 11 46 45 5 48 37 
20
45 4 15 22 41 37 40 44 21 28 31 46 23 25 36 10 20 39 48 16 
-1