6
36 59 64 73 56 35 
7
87 48 61 53 46 84 98 
2
97 65 
10
53 16 47 54 19 7 68 64 5 9 
2
46 16 
3
52 69 96 
12
73 73 13 12 42 45 9 68 61 37 57 56 
9
95 65 75 32 42 63 66 35 36 
15
15 37 48 3 84 86 39 59 77 9 86 66 42 72 55 
11
57 19 39 77 14 48 17 15 72 65 89 
14
59 30 23 8 42 37 73 49 70 51 58 48 60 72 
5
92 32 38 9 40 
2
22 50 
12
66 64 76 77 34 81 70 38 79 41 42 28 
20
50 58 83 5 69 82 90 52 35 45 4 40 56 58 28 67 91 24 91 74 
15
39 100 82 48 73 56 53 41 75 74 97 48 84 16 40 
10
32 48 85 93 40 66 66 51 82 3 
15
77 35 13 78 60 80 31 91 62 5 44 86 9 71 23 
10
27 14 18 36 54 90 59 48 38 69 
2
52 27 
17
76 47 60 38 84 91 100 98 24 30 80 56 26 53 5 11 27 
14
16 59 71 92 91 78 59 53 27 28 28 43 30 83 
13
70 13 4 50 69 37 61 1 54 54 29 49 75 
14
41 70 90 35 85 85 49 91 78 56 71 6 29 87 
9
22 20 60 81 3 19 76 71 14 
18
87 48 62 8 83 43 75 7 40 86 98 35 50 22 34 72 25 95 
1
100 
16
6 6 20 82 67 94 86 50 65 48 23 46 84 78 66 10 
11
24 20 64 9 51 1 11 100 46 43 16 
8
76 81 80 10 98 91 59 5 
18
89 8 61 41 17 42 89 73 49 39 56 86 56 35 32 65 59 99 
7
65 70 43 55 38 69 24 
11
27 46 86 99 8 60 77 8 32 16 75 
20
11 58 93 88 44 22 21 86 9 33 36 30 70 35 27 100 35 66 87 48 
4
23 65 72 31 
3
67 65 45 
17
52 52 49 77 22 7 58 64 54 60 42 63 24 94 58 13 92 
18
55 65 24 23 25 31 30 9 24 54 44 94 77 46 78 22 42 35 
20
8 100 53 6 98 20 73 20 90 32 52 61 29 51 71 42 45 7 11 22 
17
22 89 25 99 7 65 2 53 70 46 77 28 91 61 16 3 63 
19
72 11 40 24 100 66 34 70 38 85 49 33 49 93 57 48 82 29 87 
16
65 30 46 72 27 43 58 92 66 99 84 97 8 88 46 9 
19
37 80 36 60 56 3 71 91 92 57 44 70 100 54 69 90 61 5 23 
18
4 42 86 98 40 54 68 79 62 87 11 47 93 22 83 76 13 98 
4
63 59 43 3 
3
7 51 38 
8
73 15 61 100 99 25 44 65 
3
45 62 91 
20
14 39 64 11 91 49 41 17 41 63 83 65 66 2 75 51 34 93 2 22 
9
28 64 30 10 100 86 3 54 49 
-1