34
2 45 99 80 65 3 47 46 13 27 48 72 87 72 36 94 74 47 74 8 28 61 57 4 67 7 38 61 61 67 76 82 62 99 
18
8 82 13 21 13 63 83 66 70 39 32 10 45 37 15 56 22 88 
22
71 15 20 86 5 26 49 52 67 28 33 43 2 94 26 81 40 70 20 23 63 52 
44
49 95 86 50 84 83 22 98 58 30 45 41 19 14 11 90 26 21 5 71 68 10 94 90 82 38 83 15 45 59 17 67 21 17 71 73 63 63 7 89 51 80 93 86 
26
54 79 97 79 23 56 10 94 99 83 29 78 97 89 85 18 10 18 67 66 85 61 15 18 39 70 
42
35 11 4 84 20 17 78 72 17 77 95 28 40 1 34 27 40 22 71 88 11 43 70 96 14 30 91 27 90 61 59 7 57 72 62 10 19 63 18 85 98 3 
46
52 64 16 70 64 56 37 10 87 18 87 74 71 47 67 37 5 12 79 77 27 81 63 54 84 5 24 64 99 60 12 70 15 13 11 12 45 34 86 73 22 41 42 94 31 27 
17
85 58 54 14 21 7 87 3 80 38 6 67 39 3 90 33 7 
13
7 60 32 73 26 64 58 50 6 76 13 84 68 
33
57 37 82 90 10 10 35 34 78 49 86 29 88 48 24 51 32 59 62 5 29 45 36 57 41 2 43 29 71 95 29 28 17 
24
94 66 89 64 37 14 61 4 73 50 50 82 81 31 97 68 95 23 59 16 80 31 39 54 
46
8 37 23 86 27 38 46 92 7 25 25 85 92 48 4 27 42 87 46 63 64 96 40 16 65 67 6 62 79 8 62 77 26 67 92 99 31 99 36 3 82 43 42 55 64 33 
23
9 17 47 42 53 25 94 34 42 81 93 63 62 41 11 59 27 63 41 50 76 6 90 
12
59 89 27 94 72 50 84 19 9 58 12 69 
33
73 34 54 86 25 28 96 49 80 21 57 20 39 61 78 73 10 32 50 20 4 80 54 74 57 74 92 52 51 75 84 34 93 
26
85 90 91 93 8 33 46 49 10 80 74 94 47 62 49 31 39 14 37 34 20 18 42 55 20 95 
36
30 77 36 17 26 50 99 5 96 31 79 73 80 20 95 91 54 94 31 84 27 10 33 99 78 58 41 86 46 93 24 88 25 27 2 69 
49
57 22 96 35 58 68 50 10 34 89 20 54 78 53 62 4 76 5 5 88 24 61 50 80 47 97 52 32 46 92 53 45 23 34 99 69 44 58 85 2 40 46 23 25 27 10 85 48 24 
18
76 67 68 84 57 28 92 97 12 78 71 19 64 75 7 74 20 44 
37
95 73 100 75 54 1 59 89 39 7 94 90 64 32 8 40 93 74 99 54 11 2 15 37 41 15 6 17 16 61 65 50 70 28 17 18 65 
39
6 49 57 34 44 18 31 32 27 47 87 60 12 37 25 27 56 68 31 75 61 38 67 3 27 54 91 84 45 94 96 29 35 46 30 91 43 65 76 
20
31 26 84 60 28 51 54 95 1 25 50 29 9 65 27 58 51 49 81 62 
43
73 61 63 45 84 72 61 42 34 81 12 52 40 47 38 47 58 46 50 41 55 69 16 53 38 68 74 44 32 14 70 52 69 46 5 54 28 49 75 69 69 35 59 
29
49 24 10 8 61 85 8 25 70 75 31 74 77 26 70 75 25 45 68 79 42 61 69 74 36 39 20 58 63 
23
47 24 74 11 80 92 73 83 52 24 47 74 85 92 11 33 4 3 47 10 67 77 94 
38
75 6 31 5 1 15 51 60 84 90 29 20 3 22 88 52 35 71 85 53 11 2 51 57 66 41 75 29 36 6 75 5 45 74 62 23 79 88 
31
97 82 70 29 11 92 27 44 72 49 85 80 12 93 73 14 62 53 29 55 70 96 65 13 58 69 29 39 89 95 34 
46
48 84 83 7 60 7 74 25 19 54 43 25 71 39 44 66 48 29 30 18 85 17 59 78 54 13 44 1 75 20 80 49 28 11 38 65 59 100 44 90 70 46 49 38 94 72 
18
49 43 29 65 64 7 91 35 20 5 39 82 81 41 100 32 38 49 
29
99 98 17 71 52 43 99 24 94 70 65 6 68 19 44 91 9 18 50 100 50 34 82 48 64 42 27 45 31 
5
54 48 89 30 88 
43
91 4 48 26 27 58 48 35 41 7 77 57 67 99 11 6 31 93 63 11 70 4 21 9 63 59 25 42 56 10 13 26 93 34 55 90 23 44 23 48 59 57 72 
4
30 24 7 98 
15
48 51 38 35 55 95 5 88 79 69 88 37 17 45 46 
29
72 94 25 47 91 86 13 33 89 19 12 47 35 96 13 77 27 50 3 83 40 69 96 70 94 94 23 60 59 
4
88 48 70 99 
10
86 59 49 53 83 39 12 32 58 70 
42
40 34 70 1 23 68 66 80 68 47 43 77 80 44 73 94 83 69 25 44 27 53 37 73 50 3 52 38 86 94 28 85 94 46 30 2 78 27 1 78 23 70 
10
56 28 98 86 32 21 89 76 63 62 
33
40 64 30 26 16 88 28 43 6 89 5 8 38 90 92 63 78 64 19 57 23 36 14 90 58 83 44 8 43 90 36 37 80 
34
78 95 33 52 19 50 55 91 23 29 67 65 52 93 20 55 97 4 91 89 13 75 42 49 78 69 90 92 41 67 98 39 98 24 
49
49 23 19 95 67 86 20 3 96 52 100 47 13 24 13 97 20 40 69 53 77 68 88 26 1 5 80 25 51 46 1 87 31 72 10 39 73 51 34 44 45 22 54 76 24 47 61 37 95 
30
77 99 63 53 22 70 17 24 41 25 58 29 91 84 86 1 37 58 13 61 66 2 10 59 79 14 79 1 31 20 
34
53 63 84 55 16 71 55 100 33 5 55 50 12 65 19 62 84 79 20 7 14 85 27 89 35 64 33 94 11 12 33 21 83 78 
41
13 32 6 56 50 69 89 66 62 12 33 52 11 63 98 89 59 92 99 53 76 53 49 66 92 86 39 4 4 97 67 65 49 59 4 29 91 40 61 38 46 
12
12 83 13 15 50 90 53 32 23 23 66 23 
15
40 55 19 14 10 100 93 97 9 55 79 20 70 88 22 
48
12 70 85 97 97 52 24 17 42 25 90 81 26 18 23 5 75 38 61 85 6 36 37 93 23 39 88 15 28 31 63 70 58 50 56 53 17 73 5 32 58 23 10 71 61 26 34 48 
41
17 78 37 88 78 98 39 86 94 8 21 22 77 10 68 7 18 70 87 83 54 16 94 80 79 52 30 40 13 8 31 65 80 28 66 68 21 84 38 71 58 
28
81 52 55 84 78 84 90 8 13 76 41 47 84 46 42 31 5 20 3 65 50 36 3 17 39 99 57 2 
-1