28
87 66 7 72 46 28 43 61 26 42 99 59 12 53 1 40 25 25 71 52 96 84 13 29 76 10 64 89 
13
19 100 31 22 100 65 29 77 6 1 11 19 23 
27
96 37 66 95 29 62 17 7 86 91 53 100 69 72 73 93 68 31 63 91 67 46 44 26 46 67 27 
23
59 44 11 28 23 44 36 2 69 81 55 70 56 46 64 7 55 15 73 43 41 63 24 
34
46 41 18 61 27 60 2 61 17 52 36 27 92 68 82 27 85 2 98 99 22 43 70 78 14 19 60 9 1 81 6 91 88 34 
21
18 88 40 21 19 23 85 76 66 36 77 30 25 28 29 96 51 53 28 23 48 
30
79 12 36 15 67 17 79 78 37 47 87 54 51 98 91 15 94 96 70 94 71 34 13 11 50 79 14 32 11 10 
42
24 39 83 3 99 71 1 45 91 78 70 29 64 5 94 36 56 15 48 75 55 15 59 63 41 65 68 23 87 74 57 75 3 59 54 67 78 40 69 4 32 66 
5
83 67 47 69 28 
35
63 72 56 14 7 37 70 54 26 71 82 55 24 26 20 39 14 88 56 55 21 74 33 68 27 50 23 21 51 18 3 7 8 92 98 
15
8 67 23 46 65 44 9 51 37 50 76 100 30 7 41 
46
28 68 32 95 34 23 1 36 26 75 22 84 65 87 89 46 51 91 65 46 98 35 89 39 21 61 64 15 47 13 98 12 40 7 20 33 11 65 42 60 49 10 33 10 31 54 
9
40 62 79 97 5 90 7 85 91 
16
31 27 39 51 31 13 87 33 51 13 35 63 17 78 87 54 
28
43 22 20 45 51 72 34 12 46 71 51 81 31 24 62 67 2 25 83 73 75 26 51 27 16 12 12 8 
48
59 19 5 85 19 93 64 39 98 60 2 61 57 15 61 39 33 63 82 49 83 95 3 87 18 2 36 89 40 60 51 33 28 10 21 11 94 30 3 44 87 99 100 50 30 88 39 58 
27
23 21 19 23 23 4 87 73 94 15 51 20 93 85 20 20 33 55 35 1 92 37 93 82 74 60 8 
8
100 59 48 57 78 2 17 13 
38
14 87 74 68 65 79 15 13 61 38 45 23 97 60 58 85 31 19 71 7 72 23 70 26 52 4 51 64 9 10 15 20 23 44 81 62 65 73 
17
3 54 54 22 47 97 12 41 71 1 65 58 21 97 77 53 57 
21
35 53 45 36 87 91 37 8 18 3 45 58 88 79 62 25 77 48 39 16 76 
24
88 51 12 88 4 63 3 91 67 85 84 16 26 73 91 93 37 65 12 23 57 91 8 47 
22
22 27 66 66 81 59 41 26 5 15 84 40 70 28 97 11 83 40 3 33 17 63 
17
34 77 35 5 99 49 70 68 96 45 23 60 24 90 62 20 91 
2
39 83 
49
53 37 9 29 12 62 90 68 68 95 91 91 14 70 26 73 20 38 43 14 14 66 31 77 77 4 51 37 44 20 64 15 54 37 98 41 99 87 98 57 94 38 37 87 30 10 1 13 28 
13
70 22 68 27 53 21 12 2 20 67 41 37 19 
4
79 26 57 15 
13
22 26 66 67 68 35 16 2 50 30 50 100 58 
12
28 68 19 16 52 37 91 74 33 98 39 84 
32
41 61 80 71 5 85 18 54 30 51 15 21 94 99 22 83 66 54 90 60 26 93 52 63 93 100 54 35 2 21 76 47 
38
21 18 9 81 97 27 12 60 8 64 94 17 33 64 10 92 80 86 95 42 78 4 80 27 13 95 25 31 48 18 29 71 42 19 46 3 24 88 
20
74 90 99 75 77 7 52 94 83 16 78 19 36 41 96 28 25 41 61 99 
11
27 51 73 80 54 24 80 30 70 45 51 
3
99 30 24 
42
13 99 95 43 69 42 9 79 92 92 32 69 80 80 41 92 39 53 57 5 74 72 92 80 78 54 43 88 63 68 77 71 89 59 9 15 67 8 54 97 76 41 
14
52 60 37 47 72 39 54 59 7 77 60 79 87 37 
16
38 2 3 10 91 10 40 31 28 81 36 43 56 68 51 30 
46
98 23 83 29 7 57 94 53 82 97 46 87 40 7 10 56 22 27 54 68 89 85 92 44 87 81 32 69 57 81 95 32 3 9 59 15 39 26 19 49 34 22 88 42 47 51 
43
85 13 2 91 93 7 10 100 81 18 9 64 63 47 37 49 76 98 15 3 82 26 60 27 54 62 1 34 22 35 13 100 77 7 53 5 2 86 15 86 63 66 77 
20
56 80 96 15 15 52 92 17 24 18 39 89 39 43 74 94 21 86 43 11 
17
8 95 77 80 100 69 98 47 19 4 40 47 78 10 29 96 38 
35
29 15 13 58 58 10 53 32 42 78 34 26 18 55 23 33 50 25 74 20 25 19 40 28 26 51 19 6 39 5 30 94 57 45 64 
46
29 6 4 32 77 17 68 61 90 76 62 30 60 19 56 83 2 64 27 13 44 70 64 16 70 25 36 78 23 88 78 11 42 27 12 13 28 77 60 17 42 93 3 39 4 61 
27
87 41 39 14 84 85 47 68 81 25 4 42 18 39 99 49 64 18 77 65 12 86 80 70 5 98 20 
13
4 77 26 27 31 3 58 6 53 74 14 66 49 
21
54 30 85 43 13 87 93 83 56 82 53 67 65 45 11 99 39 94 60 31 48 
8
56 87 7 42 55 22 15 13 
7
81 87 54 80 37 20 93 
27
83 64 92 51 19 16 87 91 56 61 51 99 51 2 13 9 9 68 100 51 73 10 55 88 45 51 4 
37
52 55 19 34 70 33 55 10 83 2 46 14 33 29 60 71 11 80 22 15 62 55 94 92 35 43 86 23 29 55 72 84 13 66 5 89 75 
27
3 95 94 41 63 52 99 89 83 81 54 94 98 34 49 51 74 87 73 39 22 93 26 41 24 42 39 
39
7 41 74 79 3 26 85 98 30 52 72 48 17 28 9 32 63 69 50 100 26 68 14 72 33 82 75 18 58 51 10 72 36 82 87 47 97 46 10 
39
26 35 79 14 30 98 42 70 19 32 94 14 38 90 82 31 42 45 60 27 80 28 34 79 93 74 15 29 55 60 27 79 85 64 93 27 93 35 72 
28
91 9 51 37 72 2 62 57 56 18 10 6 24 80 52 58 94 92 33 15 90 55 84 14 89 76 32 27 
16
12 19 78 91 21 72 13 22 39 65 68 4 39 32 97 3 
40
27 37 11 10 97 35 50 52 87 56 79 11 59 86 73 85 64 8 83 71 50 50 90 65 100 38 2 53 74 34 28 59 20 97 68 85 76 43 51 23 
46
15 79 88 79 72 13 73 78 87 50 29 91 56 74 98 33 81 18 83 37 23 81 86 49 60 40 76 45 1 80 31 57 21 100 63 78 57 20 16 98 33 30 11 46 71 47 
30
30 35 71 22 92 31 48 89 68 39 92 48 28 28 94 65 14 80 40 37 86 41 46 80 54 12 45 70 43 67 
2
11 14 
1
71 
9
91 94 82 63 21 59 76 12 93 
29
54 68 7 86 17 14 79 25 15 19 72 74 40 2 23 49 67 16 6 24 12 82 67 43 43 56 78 58 92 
31
53 76 21 12 87 10 68 73 76 43 18 13 72 53 79 42 37 19 6 42 21 40 39 93 26 80 59 46 9 94 100 
28
32 6 62 91 99 44 17 3 73 24 88 99 100 59 9 99 50 15 86 63 67 94 56 99 91 68 26 62 
24
6 39 68 64 53 48 87 82 56 40 95 14 37 21 4 2 58 68 24 32 3 95 4 81 
48
46 32 91 71 79 63 31 81 75 87 31 1 82 8 72 70 68 54 20 72 89 14 13 61 78 74 41 85 25 55 97 16 19 95 72 17 55 26 66 21 22 78 56 34 73 19 98 54 
18
20 89 31 28 2 2 96 80 80 4 91 68 60 74 56 65 69 85 
21
62 58 90 13 49 62 11 100 69 44 50 92 59 76 32 37 81 2 92 38 6 
15
66 23 87 51 1 46 33 74 30 23 8 85 48 57 43 
12
77 16 82 26 82 88 81 79 2 86 93 70 
25
81 67 59 78 76 51 54 28 27 55 100 20 34 9 91 39 69 50 47 13 24 32 6 42 54 
42
92 69 1 80 22 68 32 1 63 40 46 28 52 66 57 14 86 42 28 12 22 95 17 28 88 56 73 74 43 37 27 22 20 40 76 58 24 13 48 62 55 29 
28
26 51 87 9 20 38 97 66 39 75 8 13 27 34 56 40 97 22 39 17 85 42 8 66 15 43 52 35 
9
5 32 84 85 48 28 72 95 5 
13
34 12 40 67 21 13 72 39 3 97 18 44 21 
37
11 40 27 10 29 53 46 84 50 49 41 52 62 16 16 52 42 30 22 88 1 19 21 74 67 45 36 38 64 81 88 78 86 12 15 37 58 
11
85 53 45 24 56 44 73 75 63 91 81 
34
16 98 94 9 42 20 19 56 81 88 51 69 9 2 100 84 50 58 100 18 40 33 76 14 87 45 51 58 47 60 92 85 6 40 
32
39 58 41 39 34 80 82 61 60 95 53 29 57 17 74 40 58 44 78 75 18 23 11 86 44 86 66 53 9 75 16 17 
11
31 55 44 86 72 94 95 63 40 13 20 
10
2 88 33 80 15 94 11 48 88 66 
12
41 14 67 16 9 7 31 76 53 35 24 25 
29
93 34 51 16 83 84 30 4 22 42 12 91 51 42 64 29 70 6 88 54 81 5 74 98 53 61 95 19 60 
5
15 26 83 83 81 
22
15 84 54 5 25 10 44 27 2 34 53 96 54 94 28 46 50 45 59 35 95 82 
29
95 80 69 86 17 77 88 28 42 10 54 97 63 96 6 47 89 98 37 71 94 94 31 69 77 69 39 46 56 
16
42 63 92 49 10 85 55 77 3 93 98 55 89 34 70 13 
44
97 68 86 37 49 81 40 57 91 99 2 54 15 77 28 24 68 51 6 6 64 70 50 18 68 77 54 35 18 96 58 12 99 84 93 40 64 95 10 44 32 97 25 16 
24
23 43 85 41 7 2 90 20 37 65 90 100 24 27 58 9 91 42 64 77 21 65 39 63 
48
54 35 49 14 66 99 30 1 42 45 69 56 75 82 53 9 52 15 61 14 42 11 70 15 8 26 78 56 61 10 67 98 19 80 97 55 69 68 76 24 99 68 65 23 40 54 6 84 
8
25 48 15 84 2 77 38 2 
10
11 28 57 88 8 51 85 93 82 18 
8
39 68 55 91 14 29 27 33 
12
28 37 65 56 49 59 51 55 44 46 99 64 
21
38 77 91 53 22 99 27 4 1 42 80 90 30 94 18 20 16 34 53 10 24 
2
43 7 
21
92 50 56 30 71 71 15 45 61 21 14 36 7 6 84 24 43 46 35 69 49 
50
55 66 75 24 49 78 95 63 59 38 71 18 44 99 62 20 55 41 97 39 77 100 20 21 6 74 66 14 3 33 94 80 41 14 36 27 17 74 56 60 29 8 37 44 78 36 8 53 90 42 
26
89 63 62 46 38 37 27 100 45 97 61 3 85 75 91 46 66 25 68 25 14 32 58 16 36 98 
-1