175786
160858
418863
554771
529498
910138
520068
405837
680033
14201
667052
482244
726667
887056
720167
497610
247909
981912
5528
355113
33708
665921
31898
244627
292274
965997
588038
386889
771703
80178
87443
461692
241034
506304
530666
284735
930645
50733
690570
610677
64932
871825
92920
791597
273085
327290
803411
520992
309202
808937
390308
342908
474857
936408
101738
281334
416610
203979
668222
702516
284155
755663
678411
525187
776170
209076
324125
221019
774011
14694
831694
838941
886517
438817
144742
159601
766105
948151
194797
589510
271292
99308
932416
746148
549920
34153
541685
480733
238131
209906
183248
36489
479772
861657
75880
770145
70732
400003
991162
844741
414696
337060
197886
815416
775875
856830
489221
56185
319186
684016
645693
590476
297527
92314
850827
361650
126465
392512
842381
878798
116621
25628
429491
596392
401488
505369
880740
472218
905370
871902
831162
320065
723165
543251
649685
499040
400081
138905
555223
233470
337124
200915
823944
634649
293227
674771
510503
933895
67282
352883
326897
698105
892714
756386
808700
294201
261754
689440
280623
681328
75546
111784
515596
798709
169239
165280
811952
83523
304183
367174
316991
641305
82293
140934
790158
889722
329908
300660
337821
911392
167746
178922
609497
60459
935306
418196
354659
711264
621839
635280
906795
697383
261267
422390
10297
430504
587669
822247
28230
891850
189421
345219
47360
785916
357
837516
675637
330263
652379
527662
755859
820123
706582
365355
880581
156092
297754
235239
381559
919592
384722
288353
616974
645987
710742
141474
590695
298410
963720
618923
190259
667344
478346
751821
453259
478701
589336
643099
323167
241714
170760
79025
61837
877340
958582
456621
33432
256336
691858
414989
175927
590783
703341
307104
236769
414082
448577
341667
226695
412296
474794
931156
593843
953138
682977
47101
946042
272312
690198
269208
28230
375162
862436
604269
252501
821017
60889
800135
591556
266950
215124
767481
857731
432668
588789
608703
360953
37365
950369
101851
963863
939366
33006
71910
892503
715981
119009
838544
502497
323410
621955
44930
698570
998594
649197
465275
333816
224289
265409
925370
5442
994735
207056
863171
427402
310048
986077
302558
861615
450650
404407
825477
390015
437412
411590
282517
667596
530597
635264
684296
368210
771423
729224
580984
284221
892624
46258
618035
631116
311665
57610
636556
306400
264664
13931
248005
574710
8
550562
436324
450656
469172
776004
354875
420787
701797
637390
88383
232393
786858
772677
114806
72485
16106
695788
356704
908728
742044
488943
539844
567913
546551
176399
874311
325418
704533
636519
414331
704539
701284
364858
669398
170456
655065
24272
591241
356861
175866
193827
103457
476927
966503
218261
549410
982607
428253
420317
405539
170296
909258
459586
252412
970012
150189
640926
295429
854720
277445
709758
559258
978727
588819
742859
663386
243883
767130
254627
600742
942994
448452
704197
419920
929158
922457
483533
425969
350709
903848
831507
35208
327311
805296
287619
297322
955483
442748
106955
810202
720191
816711
883663
213123
919734
140727
876507
163616
907855
131133
764357
365053
93789
468553
299176
22946
905213
782707
448914
255921
200759
794624
805332
528068
599919
607154
339594
69607
49901
446547
879807
284296
777461
277675
497417
697194
418400
373923
860809
840458
505055
139370
205510
113047
607921
504684
135991
513134
801594
99108
283258
2352
407935
602793
44624
522058
724150
898420
591663
774050
344966
985673
572549
636630
777551
69965
848028
195950
443886
708836
550611
463144
848204
756119
576189
970328
775006
226384
997665
576599
839694
795127
93155
247629
397919
651981
769685
122069
550400
361347
410322
409569
861223
982869
560402
638774
52833
408429
834722
10922
117264
385333
988269
479671
655655
564457
964203
944865
305044
961867
35668
144738
756993
643025
392365
669116
295005
676253
305388
359608
37599
715708
283380
898820
212781
843781
537593
779816
252209
886519
790736
883676
786055
779004
877550
955913
857665
841752
900777
162708
317824
936444
307444
589020
579468
214012
258135
388677
890263
77726
262488
442065
793432
545867
855089
520416
389647
906885
300231
156059
793403
605171
39734
93662
384174
917283
563779
756042
273239
464555
432954
591061
915202
254601
694285
8875
468612
466623
911754
873078
544348
174241
315143
851983
720106
684435
372399
623956
591319
186833
780014
898926
792002
333951
992586
690380
251233
556364
960625
38676
535123
393578
143940
964528
648178
838223
973401
630993
304846
399359
504070
849192
573599
333416
215379
807908
17850
587776
431864
609168
288813
726081
508093
80814
60031
14883
285397
825467
571246
246022
378346
620572
639598
522284
585099
287775
360507
72705
918766
179556
472062
937040
542951
559864
270455
758328
367772
288304
860308
313839
411675
149120
39919
919766
744136
614152
934647
543737
953822
20097
789757
332167
640667
429354
854450
739970
231333
729160
812673
664302
422919
798938
601341
480073
358802
386000
238400
726572
188507
612911
554614
600180
276234
108736
519945
534574
722886
968795
78310
190913
988891
868065
523078
143762
811622
891731
883730
557158
135095
210607
735664
558012
9545
851208
38084
368345
237207
790687
609120
425712
917801
163733
25891
194035
272467
60039
242812
509556
28834
321120
700467
531928
703388
737749
675688
29214
629479
559418
586371
764573
284228
322034
836788
293771
687445
874871
176319
924651
179762
299642
864566
97562
977577
404661
805799
250043
464698
48610
273803
7735
369728
488473
539661
587319
226221
215349
616532
855699
288970
202902
134476
573196
39139
971262
381171
726582
360337
71693
165437
540097
371334
30003
151863
348910
434662
471865
113157
413563
520474
386958
421297
404405
389634
960956
991723
615854
690508
608254
471552
979476
325359
606026
66877
878700
91492
962250
119486
451828
33942
284922
506128
405274
829127
172194
754183
263788
644058
381543
191554
678735
282704
612849
83139
672336
88010
589065
288189
778516
711522
273944
272197
551084
394173
853276
429783
485664
815525
549268
451695
363670
348393
472026
768943
177519
158424
37330
955509
802480
418871
147062
481214
215778
274115
78556
888112
876327
667620
690505
169047
893345
478652
955446
444429
872824
808721
874210
872691
138450
937681
838589
502119
286073
310614
785265
977794
983240
822593
447507
785719
755667
108773
781136
485648
382886
859691
887963
773416
41515
578467
942461
934858
57119
897907
379286
444146
220832
767700
316836
359281
219585
669628
375603
19862
494445
160867
997654
477685
497663
445161
263403
767533
553932
558743
767384
451021
418433
655346
224436
974150
233813
166896
909007
805134
579006
802497
763483
799837
84401
80318
673321
303984
264149
48923
323844
758592
723992
835702
236276
735858
280862
13883
17595
348997
572624
784977
314221
505260
440322
52860
479409
188338
733958
902619
507675
312964
219320
271157
112800
303719
865677
300324
607702
129825
863449
445749
888416
587440
281450
638895
837501
76515
652776
-1
