111110011100010110110000101000011001000111100010101101011100000101001
11000011100000101110110010
10101010011011110000001100010111010001001001000011110111000011110011
1001111111011001100001011000011000000010
110110111110110101010001010010101001111000101000001100110111
10010010100101111101110100010
10000111000100010011011111001010100100010011011111101100010011011010010000000010001010011010
101101111101100011110000001000
1100010010001011001110001100111001
100110010100110100011101000011100110101001111001111
11001010101001000100011011100010100111110100100000101000001001100100
111110111111000000001000110011100000110001
1011000001010110101101111011001001100110010000001101101011100110011111100001101001011001
1000100011100
11010001100111111010001011101
10110101001011001100100010110100111
100010011011000100000101110111001010000111000010110101101010001000000101101101100010
1111000001000010100111011111111000100110000100110100011101101000101000000011101
101000010011111011010110001001001000001101111101110010100111100100001
111011010111100010000000101101011011011000010
111000100001111110010100101000010010001011001000010001011101110010101110011111101010100
1010111001101100010010001010011100011011
1011111111100110100111010101000100
1111010110110100011111011100010101011111001000001001000000011111000100110101001010110110
1011000011110011111101110011010111111000100100
1100100000111101011011001100010000010101011111001000111111000101001
100110100000001111111010100110110010010011010000011111110001010001101001000101110011101
10000011100001110001010
11001101100011010001111010011111111101011000100011100000011001
100110000010100000111100000100100011000
111101011010100100110011001101110010010111101011001010100010000110001110101011000101001
1000010000011010110
101010010011000111101101111100101000001
1111111011111
111110001100001011
1010001011000000111000100010100110011101101000111011111111011111000001000111101001011100011010
11101010010101101101110110111110111101101110111100110111011011000
101010000010110111000110001001001010010110001101001010100011001
110000010101011
101000000010001110011011010010
1110110111011011110001111100001
1100001101001010100110000000101001101001101000101101011100011111101111011101100
100010100000011000000110010000010000010100011011101010010100010
10100001010101010111100010110001111011010010110100100000000101011100101000000001110000
111110100011001101011011111111101101101
100011011100000010110011101111001100011111101010111100001110010010011
110010
111010110001111100110010111001111011110000101111010011110110100001010010111100010011110
11011001111101011000001000100011011110100111000011011111001010110111010
1000001110001011001100000100001101000
-1