1110010010110000100010001011110001110001001111011111110111111011010111100101011100000110110001010100001011100001001010001011100111111100000100110100100010010100011010000011110010010111111101001000110111000101001010101110010110011111000110011110110010010110011101000011010100110110110100111100010111110000100011001000100110010001001001110000011101010101011010110101001011100110101101001111110010011100111101001111001100101100111000011100
111000000011011010111001110001101101011101010011011101111101011111100001100101011001000100001100101011110100100010100010110101000000111010110111001111111001010001101010110110000001011100100101010100101001011010001011110111001010011111001111101000101001101010100110001110000000111001100010110010101000010001100100011011010001100000000100
11011111101011110100101100110001100010000111001101110001011010001100101010111000010100110101101000000000010011011101100000110
111000000110001001101000001101111000011101101000111101100010101011010110011010000101101000100001110110101110100100010011000111001011101011011110100101010001100010011000100101001111111011001000110011100010001100001001110011101111111001101111110101011011110010001010101011010001000001111000001010101110000010111111111010010110100001010000110111011000000111001010001001000101010000001110101100101000010101101100100101010
1100100001111011001010000000001010110001011001110001010
1011110010101110001010101100000010111010000000111110011001101100011001000000011001111110000000010100010010111011100101010101111110110000000111000100001101101001001000001100101110001010000100001101101101101111101011110000010110100110100000100101111100000000000011010110110011001101101001111010001000100010111111011001
1000101010111000111101001101110000011011000101111101001000010101110001000000011111110010001000101101
1111000011101001010110000110111000000100110000101011011111101111011011100110011111101011000001111000110100111010100001010011101110010100000011101011101111100100111001010111000010010101011110101111101110100001110100011101111101000001101000011110010000010010011010101100000000010011100111100000101011101011000010010101000100001011101100010100100010000100
1111110000001010101100000111110010001110011101111100000010011101010110100101100100001111101110100001111000010110111111010101100010110010101100011100100101010011010111001100100100011100111000101100010000010100100100101001000011110000101011100011110000000111010011001101110011010111010001011011100001110101010010110110000100010100111101001011011100000000110101110100000001001000010110111
10000100111001110101110111001010100010011101001010001111001111010011011000100011000001000111010001101010101100010001000000000000010110110011110000110100001001111100000010111000000010000011101100110011010011110100
10001001001001100001001111110101100110110000010001100000101111010101010100001110010000100000000010001100110100101111011100000111000001000101101100010011110001000001000001110011111010
100000111110001110110111000100111010100010110011001011100011100001010001110101111111111011001010
1100100011100010101111101001101010101000011111001111101111000001100101011111000011011010110000000011111100001110000010011101101000011111101010000000110101110010100010001110101101010
110111000001010101011101100110010000100000100111100000100011010100001100111011011001000011010101111001101100001101000100110100110110110000111011111100010110011100100110011011100101111101011001111101101101010101010001000001100100111000110011110110101000110111001100000011000000011011100101000001101000110010010000100011001010010100110010111001001101011001000
110100000010010000111100100010101100001001011111010100111111010110111100011010011111011111101010111001000100010000110000111011111111110010110110110100101001101001000100110100010011001110111011101010100010010100101001110010000101110010001010111010100110011010101111101110101111010010100001100011001101010000111100011111000111100101011010101001001101001101011111100100011010001010011001111101101011101001111110010111000000000011111111010011000001001001101
1110011110011111110111100001110010101110110011110100001011010100101111100110100001101100111000010011111110011110011111011111100111010001111110110011000110100100111010001110010001101110001110001000110001010011100111111111000100111011110010000111000001111011010100011111111011000101101110100111010000011111010011110001000011110010111101010111101010001001000101011111100
11011110011000010010001011001101101111110000100101001111100110010011000001111010100
1001001101011000100011001110111111101011110101101110011000
10111001110100110000011001101010010100100110101111010101000111010011111010
11011101011000111010010001100100001101010001001011111111101110001111000000110111010001010101000101101100000110111100110110011101011110111001110010000000110101111110011010010010011011100010101011010110110000100101000010010110110110101101011101010101100010100001100000110101100111000000110101011010011011101
11000010010011101001000101000011010101010000110010100000001110111101100110011110001111001110011100100001111110101101101111011101010000110000011010011100110001010110101010000000100111011010101101001110101110001110111000101001000101000110101010010011001001000101110
10001110100100110100100001101111010010001001010010011110
1101110011011101111010010110001010101010101111000011101110010110111111111010110001110000101110000111111011100011101011100101101010010110010111100001001001001011101100010011010000000011111010100110000011100011100000111101001011000110110110100010011100011101001010010011101110101100000001101011110010010101011100000110101101110000000100011110000100011111110110111011110100010010110110010011011010000010110101001110111110100101000111101001110010
11011011010101110010000011100100110010001100011010111111010011000110101000100101101010110000000001100110000100101010010101101100010111001101000101100001111011010001110001001001101001101101101101101011000111110100001011010110110000111111111111011111010111011010101001101101010101101001100010100111111000011100011111
11111001100110111010101111000010001101111100100100101000100000000100011011111110101111110111010000111110110111110101100111101100001101011101111101111110001011111010100101001101110111010110100001000001001010010100111100001001111011001001000111011010011001001111000110100100101010111110011001100110001010011000110000101000011110010011111001011100011010010000001111000000100001000000011100111101111001110110001001101101111111000011110000011100111010001110
1110111101001010100110010000110001000111110101100010000010101011000100010100101101000010010010001001001110101100111010111101110111111111001010100110101000101010100101101100100111000111110111111101110000000100011101000010101111101010110100111110111111100001100000110000010100
1001111001010010111100001100111101111000011110101101111011101100010000001011011001010011110110110010101001011010001111000101001000001110100110010001100010011000010001001010110101111110110101101000110110110010111110111011011000010100111010111100011000101100101110101111110011110011010010000010111000111000110100100010100100011011101010111010001100110011110010100110010111001
1110110011000110010111100111010011100011111101100101010101101100011010100100000010000010100011001111111111000110000110001100011011101011110000011011001111100011000001101110111011110001000110111001000001100011010001011111011110101100010111011110010100000111010010111001100010000110110010001000010100011101011011100110010110110010011011101111000110100010011000011101111010110011001110001
1001100001101000111100011100011110101000010000100101011010110000110100011011010011000111100100100100001000011001000000000111001010001000000110001001011100010011101010011011110001101000010010000101000100001111101001100100001010010001100100010110
11100000100100010110010101010100101000111001010000011010010010110011001100111110000101100010001000001001010001100100001100000011110110001010010001101111011110001111111010101110010001100011110000001100011110110001010110011
10010010011
1011100111111111100000100101011101011110110111010100010100101011000100000110011110100000001100110000010000000010001001010101011001010111110000001001011101101111011000001101011001100011000101101000000100011001010100110100110001001000001011111001001011000010110010101111111110101111101010001000111000111111101111000000010000101110111110101111101011111011011000110000001
111010001001101101000011010100100100101111101100010101001001101001011111000101000011011111010010010001001000101000110001100101010101101101000010010001011010111010011111110011111000000101110000001100111100011001010001010100001100111011011001101011000000111101111001110100001111001010000011000001010101001110010110111101110000001111010000111110011111101011110101000011100000101110011011111010100101111010111100000111110101010000011100011000111000000101111011001110011
1000110100010101011001001011001101001100001110011001110111010001001100000100010000101110000000001111001000001000110101000000011111011101011010011000011011011100000011000011001111010000011010110010100110111000101010001100011100000111111110100000110111010011000100110100100000001110110010111011011100100101100110011000011001010011111001101011111110110111001100101110000100001101100
1111001010001000101100011110110010100001100110010000000111110000010101110100011010000001101000111000000001010000100001000000011011100111111111001010100100001100000111000010000110100101111110100011001000011110000110010101101001010000111100001001110000110111100000110101110001011010100101100110001000001000011010001100101011100110110100111001010010001
110001011100111011100111010110010111010011010101101011101111101100000011101110100011100111010001001110011011001000000001011011000111110111011111111110010111011001111001111001001101001000000000110011000111101000011000011011010010110110001111001100001000000111111010000101100000110101001011111010110100100101110011100111000100101111001001011011111101010100101001111100010010001111
1101001101101000010011000001100110111111010111000110000110111111101011000001000101110100010100011000111011101101101110100101110001010000011101110100011101111110110010000000110110011101101111111001110001001111100010011010100011001101011110000000001101001101010000011001011001011111000110101101001110111000010110001100011000010101001100101
10111000001110100010111110010001101010111011100010000101010100101100100110010011010110
1000101111110011001001000001101000100111101110001010011000111111001111101010011110100010100000110010010010101100011110000001001011010001011101001101100111111100100110010010100000000100010000110000100110001000111010110001010000101011001110111001000111110001011110000010100100010010110001011011011101011110101011001011101111010010
1010110001111101101010110100101100010101101111011011000100000011000010011010101000101110011010010101011000111100010001101010101110001111101011100101111011000100101000000101010000000010001001000011010010101000011101010010011100101110100100001101010101100001010011100011100010100000001101000001110001000010000001100011111000010101000101001000001011111001101101100111011110011010010001110110111101100000011111111000101110100001101000010011000100110111010010001
10100111011101110100101010000001001101010011101011011011110101110111000100100011011101110001011100000110111010001101101110011100000110001010101111110011100100001000101110100
1001000100110011000110000101010100101101000011100001101010100101111110101101010001010010110100110110010100101101101011100001000000100011110010100111111101110111001101010000000010001101111101011101110001111110101111011110001001011010011010111001101011010111101010100000001010101
10100110111010101101110010011111111101110110011011000000001011111110110011000000001001111101011100000010011000010001010001010101100101111111110101010000100111110000011100000001000001
11001111101010101111111110110011111101001110011000001110001101110100001111000001110111100110101100100100001101101111011100101011111110010010110010001101000010010001100110011111000010011000000011011000111011011010111010001011001100000001101011100111100111010111111011010101010100111011001000001001101100101001011100101011010011101101101101001100100101001001011110011101100100110000111111000100010110011110010100101001110101011010101110
110010100110101101111011101111101110000001010000000011101100000010101110111111100001000010000000001000100100101100010110110111010010101110101010001000011111010001011100001011100010000110101111010101111101010111111000101010011010001100100000101101111011101010101101111111000100110
1100111110110101110101101000001011100110101
110100000001101101010101000110101101101100000010110101001111011110101011010111001000111101010101000111010101101010101110000000111111010100110000111111000111100111011100100011100001110111100011101100100110010000011111110101001001001101010111011011011101001111110010000000001010001101100000010010110001111100010101100011110001011101000
1000111111111110100000100101010101110010000101001011000011010111011010110110010001101111110
100000001101100000101011001000100001110001001111001100011101111010100110010110100110110100111101111011110
110010010101111100011010001000111010010110001101000011010110000001101101101001001101111010111011110000001010001110011000101100001001100010010001010110010011101110100010111100000011111000010101010011100110101011100010101010001100010111110010101111111001100000110111111010100111111000110011101001010010111100110001010110001001110010110110100011010111100110111110101111100101001010001101110101100011100001111001001011100010111010100011000101111101110110111111000010000011
-1