1010100101001001111011010111101101001001001010010100010101010011101011110011111001010011000111111001010100101100100010001111011011000101101110101111001010101011110011010111111100010000100110011000011100001100011000110111100000010100100100001000101011110011111001011000110011101010010101011111110110001001010100101100010100011100010001110101101110101110010101011011001101101110100011111000101101100
10110111100100001011011101101011011000011010001100100010000101101001110101010101010000111100010001101001000000000101001110001111010001111000000100011100010100011010010101101001101000011110110110110100010011101100101111111100000101011001111100011100011111000010110100111001001001011101100011100010110101101100010001010011111110010100001101101010100011111001010010001111111011100001111011100000001001000100001
1111
1110100100110110010010111110100101011000100000101101
111100001011000110110100100101010001101111100011011001101110011100101000000101100111001010111011010010
1010011111111100110011110110101011010100100111010001100101110100111100001001011100011101101100101100100100100100101001110000010111101001010010011110000000000001000001010001001010101100100101010100101100111010110000001111000
11100000100001100110010001010100001111011100100000110110110101110111111110111001000000010100000010001011110000010010000010100110000100111100101000100000100000011101000001010110101100100010001010010111101111101101011010110000111101100001001101101110001001011001101100001110010110110101010000011001100110011101011001110011110101111000011011000001101000111001011011111100001111110111101111111000110000100001100010011101100100100000001111000011111000110001011100011001000
1101101010110011011110011101110000010100
1110111110101010011101110101101001011110110110111011011000101001100010100001000100000000011010101100101011101010101101001001101100011100000100000001000111111101110001011110101000001010100101100000100000001111001111100111110101101100001101011010000111100110000100001111000010100100001000100111011111101001001101011000010010011010101
101001011100001110101101111100010110011011100111011001111011101101010010100000010010100101110010010011010000010001001001111010110001010000111001110100110100010100000011000011001011011111010001110001110010110111010110111001000101010001011100110011000011010110011010001100001001100111001101000011000101100011100000010011010101010010011100101011011111101111101011100110000000000111001111001110011100100010100001111100100110000011100111110010001
100100001110111001000110111110011100101110100000100001
1100111010001000011010111110001011010001100111011110010011011101111010111000101001000110011010010011011001000100001110010111011001111000100001010011001100011101110011110010111000011100011100001010111101111011010100101001111001011100100101100111000011011011011110111100110111111111000110101110111111001110110100011101100010101100100001110010111101101111010111011110000010110011011110101101110011011101001000111110110111010011010101010110101110
1011010111110010110110100110011001100000111101001110111011111011010111001101111001111110000100111010110111001000010000111000000010101000110111001110000111111001110000100111010100110001101101100010001100000000001111101101010001010000100100010101110101101010011101111100110000101111111001100111110111111110111011010101010011010100000111111011010001001000010011111001010011001110011101001011111101110011010101100101100111011011111010000011011010011110100110101000000000101000001010111011100011
10000000100001111111011110100010000010100000101
1000010010011100111111000010111011001001011110010101101101101000001001110101011011001011010000011101011110010000010110110111011011101011100111001101010101001001011110110111010010100010110000000110000011111101000111
111001100001110011010111010101111001100010010011001010011111100001000011000101111000011010111110011111010101011000110100100001000111111000010111100000110000001010000101011110001111101000110010000010101101000010100001111100000101010
111110001110011100011111101000010011000110001110010111010101001101101001100101100111100011001100010001011101100111110
1110111101000111111111000011011111011100101011111110000010001010010110011110010010001111110011110011000010111110010100110
101100100011101010111001110001111100000000101111100100010110011101100101101111111000100110100010010001101101001100110011110011010110000011001010000000100100011001101000111101111001001100001101011101110100111000010011010111100110011011111110000011111010100010111001011111100101110001111
11110101111011110111111100100011000000000110101011011110011111000111101111001011010000001011100110111100001111001101010010110101111000011110110001111001000011111001010001110100101011010011001110111110111100101110011010100011001001011000110101101110101110100011000
1000110001010011010001011001010100101000100000100111111000100010111000110001011101100011001001101111111101001001110000010001000000000011010001001100001100001101100101101111111110011001110000101111001111001001011010010011100001100111101111110000001011110100111110010101101000001010010
110110100011000110001110110100001101101001000000101010110101100000111011011100000010110010010111101100111110011001000000101000111001111001000000010100111110111010001011101011100111000100010010010001011010001110101111100010001011100010000001001101111111001001100010010000000110001110110000011101100101011100110010100
10111111111001011001010111110011010011010000011100101001011000100011110100111001110011110101011001101011000111110001011101000001101110010101000100011101
111010101011010011011001101100101001111101000000110011011011111001011
1011000010001110101100111000000110000010101100001011101011111001101101101010011100001111110110100101110100010110010011000000011011001101101011111111011101111001111011001110111000101001110101111010100110001000110111000001110100001111101011011101101001110100100100010100001010100110100010000101101010100111000001001010100101101001110101001000010010011101111110011110110010101011101000110010110101010011100001110111001010101000111000001010001101000010011101101011111101010111111110111
111011110010110101011110001010110110001101
10010110111100101010100111101011000111000111010111111100101111100011101111011111100111000001111010101110101101111101000001100100100110001000011001011011100010010000100111
1110000000011101000101111001011110110011101100100010110111001011000100010001011010101111110110010101100010100100100001010001000111011011100100010001110100011111001000101110010010001100011111001110101010000001100011011110111010001011011011101100110011100111101010101101001011110001111001010101101000000101001010111010110
1001011001001101011010010010100011110111111011100001101011000000010001000110010101111111101110010000010100010001110000001010000100001110110100101100101000110010100101000010101011111110101010110110010001010100100011011000000000100010011001001111111101000000010011001111111101100000101000111111011001111011101011101010100110100000000010101011110110000011111000111111101111101011000001010101000000000100110000001011000110011111000111001000101
1110000111110001000011001010011011011110010010000100011010100000001101101001101110010111101101110011001100000111101100111111100100111000100100101000101110100110011111110010100011000011000
10100000010010101010101100010011011111011001001101011010001101010010110001001001001011001101101011011
110000110001001101100111100000011101110100110000110101101011000101010010101000100110101100101001000010001000001000111111010111111110001001111110101000100000001111011110111111111011101101101001110100100100010110101000101010111011110000010111010001111010001110111100101000010101000001010100000011101010110010111001101111101001
1000100010101010010000000111011001001100000100101000101001011111010001100101000101111111001001010101011100101001001001111110100101011000010000101010010100011011100001010101011100010101001010101000111111100000010101100111100000011100001100010001101110001111000100001110001001101100110111110000000101011011011001010100010010010001011000000110111111111010111001001111110110
1001110000011101010011100001110100010111011100000000000101111101101010101000110111101011010011110010100010010100100110111001000000101111111001001111101010011011101111000111011000011001110001000010101100110100101100100101100001000010000110110110101000001110010111011100010110100111001011110010100111111001001001011011001000010100010000111111010111000110011101001111011001110110111010100110110001000101110100001111110000011110101010110001100101010001110101010111001110100000110
1010000000110011111001000000101011000000111001100010110101101000011001110101001110110001101001001011100101000011001000001010000011010110101110010001010011100011110000110110100011101000101011100111010000010001001000000111101111100111010010100110001101100000110110011111100101100011011111110001000011111001111010101
11000111111001010010011011100010100000110010110101100000001101000010111101111000001101011001010011110010000010101
100111001010011111001110101001010010011110001111011101110110101011101001011011110111100011011111011110010101010110010111010010111111010
10000111010101001010010101011100000100111100101111110110000000001100110101000011101111101110011110111010000011010110111010100111010111010111000101010111101110110001011010101001001010100001101011000000111101001110100000001111101101010111111010001001111001010000110111110110100111101111010110000001110010011100110110000110101110001001101000001011111010001111010010111000110011101011101011110110110100100011110101000011
101001100110001101110001100110000011100110011000001111000100100011011011100000010011100111011100100010011010000110110110100101011110000010000110000100100110010011010010111101101101010100111110110010110000110001101010101000010111011011000001000001000110001011100111001010110000001001101100010111
1101011101111110111001011001010101001101010111110111000001000000100001001111001101001011010111000100010110010100011000000100100111101100110001000000001001100001011110011101100110100111000110100001110111001011101001100001010100001010011100110110001110001000000010001100000111100100010010100100011110110110010101111000000100100010101110100100100100101010000101110000101010011010110101111001011011100000101100011010101101110100101000011010001101111010101111
11100001111110011001100001000110011110010110010010001101001100001010100001000100011000000010111010110111100100101111100011100010100101000010110101000000101000010100101101011010101100101011010001110100111110010000011100110110110110100010100100100110011110100101010101010010000100100101101101100010110110101000101011101100011001010000010010000100110001011110011101010011001000011110001111110101101001111101110111110011011011101110010011011101010000101010
101110010001010101011100
100110000010011010101010011001010001011101101000010010011111010010111100011100100100111011011110101110100000011100111101011100101010000110010001001010000001000110001100001100010000011101101110011110000001110110101111101001000110010011111100010010100001001000101101100001101011010111101011100100000100101011101000110001111111010000100001100001010011001111110011110010111110001100111110000101001011000100010101100100110000111100000001101
10111001011111010100001000
11001101011110010011001110001101010110011000010111001000110101110101010110001111001001000100010001110010000000001111111001011011010011000010100010010011111011111001110010010010001001111010011010100001110000111010101100100101010100110101001110110100
1110101100110001001001110001111000110110111101100110100000011110011011111101101000101110000001110010001100100011000100101101
1111000110001011000001100111101010000111011100000110011110011111100101110011001000100110011010111101010000101100101001001001100111010111010001001100
111010011111011110101110101011101010100111101001111010111101100111011110110100011101001000000101001011001110110100000011110000000111100100100101010011000110011110111100001011111101111100100000010101100110110
100101010101011000111111110110101101111111011110011100110011010001011000000001100010001100011011100011111010110111110111110000001100101000101100001111100000011000100100110111100101100100000000010011110111110010101110110
111100001010111010011110100101000110111110111110111001011001111001010011100101110000100001110001001001000000011101011110110111101001011010111011011000010011110100101110111001111111110100001000000101001001100100000011
11110011111000000001100001000110010010010000100000101100100100100001010101100111001000110101000
111110111001110111011101011111000010011111001011001101101110111011110100110000011000010110111110011111001
111101110111101010001101010000001010011011010100111101011000011101011110111000100000100011011110000111101111110010111100110100110011101000010111000010010
110111110011110111001010001101101111110001100101000111011100111011001100111100111011001011100100011000010110100011010100101000101110000001000111111100100010100101111010111101010000101101010110011100101000101001000100010000111010010011110111000111010101100000011110001101111001000111010100000000001
10110111100100000000000101000100100111010110110111111000110111111011011111111101010101101110011100101110000110111001111000001111001100010011111110000000100111101111111000000000101111000101011101000001001000111101000101011100111001011000010001101000111000111110111010100100001011110001010111110010001011011000011111011011100100
11010011101001011101000111101110101001110001011101111010001000100010111001001111100000101110000111010000001000001101110010001001010101011110000010111110111111000001011011111101000001100101110100011011111010000110101000000010101111010110110100110000001101110100011010111001000000010110101110001010111101000100010010010110000000001011110010010101111110000100001000111000010110001100100011100001000111001110110001010100000110110000110001111101101000010111000011100111
1011110110010011011011110010011010100101011111101101110001001100011010011100100111010101000001000111110000010000111010111011011100111010100011101000010000110110100110111001001101110000000011000000010011110001011101101111111001101001101001110011001000000100100110101100100110101111000110100110011001010011111010010101010000110000001011000111100011110111001011110110111110111001010100001010110001010101001101000011001101011110000110100110110111110000000111001111
110001001001001111110101001100010001110111010011111100000100101101110011110100011100101010110000100101110101100100101001000000100101000100010011001000010001110110011101001101011011110110110000111111100110001011011101110101001010111010011011010001111100010101100110000011001101101011111011110110111111111110000010001101101100111000110001001100101011010010001011000010101110110011001000000100
10111011000010001010010111110100110100111110010101010001110001001001000010000100011001000000110101001000100100101101011010001100001101001111001001010001001011110001101101001010110100010100100100001100001111111011001001000110100000011111101010010000100100011000110011100101010111110010110111110010000110111000110110100010110100001011101101001000101000010001100101100111001
10100101010000100101100111110101000011110010000100000011011100110110000001010010001000000010010110110011000000111010100001001110101101001100100111011011000011011101010000100011111000001111110010110011110010000100001001011010111111100011101101111001101000011010000111011111111001010111101001011011110011010110011110001001101010110011100001100001000
101010101100101110001011100101100001111111000011011000010010101001011000000101011110010101101100010110101100010001010000000110010001011010110100110011
11101101010111010110101011110101101101100011100100001000100000000111000111110110101010011101000011000101101110001010000010100100101000111011110111010010100001100011011011101000001001001110001010111010110101110110011111100100000001010
1110100001110
11110111111000110001001111000010100111111001001010011101110110100100111000101100010011110001111111001011010100011011000001110010101100010110011010111110011111101110000101010011110110011110011011010100100010000000111011101011000101000010000010110100000111100110101100100110110110001100110011001010010011001001101001110001001010111100011010110
11001101111000000100111000101011000010001111000101010110011111110001110110011111111101011001100101001010101101000100011001110110010000001101000110101000000010010000110001101111010010111011101110001001110010110001001011110101001101100111110000111010010100001000010100000101110011100101001010000010011000110111111101001110101011000001001110001110111111111
1010011111111000000111011111000001010100111110001111000000100001001011011111110001110110000001101011000110000111100110100010111011000111001000011101111000001011011101010110010011010100100110100000110110110100101110110100110011111010111100111011101011111111110011010000001111110011010110100000100100010010101110000001101100101101000100100010000011010101111111110000001101011101001101010011100111111000111000111001010011101000000111100000110010101000
100110111001000011000001001011111011100001010110001001010011001100011110100110101111101011000110101101000111110111110000011111000011000000010110010100011011000001011100100111000110101011110001111110110100101101101001111110001011010111110101010011001000001100110110110111100101010010111110000111000100011001010010111101101111001001001011010101001110100011101110000001001111000101000111001101010011000001000111101010110011110010001100110101010001100000000010000101101000010001000110000011011000
100101000100111101000010001111111001001101101100111001111110110000111110010100110110000010000101000011101101011001100111001111100010001010011111011100101010010111101000011001111011101111100010100000100010100111001110000010011111000011101100101001
1100101100101000001100110011000010001100011101011000111000110111111101010111110101101010101001111010111011100101100011000110110010111010111001011000011000100000001010011110101111100000011010110110000011100110000101010100000001111001000100001110111110010010001111001001010100110011110011001111000001
10111001000101111000110111110100110110111101011010010001000101101000000000111001010110010001110100110110000110111011000101110010
1100101010011100100101111010101111010011101010010001111111001111010110010001011110101001001001011111111101001000000001111001001101011100010000101001001110111110100010001010101001011111010111110011100111000011101
1110011000011110000101001100001010001001000000000110111101011100000111011001000000100110100011101001001010010110000011100000101110110101000110100
101111001011101001100100010100011100111011101010001100010111100000110101001000000011111100001110001101000000011111010100010001101111000111110110000000001110001001011110101110111001100101110000111110101100100111001111101101111111011010011101011101011100001011111100100111010101010001010011101110111101101111010011011101011100001011101000110011001001010100111011100011010010100110100
1011011000111011101000011011110010100101001010011100011111111010110010001010000001000111001010001101110100100100011101010001000100111110100011001110101101100111101011010111000100011110000111000010110010100101100001001100100010010010011111000010111011011111000101110011110001100011000110000010111100100011110011111110100011111100010000001101101001000011101010000010010111110010101011000010010110001110100010011100001100100011100011010000011010011110000010110100011000111011000
1111110000101100011111101110101110010010111100011011000000110101101011111011011011111101
1100110101001011100101011100011000100010100000011100011010000001010011000001111001101100010010110100101011101111010111000011100100010110010101001110110111110001001110011010011111101100110100001001101101111101101100011000101100100111101010011100011010101100101011101101111000101010000
110111100100001111000111111101011110101011010011101010110010000111011010100111110001100101011110010101111010011000010000110100001110111000011011101101100001111011100000001100100111100001001101111110010001011001101110100011010111100100000010011101001110111001111000101101110101101010000011100111
11001111100001100101100000001000101011011000101101100101100111111110111110010111010010110011010000000011100111101001011011000100101100100100100010000010100010000111111111000111010000101011110010000000110101001111010010101111111010100110010100110011101110011111010100010001111110000110111011
110011010001111110100101111000101001101011111001000100101001011111
11100000100111101000110111011100100111110110000000101100011011110110010010101100110000011111110001011111111011001011001001000001101101110110011011111000000011000011110001010110100010111010110110110101110100001010110010100110001100011100101010110010110000111101001100101111100100001001011110110010001000010010101100101100000000100010001011001101101101000010111010111010010010111101110111101001000001011100110101000011100000111011011110001100010011111001100110001010011000001011011001110101010
11101010000101111010010001001000000100110
10110110010000111111010110100010010101001010101001100110
10010011011100000000111011000000010010111011110010000000001000110001000011001101000000001110100111111010101000101110001111010100010001011010110110100010011111001011101110010110100111001
11001110100011001111110101111000001110100100010001010101011000010111110100100111001001001001111111000010011010000100011011001010001000000000011001000011011101000000101011010110101011011001110010111000100100110001110111010010110111101110100000111110011001101010100010110010010001100000110110010110011001001001110100110001011001101111100100101011000101110101000011110111010001011110000111111
111111111000111100110011011001001000011011001110001001010000000000101110110100100001111101010001110000101000001100111000100111001000001001000111110011010001110101101000101011100010011110011111111101111001110111100011101000001010010101101110110000000111001101101011000110011001110111010001101001101101001110101101100
1001101000101101110001100111000011010000110010110000101000001
111000000100010100110001101100111110100000001000101101011010100100001001010011001011010000010000011001001111101010000100001100111001111010101100010101101011001111101110000000101100001110101011001010010110010100000000000111100
10010100110001010000111001101001000110000111001111101101011110011011101101001001010000110101011011010100010100001010100100000000110111000100001011001000100111011000010111110001100000111101101000110111000011011111100001000000010111001011110011000010011111101000000001111010100011011001011010001011111101011101000110100100110011010100000111111100111010111111001000000
1101101100111000010000010001110010101100100011111110101010001100111011011111000000101000101110111011100101100000101001110001010110110110011110110010000100101011101010000010111011001110110110111000101101010010101001001100000000110001111111010101101111000110111010010101110000010101011100110101010000110100010000011110000111011110101000101001000100010010101111101010001110000011010010110111011001010111011100111011110101010
1100011010110001111111011000
10011101000100101001111111010010011011010
111
11110110011100011000010010111100000110101111110010110101101001010010001000011010000000110110010110100111100010100111011000011000111000110111000001001001000001001110111000100000010101010111000100111110100100111010111110100
1000101101001000111010001100000101111000110101010100000000111110000001111001101111001101011101101101110100111011100101001010001101111010110011101110111011011110100100111111100010100010000010000010110010010100010100010110110001010000100110101000001010000011010101011111110101011000111111001111001001100111011010110100001011010110110100010011001010011001001010000111011000001011101101000101011100111111100010101100000110011001
1110
101110011010111010011111111100011111000100100000110000101000111001100000011000011101011110010100011001111100111011011110011011110000010101111110001001100111110110110011000111111001010100101001100011001111111100100000100110100010001001111011000000011001110010001101000101010
1111101111001011011101011011110101011011101100010111101110101011010001
1011010010011111110001111001001101101100100100101010010011011001001011000101111101010011111110010011111000100001111
10000011010010011100000101101001111010110110010111110111101110000101011011000001100001000111110110011010001010000001000011000010011100110110001000001111101001100011011011111010110000000100111100000100111001010001000001100101011001111111001110101011011111000000001011010010011111000010000011101001111001010001101101110010101010101010010111001110110010110110000100110000110011111011001110100000111100011000001001001101001100010111100001101101100000011000100011
1100010101000110110011100111100110111011000000010110011111011110010101001100110100100101100110100000101011110110101101101000001001110000011010110101001001100111001111100011000001111011011101101110101011110101101100000101110001000001001101001010111111001010111001000000111000011101101110111100010101
-1