1110111010011111100011101110101100110001001011100010000000010000011111011100001011010001110010100010101101010010010001001000001000010010001000011001000100100111010101111101001000111001110110110101101001110010110101011100110001111101010100110111111101110001100100101101000100100010010000111000001111000111100101101010110011111110
101100101100101110100101000111000000100001000100110111010111111001111110011011111011111010111001000101011010111011101111010101010100001110100111000010010110100101101111111101010001101011111111000111100000101110011001010010000000001001001001110010001111110100110001000011001110000001010100001111000110110110010110100010100111000001100110100011000010000111101000010110000100101111010110100001110110000100100110000010100111110111011100100001011000111100100000110101001000101011111000111010011001111101111001011110101100000101111110110001001110001100100110000
101001001110111110010
1
11111111100101100010100110000100000100110010011101100110101010110110110001100010100001000010111010000111111110011000110011100111110110101110001001101101011011000101100010111011100110111111001111100001010101000100011101001110011100000110110110010111000111011100011111110001000111111011010110001100100010100010110110100100100010000101011000101010111000100010011100101011001110000001111111000110101100010101100000011111100100111100000001000011110101001010000101110000110101010011000000110000011111100100000011100110110110000010101101101010011100000100111010100011010000011010001011001011100110111110100011011000001110110001000100100110111011100111100111
101111011110111001101001100101011011010010001011000000010000101111110000011011101110100000010000101110011101100001011001000100011110001100001101000111110101010101110111100000101001111010101100111111001100010001011101011111010101011011000100010110111001010101110000001110111010111110111011000011001010011100111100100110000111011001001111001010001010011110110011101000111010111011101101100111111101101001111010010010111100001011100110100000011010001001010110111111001101
1101100111000001100001011111101110111110000000011100111111011011001011110101111110110000011100100101100100101010010100110101100100010110011001111011001111000100111010011000011100100001011011101101001001011111110101000110101110000010101011000001110101111010010000001110010110000000110001010101000110010100010100001000111101001100100011001110101000110011101
100010110100101100001100010111011110101100110110101101111100010001111001100111010100000011010011110001001000010000100101010100101101011011111001011101111000011001101111101010011111100111001011101111100101010111001001000000111100001100110000111100111000000111001110000010000100110100100101000000111001001110011010001101000000001100101011101000001001100001101011010101101111011101011111110110111011100001010110001111100011101101001101110101000011100110000001010001111010101110000100010101000100101000100011100011111101110101010000
110100011011000100010010001100111110010111000111001111110110000110011111001110111111110000001011000001110110000100011010110100001100101001101010100100111110011011111001111010000111100111100001000000001110111100111011100101101011110110000010000110001001110101100100110011010111101011110110111010000000001000000101110101011111010
1010001001101101101110001100001010110100011011100110010111101110111101111110010101110001110100110000010100101011100011101011000100110010010101101100011010111111110011000110100001000010001111000010011011010001011000011000010011111001001101010011100110011011011000111010001010110111111010011011001100101110100001010011011011001011110101000010000111000011111111011011011111011101100111101000000110001101011110111010011111001011101010111110001111110100100010001110000100110100100110110000000010101001011001100010111001010110001100010100101000100001101110010100110
10010100111111000001000011011100001
11001101110101000001000000110001000110111011111101110000001010110100000100111011001001110010110101011100111011110100101000010111110110000011011111000000110010010111010001110110010101010110001110001101001000101111101010100110001100010110100010110110001100000100011110101011110110000100010001000011011011011111010101001100101100001011011001011010101000000110111010100101111110001110011010011000111011000010010100111000001111011000011000000010001111010011011001100110111000111010111000000010010100
11010111111001001000010010001100000011111000111101101011111111000010101011010000100000110110010110010000011010101011101001100001001001000001100110010100101101001111000111010011110100000100000001111111000001000101000011110001101101111000101001100010010011001101100111110000110001100001100011110011001100100010000010001101100010110000111010001110100111001001011100001011000101101110111110000111010001011101011000000000000010101100110110110011011101010111111011001110101101111001111010110001011010001101011111000011001010011100010010010110000001110000001100101100111101110011000011011100111011010011101111011101100110110111110110110010101101011000101101100000000000110001011011111010011100001010100100000010100010110101100100011010010111111001010001100001010110111000100100100111101010001110010010110
1011111101010110001110011010100000100101101011101101101000010110101100111001111110111111010011110110111000101011000000100011100100100000011111011111111111000110011100110001001001010100001001001111000101110000011011110110100101111001101000110000110111000110111000000100100101110011110011001100010000010110001011111000001111010011010100111100101111111011010011111110011110001010001111011111110101111110111001001110101111001111101011000011000110100101110100011011110011010010111110101111101010101110100001110110000000011100001010101101100011101010110111101110010101001000011010101111001010101111110111010110001000010000111000010000010001101111011000110100100100001011100110011000110110011101010010000001100110110001010101001000011001000011101001110110100000001101001100111000001100111001001000100010000001111000110011000011100111010100111100100110011110101100101110011101
1101001011000001110000111001100111000101101010001001110111110011000001110111101111111111010010110000100010001001011101010010011001010010100100000101
101010010101110000011110101001010100011110000000011101100100010001111101110100101000101100100000100010001000110101111110100111101001101001
100011011110010110001000110011000100100100011011001010010011011001000001100100111100111100100101011000101001111001001101101111101000100000110101001101001000111010011000000011101100110001000000110000011101110111010100010001000010101111101100010100110011101001110100100110110111100101010110
1011001
1111100101001110010001110110000111011001010010101110000000110011110001000111001001111100111110100111110110001101110110100011111101110011101011010001100001100011111111101000001100010010101001110110101000110001101110001100010
10100101100101010001001101001100000001010101000010101010101100000001000010011100011001001100011000101100001100011001100001100010001110011111100110011011001110011000000010100111011001110001000100010011000100001011101010110100101100001000001010010111011111011001011000111111111111000101001000110010001000010001011111010001110111000100100010101101100001110010100010110011110010101001110100001010001110111111111111100011011100100101100011000010001100011100111000111100001100111010110101111110000000011000000110100011100000011111110010011000111100111000101001010110111100
101111000100111100010011010011011000011000111111110010110111011001010000110101100110010000000100010100011101001011001011010111101000110000001011100110101010100010111010010011101101001001011000110101110010100010010000111101111010001001111100011011101101001000111100111110000000111001100001110111110010010011001001011001110110011000011101100111101001010110011111011111101101101010000101110101000011110010110110111011101100110010101110011100001100110110100001111011000010001001001100000010111101000001111011100000010111010010000011000010000010011110101001010001000010101
1111000011101100101011001001110010100111000110110011001010010011111100010100111000000011010100011110000000101110111111101110101110100100100000110111100011100100000000001100001011101101010100111011010110010110010111101000101010000000110101000100101010000101111011100001111101101100111000001010001110010100010
1010110111100110011000000111000111010110100000101001010011101100001000100111110101100110111001001100010001010110011010111011000110111010011010000001000000110010011110001101001110110101111110110001101100100101001100100010010001010000000011101101101000000100101111111001000111001101010100010110101011110110010011011000
10010010110011110111011100010011101111110111110111010010110101101001100000010000010011111011000100111001010010100011101011000011110010011111101110110010011011011011010000111110000110110000000111001100011001110101011101000011010110100010111001110111011001010000111010010111110110000001111001011110100000110111110011110100111000111101011100110101011000110011110011001011111100110101011001001101000100110011011001000000010100100000010110111100011111111010011101000000100000011001001101101100111010010011111001110101011010101111011001011100111100011010110010111011110010100011111101000100111010000110000000100011001100100000111010101001010011000001000001000011000001110111100110100011011110011000001000110100001001001101011111111001101100010110000100100101010001101110000010111010011011100011110111011000010111011000000010101110010111010000111101111111011110101011010100101110110111001110100011101001101000000110101110101000000101100101100001000011001001101101011000011
1110011100011100110011000110110111100100100110001110110110010100110000001101001100111100101101011011111111000010000001000101010010001011001100000010110011100100001110110011111010110110101111111001011000000101100001110111011100001010111110100001011110111111000001011101011110010110011011100001110001110001100010110010101001001011110000110101010101001001010111011101000011011000000111000101100011011011111110001110010110100010010001111000010000001001100110100001100110111100110010010111010110001011110110110111111001010011001010001110011110101111000001000101
101010111000011010010101011111100110111100001111011101111010000011000011000100101011001011000011000010100010101000101101101011101000111100100000001000000001000111010011100100110111011100100001110101000000010000101011001011000010001110011110111011010100100100101000101011010101111111101111111001111110110011010011010100101011101111001111011111000110110111100001100001100011010010101110100011010001101000101000110000001101010111010000111100010101010110111000110
10
1000011110001000010000100101011111011010110110010100001111010010101011000100001111010100101101100110001000100101111111101100000100101101011001100001101010010100110001010010010000000011110000101111100100001100011100011110010101100011011101010000111110100011111110000110100111011101101001110101100101101010100100011011101111011000010000111111110111011101000111101110101111010010010111111001010110000011010011000010110001000010110101000111010100100100101111100010011001001000111001101001111101111011011000001111000101
11000010100110101010110011001011011010010010101100111011111111110101110101110110111001010010100110001011010110011010110110111101010110010001101001001111101000110000011111010110100101011010011000001101111100010010001011110111100111101101111100100101101001100000100101011101110101110101101101010110111011110011101100100010100010011011110001001000000001100110100001100010100100111101001111111010101101011001010101110011000010010011101010001101001110110101010110100001100001111100111001101111101000110101001100011100001011101110101010000011101110010101101000111100111100001001010010110001110011001010110001101111100111000101111000000101111100101000000110100011101000001011110100000000111110011100010010101111110100010100100000000101011000011001110110011001110111010111100111100101111001001001100100101011010100000011100110101001100011010111010
10000010000101101010100100110111100100100111000010001100000001111010001001111101000001111000111101111110010110111101111101010110100010000101010000010110001111100101001100110100100110011110001110101001101100110111110110101110111110010111010000000100101100000011111010000100000011101100001100000100001011110010001110110110011011011101000001101111101010011001111000011111000010000001111011111010011001100000100011000101001001110110111111101000000111000010001000011110000101101010000110011011011
110011100101001001100000111101101010100011000001110110001100111111100000100101111001111111110001001111010111010111110111111011011100110000010101000001111011000100110101111110011110110111000010110001101110100011101111101011011101101000111101001100101101010011101010100000100011001
101010100100111100110011000010101000101110011101100111010000000011010110001010110001011011000010111101000101000110111011101010110000111111010000101011110101000010000000000010111010101110100000011110100000011110111110100000001110000010
11011001100010111010011001101110000111110011001000100011111010010001010001100001110110100010100000001110110110110111010110101011010010110100010000101010101111101101001111010010010000011111110100011000001111101111100011010100110010100110101011110101100010100000010101111001100001010110011100010111010111011001010000011100101001110000101111000110100100111101001111001011000100111010111110000011101000010100000111111010101110010010110111011000001110101000001101110011111001000000111000110100000110101011100110111000010001010101010101100011101000110011110000110010000111011101000000110000010111101011100100001101000001010101101111000111100001011100011110001011111001111011110110010100010000
1001010011110010101111010001000000001111010011010111100001100110101100111111010110101010001011011011100000111001100010110111001101000011000000001100010011110001001010000101110111111110011101101110111001000111100101101100011111001101000011000010010111010011010101001000011111010101100001110000001001100000110011011100001011011010011100110010100000001110100000011001100000010001001100001010000111111001101110010110010001111101001101010000101111011010111001111100110110000100101111010010010100011100001011111010110010111010111011001001100101000011110101010011101011100110010001101100010001111001000111111011011001101011110010100101101111101011010001111001110011110111101010101011001000111011001000101001111011011001110110000001011
1100101000001110011101101011010110011011101011001000110010110010000110100100101111001010000010011011001101101110111111001
1000110010011101011010110001111100011011110101001000011111100011100110111111111110000000010001001001010100111110110000000101001010110000101011101101110001111100101100010110110010001101011000010000110011101000000010001011101010101110110010101110001001110111011011101101100111010010101111100001000000001111011000010001001101000010001111011101011101001010011000011001101011011101010101000010001010101111011001001001111110111011000110110110111100010100010000000110101101001111111001110001100010001110111110110111010001111001111000101011101001101111011101000101110000001011011011100010111010000000000110010010011011011110100101111010111011011110000110011101010101001101000011111111101111000000000010111110101110111101101111111111100111001001111011010010111011101110111010101100101011001010000010111101110110101110001000111010111100011111000000100101011000001110101010001010111101100111101100110101111110001111111110001011111111111110101100011001101110001001100110101011001101111000101101101000011111000
1101000101011010001011010100100100010110001011000110001110010100100101110000110110011110000110110111001001111001001110101110000001001000011101010100101000101101110010110101001011001111111101101100010010001100111111101111101101110000100011000001010100100110011101001101100100001100100110110011001000111011011001011011110
11001110001110001100100000001011011100000101111101111111100110110101110001111001010111000011011111010110001101010110001011000110111001111111100001110000011110011110000000110111010101110100100011100110011001010101110001111110111010101011110110101111110110101110001101000110101011111101111100111100100000110010101101010100000001100111100011000100110111001111001010010110111010011000011001000010110001000001011100000110001011010110101110100101101000111001010000100010111001001101011111001010011000100000010111001010100001001111101010000000100010011010001110100110110010001011110111010100101110010000010001000100100000010000110001110101100100100100111100111010001100001001000010100000110010001100000101000110010011100110001100100101100110010111110001000000100110001111011100011101010001000100010100110100010011111111111010111100010011101110100011111000
101111000110110110110011001010110111111010000110111011001000010001101101110001000111110010011100001100101010110001000110011000100001110100111000000111111111111111010001111000111011100010111010011000100111001010010110000110111100011010100000001010101111101111100100100011101001010011110001111000111011110010000001001110000100101000101011101101111101000101010100011101110011000110100
11111000101010000110010010101110101010111110110001110111111000001110000110011100010010110110100000000100011001010110101000010111010000101001010011011100110010101100100100110111001000001000100011001001100001110110010001110100001001001001101100011101011111000000101010111101011000101101100010111001110011101110101001100111001000010111011110111011111001001000101000111010000000010100111111110001101011010011101011001001110010011001010110
110110010111110001010001111101101110011100110110011010011001100111001101111100001101011011110001001110010110010101100000100001111011101101100011101101100010010110000000001111001001100010011111111011110011111000101010101011000010101011110110111010011101111011011101101000010100001001111100000000110000111001011101111010000010000011010000000110101000000010110000100111000010010010001101011111101
111011110101001101001111110010001101100111000110110111001110010000111101111001011011001101100011011100110101101110011001010111101010111011000011000101101101101100010011111011010000111001011011011000111110000000111001010100111011001111010110000111100101100011010001000101001001100001000101100001001001010000010110001101100111110000111111100110110000000011010001010001101000010101110001000100001110110001000000010101001110011000011100111001010010111101100010000110001101011001110101000001011111111100001110011011011010111110110011100001001001100111100100111110001110100101101110011111110010011100010010001110101000111011001101100101001111010000101110100010101101010010011000101011100111101000001110111001010010001100000000010101110000011000001110011000000011101010100010001100111011110111110010111101001011001100001011000000100000100110111110110001100110000100001000001001100100000110000000010100011111001010001101100011111100000111011011000010101110000110110111011001
10111000000011110000110110101110100110100000100100100000111000110111011010011000100011110101011111011111111110010111010011111111100101111011001001011011011011010101010010101001000111101001001100111100100010101101001101100100111110110100110010000011010110010001111000100001001001010100110001111011010010010100001110011100111111110100101101101000110000111000011101001011101110101111111101101001101010011001011111000110111111111111110100101011111111001001110101011111011000000001100100100101111101110001011001101001011010000010101101111000110100001101110110001100011010101111001111101100101111101101101110001000111110100011010100001110011011110000110110001001110110110000001000011101011110100010000010100011100001001011101000011111000110100011100011001101110010001111100110000100010110111011000001110011010111101000000101100011001111000110010101110011111011011011110011100010100011101101100011011101011110111001
1111010000101010100110001010001111100100000111001100010011110110110110101101110001100100000000110011001111100111100111110010010100011011011010011111101110000100010101010001010000111101110010000110000011101110011100110101001101000000010111011100100001011011110100000110010111010110100001110111011010110010001111001110110101001000101010010101010101010000001011101010011010011011010001101010011110101011110010010011000001100101100000101101010110110000010100111111111100100000100101000100011100110100110011000001111101110110101001010111010011111111
1010011000100101
1101110101110001000101111011101010010000110110101000100001011001100101001000111011100010001101110010010100011000001100110111110000100100001011110000100010000010100001000000111010111011000111011100101101111100011110100010111100101000111110110100010100110011001001011100111001111100100111111000001000001101001000010101000110010010111011000100101011111101001011110100110111110001011010011101110000110010110011110010010111010101110011010001000011010101110001011001111010011011111100011000001011000111000111011000101111011110110100100010111011101110011111111110011011011100101100001001010111001001111011100011001011010001011100011110000111111011001001011000010010110101000101010111001001010010101111011010011011000010100111110010011101111011110110001010011110001011000011000010111001000111111101011101000001111010011011010111001111011001100010110000101101001011101010101
10110010101000110010010110101011101010100011001101011000110000000100011100100011000000001101111110001000111110110100011100101110111010000011011110010010111101011010111101110001110000011100101100010011011101001111110100100011000110001101010000001110110000000100111001001011101001001000010001011010000001111111111010100111101111001001010010011100000011111001011000111011000101001010100011101100111111110011001111001000010111110100000100110101000010010001100001100011100000001100010100010111010100010110101101001100010010100001001000001001111010011010110101111100010000101111110110111011110110111100011011001101100110101011010011011101100101010001010010001011110101011110001110111100011111111001001001100010111110111100010001010010010101110001111110010010001100010101100110011010111100100000110111010000010011000
100000010100100000111100101000101101100101100010111101110010001011101011001010100000101010000001100001011010100100011100100110000000110001011000000010011000101010110110000100010000111000000010101011100111000111000011010011111101010101011000001111110110110011110101001001001110100010111101111101001101011001000111011110110110010100001001001000011111100011010000111100110010011111111110011100001111010111111110000011000111101011101111101010100001100110111111110100111110110011100111000001001001010001100100000011110000100000111101011100111111101110101010111000110100001101000110010001011101111100011001010110000111000110111011111110000101010000000001101111010111111001010011010101001101101011100110000001000011000101000000010101001001001010100111101101100001111110001011011110111101001110110111000011001000110000011000111001110101100111001011011011000101001001100000101
10000101110011010001110010100111011001100000010100001110101000000001100100001010001100011110110110011111101110101111100011010011101111110110011001000011010010101011010111111110000000000001011000010101011010100011101000000010110000111011101100110101010010001001001110110111100000111001011011011100011001111010110000010001011011000010001100010101000111011110111110101001111110010001111100110101001001101001110001111101001101110001000000100110101010111111101000010000010110111110001010010110100010100110110001011110000110111011001001111100100001010001101100100001100100111110101000101001100011110011010111010001101000
110011000000100110000110000011110100110000010000100011111010011100010101001101111010010001101011111011110101111011011111101011001000010001101010011001001100010001011000001010001010101010101100011100110000110011110110101101101001110100011101100110110110110100100010010100011111011000101000110100001110111101000011010110001000110010111110000110000011011110000101000111101110010010111001111000000011110010110100011001001100100110011111011011100101111010111110100110100101110101101001111101100111010110101001010100010010011000110110001001011100000001010010010110001000011010111010010001110001100010010010100010100011001000010110101100101011011111100011011111011101010110000011110011010111000010110110101100011110011100110011110000110111010011000111011111011011001001010100010101001010011101000000110000100100011111011111000001100100000001110110111000011111111011010001010110101100111010001001101000100100110101
10101101000110100000010101000001100111001100110110000101110100001111011110111110101101000010010011110111
101101010011110111001011010001010100010010000011110111101000001100101010000101101011111110111101000000100011000000010110001110101110100000001100101001100100100011011100100011100100001101000011011111100010111000110110010100011000011001000001100010011101011111111100001010000111101000000010010010000001110111101000010111000010010111111100110100010001101100111100010001111011101100011001000100000111110010111111110100011101000100001110000110001011110001111101110001000101000010101000011101010011100001110011101101110001000001011000011000010001101110001111000111011011101010000001010101100111011100100111001000111000110110110110000100110011
1001110111000110000100000110100101100000011100000100110111100110000001001010010110110001111110001110010011010100111111111110101101101000110011001110111100001111110011000011100101111011100100111111010001001001110001101011110001011111011111011011110011000011100101110000000101011001011101001111010001101011101011101100111111110101100011111001111110110001010011110110101010100001001110010110011011001000101101001100101001010100000100011111111011011110000001100011001010100000110111011100010001101010110001100101110110001010000001010000010011010000100011101000001100101011100100100000011100110011001010010101011100000000001111010111001010111011011010110000101100110101010100100001000001000000010100110111001111110111000001100001111011100111111001111100010110010000100111111000010011000110000001110100000101001010110100110000101
11011110111100010010000011111111001111100101000101001101000001000010011111101010111001110011011000110011110101100101010000011000100001110000101000011110010011010000010000000100101010010100010111100111110001011000010111110111001011111010111100011101110101110100100000001001001111110010100100001111011111001000001010001011001011101110110010100110100100100111110111111110111110100101101000010000111100100010000000110110001001010000010000011010001110101010111011001011110001010101101101110101010100110011000100010001111111001111000010000011011100000110001010101110000100001010011111000111111010110100010010111011101101110010000010001010000000100011010000001011101111011010011100010000111100011101010
11001011001011
101110011001010011001011011111110010101100100000001011000001111001100000000000111000110001101010101110110111101101101011000101001111110110100100000011111010011111000001010101001101001000010100010111110010100001011111001011000011111001000001111001010110001010111101000010011101111011000011011101001110100010101110010000001011111100100000000000110010110010101011010010011001111000101111110011000000110001111001001111010001000001010110011110101100011110100000000010111101010001011011111000011111000110010000000011111001111111100001101000100101101010110100111111110010011001000010011000000011011101111001110000000000010110110100111011011000001000101100111100000110110010000100010111101001101101110100111000010111111110011000101110100011111101000011010010100111100110110
11110111110001011010011011101001001111010010011101100111100000100011001110101000100111100101010011001110101100011001000100001101010001011000011110000001100100101011000101111011101111111101011001111100011100111110010100111010001011111110011101000001110010110001011111011011001011101111111000011001010001101001011000011000101100000110100011100010110111000011101111000111111011101011111011100001101110111000101000100001110100000100101001101101110101011101001110010101100100000011001011111011101100100010111101111011101110111100001000101000001011010010001011111110000001100101110011101011100011110001011110100011111111010000101011000000011000100100010110100000000011001011011111101010101000101101110010011101100010000111011111101001110111110011010000110101101100001110110010011111111111011010001010010111001010101001011111100111000101100001010001101111011011001100111101101000000111001000111011000101000011011011110110010110000101100110011110011000000111010100
111111010011101110110001110010000011100000000100101111011110000000010001111111100100101001111001011001010001000101110111000000110100010011111010100100011001100000101011001011000011101100101111000010101001110011101001011000000101010001010101110100101100010000110010110001011001011000101110101111000011100011001101001000110110011110111111000100101101001000010111000100101111001000010111110100011100010010111111000101111010111101111100010001111101000011011000110111010011000110011101011100111100011001011111111000001001001111111011111100000011
10000110000111111001001010101100100011111101011111001
1101011101110110011010010101100011010000001
101001111010001110101011100001000011011000000001001100100101001110111110000011011101101010111011011100000001011011001101010111110000101111100100011111101111111001000000100010000101010110000011011110100100011111000111101100010001000001100110111101000101000010100011111110000110010111111011010100111000010001111101000011010000001101101001111001011011010101100011001011111011110010001110010000111001101110011000100011110011110001001100010000101100110111001101011000111101101000110000000001100010010100011101111000111
1101001001000111000
1111000010101101101101011010111010110010000111100110110001011111110000100101110110010010110100010100001111111001000011000000111110001101000000110101101110110011110001110101111000
1011000111101000011011111011010101100111011010010100100011101010110111110011110011010101101010011110011111101011000100101011010000011001011110000110101010010011100101000001011101111111011001110001010011010111100010010011011001011101111111100100111011000101001000011110111101101111000111011010110110101001011001001010100011110011110111000100100111110010100100110100110001010101000110110101100001110110111010100011101101011110101110111111101000110101100000110010010100010011011000010111100100111011100001010010101111
1010101110101110001100100110000011001110010111001100001101110001100101001001011011000000100001001111000001110111101110101001111010000101110011100010001011111111010110111100011100011001101101001111011101110100001110001110110000100000001000000100101000011010100011111001001110101011110100011110110101110100011000000011111011001011011101101011100101111100001101101000000010110111001000111010110101010001101001100000111001100001001101101001100010111100101011001001001011000011101000001111011100110111011001101110110110001111100010101010100101001010110100011001010010110000001101100011000010110000110011010011000111100011100111111100100101000110001110010010100010101100100010000010100000
1111100110101001101110111100110101000010110111010111010010101111110001010010001100000001101011100101010010011111101000110110101010110101101001011101000010001101011000001100000101110101100101010110011100011111110001100111010011010101111011100110111001001011100111111110110010000001010000101101001100111001110111100011001000111010010111001101010100011110101100101001011111111110110010001001111100100011111100111011001011111001000011110001001011100001001110101010010100110010111101001011101111000100101000101101110110011100011010001010010000101101010111001110110011101101011000000010011011100110001110111001111011000110001000000011001000000101010010000110111010101010010111011111000011111010101000111110100000000010110100101111010111100100010011111100011010111011011101010111111000101001101011110101001001101101010100110111100001001101011111111101010011101001100011101011100001101010001110101010011111101000101111111000001100110010
111100110111111100110000001111111101011101101000100011010101010000001001111111000111011110010010110110111110011010001110101111011110010010010010000010100001111101001011001011111011010000011111111111100101001001100110010010110000101110111011101000000100110111101010100011100001011001000111110010011101000001011011110101000111011111110000000110111011101001010001111000101101010011110010001111110110011110101001000000100001001000110011000000101001111100001110010110001010111101011000100011010111111000101000100000110110001101010001111011010101000010100000100010111100010111000100000101111100101111000011011111011011001010100111111111011000110000111110101000101001111011010101110111101000100111010110111011110110000001111110101010011111000001101110001100010000011111101100010101001011
110011011110000010001011110000111101001000000101010011101001101010011100011011010101100101000110011011011100011000111010011101111101011011011010110111100001111010100011100001111111000101100110010001100101000101110100100011110001010101101001001111011101011000010110100100011111111001010001011111110110111101001000111110110001100010100010001101010111011000101101011100001100001011001001110111001111101110001011100101010100111011101111111111111010010011000011110010111101100000111111010001111111011111000100110011001011000010111111011011011001111011000000101001100100111110111001111101000010101010101111000110111101111111110111001100101101000010001111100011111011101001001110110000111011111011111000110000
11011111110000011100010010001110110001010111010011001101000111000111101011100010100000000001001101010011011100011101010000010110010101010111100000110000010000111110011010100000111100100101001111111100000011110001111101100010010111100000010101111111001010001101011101110001010010101001000111110101010100010011001101111011111011000011111011100101011110011000100100110111100101010000110010011110010111011001011001001001111000100000011101001100011011001100100011010000010100110000
1100100101010101011101111100110110001110011000010010101110010001100111111001111111001000110101111100101110011011011110111001101011010110011010001101100101001101110010111111011011110000110111010100111101101000001010110000001010010000111001011000001000000101010001101110111011110011110001000000000011010010010010110101100101101110110010111011001100010001000101010111011010110101100011011110100011011101010001010110011001010100000100010100001011010111100111001100101011110000111000001110000110101001010101101100101100101000000110111001011101011001100000
1001010001011000000110100011111111110000000010110011111011011001000011000011000000010000111100011010100010011000010111101001010110100000110010111100100110001111011000000011000011000001000000110001011100000010011001110010110110001011100011011100100011100011101110011101011000110000000001110110001
100011011110001111100001001010111000000001001110100100010110001011111000001011000011101111000011010000101010000101011101101110101000000110010000
1100111101101110100110010010000001111011010110000011001101100111110000101011111011001010011101110011000100000001010000101001000110011111000110001011001111100110010101101011011001010
10010101011100010110000010100100010100111000101101110011011110010101110110100000000010001110000111111001000101110101010111010010011111001000011001001100010100001000110001101111111001010000001100101101101100100011101010100101001001111011010111101101001001001010010100010101010011101011110011111001010011000111111001010100101100100010001111011011000101101110101111001010101011110011010111111100010000100110011000011100001100011000110111100000010100100100001000101011110011111001011000110011101010010101011111110110001001010100101100010100011100010001110101101110101110010101011011001101101110100011111000101101100101101111001000010110111011010110110000110100011001000100001011010011101010101010100001111000100011010010000000001010011100011110100011110000001000111000101000110100101011010011010000111101101101101000100111011001011111111000001010110011111000111000111110000101101001110010010010111011000111000101101011011000100010100111111100
10100001101101010100011111001010010001111111011100001111011100000001001000100001011101101001001101100100101111101001010110001000001011010111000010110001101101001001010100011011111000110110011011100111001010000001011001110010101110110100101010011111111100110011110110101011010100100111010001100101110100111100001001011
10001110110110010110010010010010010100111000001011110100101001001111000000000000100000101000100101010110010010101010010110011101011000000111100011100000100001100110010001010100001111011100100000110110110101110111111110111001000000010100000010001011110000010010000010100110000100111100101000100000100000011101000001010110101100100010001010010111101111101101011010110000111101100001001101101110001001011001101100001110010110110101010000011001100110011101011001110011110101111000011011000001101000111001011011111100001111110111101111111000110000100001100
110011101100100100000001111000011111000110001011100011001000010110101011001101111001110111000001010011101111101010100111011101011010010111101101101110110110001010011000101000010001000000000110101011001010111010101011010010
111011000111000001000000010001111111011100010111101010000010101001011000001000000011110011111001111101011011000011010110100001111001100001000011110000101001000010001001110111111010010011010110000100100110101011010010111000011101011011111000101100110111001110110011110111011010100101000000100101001011100100100110100000100010010011110101100010100001110011101001101000101000000110000110010110111110100011100011100101101110101101110010001010100010111001100110000110101100110100011000010011001110011010000110001011000111000000100110101010100100111001010110111111011111010111001100000000001110011110011100111001000101000011111001001100000111001111100100010001000011101110010001101111100111001011101000001000010100111010001000011010111110001011010001100111011110010011011101111010111000
10100100011001101001001101100100010000111001011101100111100010000101001100110001110111001111001
11110000111000111000010101111011110110101001010011110010111001001011001110000110110110111101111001101111111110001101011101111110011101101000111011000101011001000011100101111011011110101110111100000101100110111101011011100110111010010001111101101110100110101010101101011100011010111110010110110100110011001100000111101001110111011111011010111001101111001111110000100111010110111001
10001000011100000001010100011011100111000011111100111000010011101010011000110110110001000110000000000111110110101000101000010010001010111010110101001110111110011000010111111100110011111011111111011101101010101001101010000011111101101000100100001001111100101001100111001110100101111110111001101010110010110011101101111101000001101101001111010011010100000000010100000101011101110001110000000100001111111011110100010000010100000101000001001001110011111100001011101100100101111001010110110110100000100111010101101100101101000001110101111001000001011011011101101110101110011100110101010100100101111011011101001010001011000000011000001111110100
11111110011000011100110101110101011110011000100100110010100111111000010000110001011110000110101111100111110101010110001101001000010001
11111000010111100000110000001010000101011110001111101000110010000010101101000010100001111100000101010111110001110011100011111101000010011000110001110010111010101001101101001100101100111100011001100010001011101100111110111011110100011111111100001101111101110010101111111000001000101001011001111001001
1001111110011110011000010111110010100110101100100011101010111001110001111100000000101111100100010110011101100101101111111000100110100010010001101101001100110011110011010110000011001010000000100100011001101000111101111001001100001101011101110100111000010011010111100110011011111110000011111010100010111001011111100101110001111111101011110111101111111001000110000000001101010110111100111110001111011110010110100000010111001101111000011110011010100101101011110000111101100011110010000111110010100011101001010110100110011101111101111001011100110101000110010010110001101011011101011101000110001000110001010011010001011001010100101000100000100111111000100010111000110001011101100011001001101111111101001001110000010001000000000011010001001100001100
101101100101101111111110011001110000101111001111001001011010010011100001100111101111110000001011110100111110010101101000001010010110110100011000110001110110100001101101001000000101010110101100000111011011100000010110010010111101100111110011001000000101000111001111001000000010100111110111010001011101011100111000100010010010001011010001110101111100010001011100010000001001101111111001001100010010000000110001110110000011101100101011100110010100001111111110010110010101111100110100110100000111001010010110001000111101001110011100111101010110011010110001111100010111010000011011100101010001000111011110101010110100110110011011001010011111010000001100110110111110010111011000010001110101100111000000110000010101100001011101011111001101
10110101001110000111111011010010111010001011001001100000001101100
11011010111111110111011110011110110011101110001010011101011110101001100010001101110000011101000011111010110111011010011101001001000101000010101001101000100001011010101001110000010010101001011010011101010010000100100111011111100111101100101010111010001100101101010100111000011101110010101010001110000010100011010000100111011010111111010101111111101110110111100101101010111100010101101100011010001011011110010101010011110101100011100011101011111110010111110001110111101111110011100000111101010111010110111110100000110010010011000100001100101101110001001000010011111100000000111010001011110
11011110110011101100100010110111001011000100010001011010101111110110010101100010100100100001010001000111011011100100010001110100011111001000101110010010001100011111001110101010000001100011011110111010001011011011101100110011100111101010101101001011110001111001010101101000000101001010111010110100101100100110101101001001010001111011111101110000110101100000001000100011001010111111110111001000001010001000111000000101000010000111011010010110010100011001010010100001010101111111010101011011001000101010010001101100000000010001001100100111111110100000001001100111111110110000010100011111101100111101110101110101010011010000000001010101111011000001111100011111110111110101100000101010100000000010011000000101100011001111100011100100010111100001111100010000110010
1001101101111001001000010001101010000000110110100110111001011110110111001100110000011110110011111110010
11110001001001010001011101001100111111100101000110000110001010000001001010101010110001001101111101100100110101101000110101001011000100100100101100110110101101101000011000100110110011110000001110111010011000011010110101100010101001010100010011010110010100100001000100000100011111101011111111000100111111010100010000000111101111011111111101110110110100111010010010001011010100010101011101111000001011101000111101000111011110010100001010100000101010000001110101011001011100110111110100100001000101010100100000001110110010011000001001010001010010111110100011001010001011111110010010101010111001010010010011111101001010110000100001010100101000110111000010101010111000101010010101
1100011111110000001010110011110000001110000110001000110111000111100010000111000100110110011011111000000010101101101100101010001001001000101100000011011111111101011100100111111011010011100000111010100111000011101000101110111000000000001011111011010101010001101111010110100111100101000100101001001101110010000001011111110010011111010100110111011110001110110000110011100010000101011001101001011001001011000010000100001101101101010000011100101110111000101101001110010111100101001111110010010010110110010000101000100001111110101110001100111010011110110011101101110101001101100010001011101000011111100000111101010101100011001010100011101010101110011101000001101010000000110011111001000000101011000000111001100010110101101000011001110101001110110001101001001011100101000011001000001010000011010110101110010001010011100011110000110110
10001110100010101110011101000001000100100000011110111110011101001010011000110110000011011001111110010110001101111111000100001111100111101010111000111111001010010011011100010100000110010110101100000001101000010111101111000001101011001010011110010000010101100111001010011111001110101001010010011110001111011101110110101011101001011011110111100011011111011110010101010110010111010010111111010000001110101010010100101010111000001001111001011111101100000000011001101010000111011111011100111101110100000110101101110101001110101110101110001010101111011101100010110101010010010101000011010110000001111010011101000000011111011010101111110100010011110010100001101111101101001111011110101100000011100100111001101100001101011100010011010000010111110100011110100101110001100111010111010111101101101
10100011110101000011001001100110001101110001100110000011100110011000001111000100100011011011100000010011100111011100100010011010000110110110100101011110000010000110000100100110010011010010111101101101010100111110110010110000110001101010101000010111011011000001000001000110001011100111001010110000001001101100010111010101110111111011100101100101010100110101011111011100000100000010000100111100110100101101011100010001011001010001100000010010011110110011000100
100000100110000101111001110110011010011100011010000111011100101110100110000101010000101001110011011000111000100000001000110000011110010001001010010001111011011001010111100000010010001010111010010010010010101000010111000010101001101011010111100101101110000010110001101010
1101110100101000011010001101111010101111011000011111100110011000010001100111100101100100100011010011000010101000010001000110000000101110101101111001001011111000111000101001010000101101010000001010000101001011010110101011001010110100011101001111100100000111001101101101101000101001001001100111101001010101010100100001001001011011011000101101101010001010111011000110010100000100100001001100010111100111010100110010000111100011111101011010011111011101111100110110111011100100110111010100001010100011100100010101010111001001100000100110101010100110010100010111011010000100100111110100101111000111001001001110110111101011101000000111001111010111001010100001100100010010100000010001100011000011000100000111011011100111100000011101101011111010010001100100111111000100101000010010001011011000011010110101111010111001000001001010111010001100011111110100001000011000010100110011111100111100101111100011001111100001010010110001000101011001001100001111000000011010011100101
11110101000010000100110101111001001100111000110101011001100001011100100011010111010101011000111100100100010001000111001000000000111111100101101101001100001010001001001111101111100111001001001000100111101001101010000111000011101010110010010101010011010100111011010001101011001100010010011100011110001101101111011001101000000111100110111111011010001011100000011100100011001000110001001011010111000110001011000001100111101010000111011100000110011110011111100101110011001000100110011010111101010000101100101001001001100111010111010001001100111010011111011110101110101011101010100111101001111010111101100111011110110100011101001000000101001011001110110100000011110000000111100100100101010011000110011110111100001011111101111100100000010101100110110100101010101011000111111110110101101111111
1111100111001100110100010110000000011000100011000110111000111110101101111101111100000011001010001011000011111000000110001001001101111001011001000000000100111101111100101011101100111000010101110100111101001010001101111101111101110010110011110010100111001011100001000011100010010010000000111010111101101111010010110101110110110000100111101001011101110011111111101000010000001010010011001000000111111001111100000000110000100011001001001000010000010110010010010000101010110011100100011010100011111011100111011101110101111100001001111100101100110110111011101111010011000001100001011011111001111100111110111011110101000110101000000101001101101010011110101100001110101111011100010000010001101111000011110111111001011110011010011001110100
10101110000100
10110111110011110111001010001101101111110001100101000111011100111011001100111100111011001011100100011000010110100011010100101000101110000001000111111100100010100101111010111101010000101101010110011100101000101001000100010000111010010011110111000111010101100000011110001101111001000111010100000000001001101111001000000000001010001001001110101101101111110001101111110110111111111010101011011
1001110010111000011011100111100000111100110001001111111000000010011110111111100000000010111100010101110100000100100011110100010101110011100101100001000110100011100011111011101010010000101111000101011111001000101101100001111101101110010001010011101001011101000111101110101001110001011101111010001000100010111001001111100000101110000111010000001000001101110010001001010101011110000010111110111111000001011011111101000001100101110100011011111010000110101000000010101111010110110100110000001101110100011010111001000000010110101110001010111101000100010010010110000000001011110010010101111110000100001000111000010110001100100011100001000
-1