-821 1133 4226 -3641 -4214 -1857 
-8176 -3108 -7063 -2569 -6882 996 
-5642 -9591 -8177 2156 -6026 -3799 
10 -8184 1107 -9011 3715 9170 
94 4313 -4613 -2288 5357 86 
7051 -5039 8901 5445 2973 667 
5084 -7150 634 -9655 -6083 -3570 
7724 3283 -5459 6711 7771 357 
7985 -3368 -8903 -6403 1736 -1672 
3688 -9103 -99 8653 -3826 9738 
833 6353 -5487 -7751 2611 -4105 
2179 -5367 -7708 -1729 -1574 724 
-9191 -2999 -505 -77 -9295 -5880 
3454 -5800 -8218 -1160 5148 3326 
-1352 5360 6183 -6976 5674 -8103 
-1227 745 -6652 -2591 -7789 1614 
-2718 396 2465 760 -9138 3949 
-775 8611 -9946 -1358 8763 7053 
8165 -220 9474 3912 2240 397 
3158 -8269 620 -6052 8264 -215 
138 -408 -5257 -1288 -5603 -9198 
-901 -9451 2454 654 -7558 -9235 
-2338 9603 -9632 -5346 -7635 7409 
-1682 -2743 -6477 2705 4207 -8512 
-2269 -5629 -9710 -1244 8781 -3867 
306 1010 -5242 5537 -7426 -869 
2291 -216 5742 -617 -7430 -605 
-646 51 -9153 -5943 -1964 -7663 
-7278 -9619 7880 -2130 9571 -6215 
-7894 -9945 5369 386 -5834 792 
2145 -4173 465 -6170 -3031 -9910 
3214 2879 462 3949 -2282 8508 
1878 371 135 -6767 -8008 -920 
-9346 6271 -3454 8431 1328 -5625 
-6851 6854 5408 -7195 1001 -913 
1037 -2086 -7920 -5651 -1495 -7960 
-4295 9102 -3758 -8890 -9769 -6936 
-551 -8851 -6642 -4408 8650 -3089 
560 -1690 -4506 -4399 3524 5150 
-527 -7462 -2712 378 2421 -1471 
-3554 -620 -388 -9522 7843 -9573 
-6332 -1562 -5827 -7790 -3535 -4100 
-7496 1538 -2397 -8337 -6800 -3609 
8457 1366 -2703 -2737 372 5075 
-5155 -9309 -7183 1805 -3698 -8060 
2003 -6684 3325 -8807 -4466 -3009 
-1727 -5338 2344 -284 -8452 -2686 
7317 -1462 -8396 8419 3223 -3825 
7391 -8709 7278 -8373 -8095 -2840 
881 -2201 439 8997 8794 2541 
-1