-860 -9542 -769 2511 3083 -3442 
10 -749 -8594 -7095 -5107 467 
-9165 1228 428 -9293 -162 4474 
-9191 -8335 -4807 1826 144 -9469 
8699 2680 1828 -3388 -3487 -2392 
3807 3464 5568 -8272 -413 3793 
-6818 -7484 -8779 326 3869 2613 
3294 -2241 -2215 1145 5384 6247 
2036 703 -7313 1949 6513 -3314 
-9637 9145 -2370 -9368 8712 2198 
7349 8496 -1399 3373 -3165 -2386 
9133 -7776 -7862 -9008 2080 4697 
7398 5621 8470 7027 7436 -5053 
-8348 3831 9079 -3743 1806 -6839 
-6939 -8190 -7000 2371 5854 -3169 
-3688 -733 1142 425 -4583 8994 
7959 -5347 -7387 1764 -6504 6778 
-9133 1878 -9424 -8402 -6561 9109 
3760 4439 -1814 331 -3156 -4471 
-5119 -4321 -8100 9738 -7967 4333 
899 1350 -165 -4077 -2064 -7905 
823 -7345 4609 -7675 851 -794 
5070 -4311 -1675 3366 -7356 -3444 
64 4910 6704 -9255 8097 1834 
8030 -6917 -1459 -7289 -9470 -438 
6670 3901 2648 -5565 -3268 -1361 
-2424 8761 9 1436 4812 -8017 
-5856 -3060 -2125 7334 2126 -2897 
-7574 -557 -2015 934 4946 -9517 
1425 5344 -4013 9828 -3876 -1402 
9021 5869 -6955 -6374 -5599 -9027 
1600 -6050 3110 3934 632 -6670 
-8291 -2081 2706 192 -8332 6808 
4103 -6982 6633 -8917 -2614 -3482 
8671 -5939 673 -4624 -6348 9609 
2581 -3320 5107 -199 -8544 2510 
-6487 -2273 5746 -6009 -909 -7849 
1741 1079 801 8002 693 -5750 
6004 -7001 -4219 -8047 -8437 6944 
-5467 -3405 -3203 143 6973 -7101 
-8151 913 640 -271 3567 759 
-8106 -5697 -6474 -1135 4855 -9035 
6040 1739 -7920 1109 -1766 -4196 
-596 -4465 -1891 -1412 -7148 -4968 
6934 -7338 6232 -6600 -3016 -6049 
-3319 2564 -6245 4103 6343 9518 
-2089 9166 1280 3672 2033 1495 
2392 8205 -8486 -3485 -4377 -8175 
-3020 -457 5154 7770 -7753 -8257 
699 8762 -718 5752 2603 -2466 
-1611 3432 -9682 -1766 -6801 2481 
1806 -8287 -2380 -6298 -9307 29 
4515 6301 9599 -9192 6276 6854 
9437 -4680 661 2074 -2435 7506 
1418 7192 -5600 7166 266 -6101 
-5690 5193 -1091 -4145 -1900 1289 
-1935 -8777 -8607 -712 -6321 2375 
-6323 9241 -2895 2440 -3439 541 
-4644 -1380 -1418 1196 -7512 -1874 
-3192 -3105 -5411 -4852 429 715 
-7805 -3335 -1904 -125 5177 1216 
8869 -1506 -7580 -9854 -3387 3574 
-8658 380 -4831 -6382 2757 -7356 
-6089 8167 -245 4239 -482 4443 
-911 -7397 -3638 3689 -4998 -376 
-5047 3564 9733 -8982 -7051 3445 
-1906 8831 -539 -8640 -5611 -3525 
-4316 -4027 -8167 -2231 -4665 4691 
2312 884 -7174 1114 1978 -8379 
-1606 329 -6087 584 -4215 -4297 
-5370 -7118 -8931 -2619 7129 -8666 
-5000 -2170 1767 -9259 5344 -3853 
-1720 -2393 -1563 717 -7655 87 
202 -4032 1728 -827 -2207 1345 
-6737 -4762 -1707 7807 -4470 -3747 
2414 -6412 1420 6512 4336 1986 
9288 -3372 -2907 -9443 1803 -1684 
-2789 -5500 -311 7281 2482 -5128 
4344 8368 3792 -8122 -681 763 
-6155 -3580 6356 -2182 -780 2277 
395 -1564 -3103 3590 4820 2061 
8938 4712 -6537 -9443 -3551 -5245 
-1918 -1592 4385 -4423 -9603 -5059 
-8496 6635 793 2970 -8480 -2873 
4051 -1985 -7909 -7734 2734 -2420 
-1887 1123 -2684 1666 427 -2445 
8547 397 1523 -3424 2032 -5815 
-1931 -1918 6451 6135 -8585 -7781 
-5461 9144 2503 -1266 -2136 -7491 
5733 1807 -8292 -4836 -1344 -5127 
-7384 4832 8836 -1823 221 -5951 
7508 -5370 -476 5117 -9868 5043 
9725 -1250 -5269 -7905 -8507 -4069 
-5753 -7984 3072 8615 -5279 -501 
5997 -6142 -1532 -9243 1499 -7850 
-8728 -2467 487 -7394 -5053 -3513 
925 -599 -1278 -7673 -1059 -862 
-9195 -7674 1921 1830 -1944 8419 
-700 4960 -1480 6241 -9633 -3279 
-985 -9910 -2868 -2320 -1305 -1965 
-1