-899 -7451 1470 8663 -9621 2206 
-4572 1611 9876 1146 -3333 -61 
80 -720 -3733 -7975 5702 -7253 
1608 4281 9280 -7339 3807 4660 
-2697 1046 -4497 -4488 -5098 2365 
564 -8034 2236 -9222 3435 -315 
1281 -7819 1809 -9695 -6180 -3971 
-1136 -530 1029 -4422 2998 -7865 
3320 -7994 7044 -9700 -8711 -4957 
9807 -5376 8125 -7388 1250 -5341 
-6136 -9362 9922 -5504 -8942 -667 
-3913 9815 -8016 3713 -7033 8670 
3986 -5759 -2555 -5869 -8601 3008 
-7383 -6539 6374 909 5699 -9771 
241 -1739 -181 -1050 6034 1766 
6618 -2212 -3831 -9325 -8610 -3627 
-1366 8911 -4471 -9999 -3870 9607 
2509 -4854 3865 4556 -9118 -8836 
-645 9099 -336 -3250 -1319 3428 
-629 6860 3181 -7240 -4197 8882 
8894 -4125 -7840 368 1475 622 
2546 -5239 -470 3998 -3508 -5120 
-7523 -5458 6283 -7924 -7077 -1531 
1811 -7438 -117 -1214 -8014 -587 
-1672 -8205 -5975 -567 5048 -9776 
-6967 -442 -9464 -3900 891 -1853 
-7139 -2262 -5724 3490 -2947 -2662 
1702 -6170 -7863 609 6217 1870 
4896 8504 -4677 -3235 320 7182 
-9258 631 -6162 -731 -1919 -3596 
-4104 -4089 -7141 655 -8167 -8143 
7220 -7745 5758 3920 -9222 -9082 
1542 -4533 -7489 -5616 -8657 -5466 
-2449 -234 -3281 -6264 -6556 -1340 
-8576 1269 3172 -2053 6304 129 
-8642 -4554 -1866 5254 4408 -7021 
-8678 -6414 -4751 -3127 -4817 4005 
-8735 -8991 1009 411 -7265 4356 
-8552 455 3302 1071 -7631 8738 
9593 7886 -3693 -7326 -8477 7271 
-5514 9679 1668 -3786 -709 -8910 
-2646 -2599 113 -1715 -6755 -1203 
-425 -5294 -675 -9447 -9499 7985 
-9649 2472 -1078 -86 5334 -7778 
-978 1867 -354 4996 4900 3196 
-8641 -956 -3047 -2987 -2849 2043 
-2452 3668 216 7627 -250 -7092 
4701 -2129 -8577 -2623 -4744 -5290 
-6197 7795 3030 3913 -7410 -906 
-6716 -276 5359 2507 -3588 -7474 
-9449 -726 -2917 -5158 2705 6718 
-523 5487 5141 -7658 3755 -9809 
6051 3736 -8262 -676 6641 -9224 
-3495 -4064 -3800 -2294 -7397 -8631 
1930 -3947 -2659 -9854 -5671 1066 
9627 -5004 -8266 -8012 -1886 -9230 
-4986 9936 8942 8313 -2278 2173 
-9654 -2770 -9202 -1930 6174 8663 
-6512 -8928 -4473 -7714 -1050 3841 
-2166 -1547 -9526 -976 6533 1189 
-7913 3442 -6813 -4929 -6263 2594 
9948 -399 -1345 -6701 2770 1503 
3302 -8205 2910 946 -7185 -1296 
9518 2314 -7416 -928 -7442 7418 
4813 -1124 -57 7988 -2061 -6355 
4901 -7680 -944 -5143 -9315 -4298 
-7496 -1314 -4144 -9661 -5626 -10000 
648 -274 2239 -4447 -7860 -8096 
1360 2223 7444 -6850 2432 225 
-7791 -7717 5285 3749 -8453 4780 
-9138 -9805 2566 6908 -8373 8791 
2641 -9248 -3669 -9201 -2042 -5811 
4418 1487 892 5162 -7219 -7571 
2049 -6496 -40 -1000 -4682 -5671 
1121 -2614 8572 1736 -6635 418 
7726 -9915 -6332 -9171 -9809 8381 
465 -5787 -731 -3929 -8598 -356 
6150 -1415 -7463 -2537 9810 -9093 
-7238 6047 2721 -3556 880 7668 
-7330 -8379 -9841 -1947 -5419 -372 
-1976 -898 -5048 1609 8667 7875 
4520 -6995 -565 -581 2179 3954 
-3748 -7731 -9127 7630 -1546 -5809 
-7661 -724 3437 -8097 -7978 9788 
-9348 -4883 8725 3849 -2121 -104 
-3517 -757 -4735 3808 9395 -961 
4987 -1702 -2694 9877 2206 8192 
2675 -4089 -5462 -1333 1414 -45 
-9375 -9340 3113 -5438 -7123 1206 
-6106 -4570 -984 -5207 9631 7981 
-2273 -7542 1071 2865 -8468 -7666 
-3084 -1488 2413 -3525 -852 -6309 
117 5340 -5478 9907 2268 701 
2069 -7438 -2689 -2056 6457 -2490 
-5724 -1269 -7173 867 -2789 8400 
-1529 2969 -6194 9927 -9852 -3325 
304 -2029 -5226 5378 -6918 1423 
1189 -791 -8458 9465 -9884 5882 
571 -2356 3214 -4718 -8326 9847 
-9141 -1921 -8520 -7799 1085 -6342 
-2019 5899 2485 -3019 2571 -3342 
2662 6922 -1738 -4970 -4546 1438 
7016 -3202 2352 -442 3595 7420 
4312 229 1228 6176 -4230 -9223 
6683 1191 1739 9912 689 -492 
2546 -5802 -9961 -8958 -8624 7401 
7299 8888 7038 -81 1891 -2851 
2837 -9525 -6178 -3570 7636 7930 
-7878 -145 8893 -1444 -4391 -5152 
-3264 1780 -8728 -6641 -5795 1398 
4921 -2348 -9435 8477 1901 1372 
-8225 -4707 7449 -6980 -2220 344 
-7422 -4845 -2268 -44 1000 -6742 
-4649 -9652 -5524 2907 -197 -4314 
7435 -4844 -1880 2150 8650 -9541 
299 -2621 3383 8277 -4357 -4682 
-5779 9921 1709 -3527 2071 7339 
-4528 -7057 -2951 4734 -9358 -7906 
8396 -9607 -2879 -1562 -3256 -7964 
-4551 -9875 -8921 4934 -1988 282 
-7543 8688 -3781 -8092 -5135 -4037 
-9475 -853 5754 -9253 8896 -9563 
2565 297 -4293 825 -7536 -8474 
1766 19 -6255 1122 -419 3888 
983 5431 -7134 -4871 505 -2277 
577 2936 -3860 -5803 630 2726 
-9486 4401 1268 4450 -7075 -2770 
-9247 -1335 -1782 -543 157 1634 
4722 500 -2836 -8390 -96 -2164 
-4558 -3248 -9245 7833 -2916 7633 
325 -6594 -2240 2470 -3652 -299 
-9178 2316 -638 220 -5528 1316 
-6336 -56 -5611 -916 -9327 8088 
-3428 -8624 -6012 -7889 -3577 -8806 
2080 -2429 -3738 -82 -3344 -7759 
-8241 6556 1973 340 2049 -8692 
-8767 6167 -687 -384 -4441 -3609 
8352 -102 -7063 -5685 -7223 -6694 
-7778 -4200 -5053 -2806 1933 7841 
-7774 -7684 -4932 -6933 3076 -9195 
-280 -7318 3012 7268 -5229 7688 
-753 -5291 451 1121 -4450 7243 
-1624 -5641 -9404 -4053 -6622 5731 
-351 3222 -5253 -4855 9655 -4774 
664 2959 -7515 -7799 2615 -9361 
1296 -3735 -4751 4203 1120 -5650 
-1309 -6913 -6004 -9241 -374 -5187 
376 -7436 -6094 9143 -6725 3583 
-9808 -1099 7366 8875 2480 -9453 
-2687 -7257 9326 -6237 9272 -9944 
-3010 5077 -1419 -617 -5481 -4358 
528 8838 527 -6716 -6811 8681 
-1348 4052 4325 -7838 -2809 -1299 
-2064 -8546 -3745 1261 -2016 -7714 
-2459 -3397 617 -4616 -4206 -7963 
-8415 -160 -6121 -2492 1435 -94 
-9696 -8671 -9095 -6255 4958 2430 
2560 -539 -9371 6668 396 -6465 
-8204 -1599 -9496 -656 4244 -433 
-2279 -8068 7170 -5745 2810 -9449 
9456 1660 -9111 891 6857 6472 
4138 4885 2418 2152 6082 -4230 
1785 -7916 -4379 -2016 -4310 8749 
215 -1070 -9762 2716 -850 -5667 
-9961 -3931 8022 1033 3727 -7086 
-6793 -3220 2895 -9071 -2727 64 
-3685 677 -185 -5802 -4424 -5513 
-8715 -3643 393 -8787 -8035 -6330 
-2827 -2592 -2130 -5724 -8147 -3706 
-9112 1869 -8975 6806 8961 3725 
-8077 1101 1675 -1796 -4267 -1461 
-9479 663 537 -6524 3839 6095 
-5702 1269 -264 637 -6411 7893 
-8273 -5699 5452 -6452 -8391 -6982 
-6134 1190 -6722 7464 -6677 -3926 
-9696 6130 -5641 -8022 -1380 -6510 
-9203 -5164 5647 2441 -9847 -9905 
3190 6118 4606 -9078 -2249 2953 
-6236 -6865 -4412 -6739 -5898 -903 
-5091 -6016 -6915 -8667 -5576 2229 
-2677 9195 4286 -9185 5987 1645 
-5004 -7563 5183 7793 3525 -101 
-782 5933 -7372 -1820 -4277 -1569 
-7594 6865 -1569 9832 -9693 3997 
-1793 -1295 -5658 -3717 -3026 -9174 
-4258 -2658 -615 5279 1760 -4901 
-5889 -221 7836 4911 4721 -4660 
257 5689 -4163 1029 7461 -6509 
-1619 -5732 2174 -7619 -9780 -1723 
3187 -7210 1581 1881 -2758 2707 
-7418 -4353 -8040 2347 -8161 -8305 
-3952 -5552 -3310 -2704 -5287 6372 
3980 9197 -9426 -24 -1230 -7170 
9068 7160 -7958 2698 2454 -5740 
4120 -3826 2078 -1246 2311 -4677 
2336 -270 -9622 -8055 5584 -5917 
-5949 2369 -2603 -922 -8730 -1313 
-716 -7650 -970 -5125 9970 -623 
-871 -9341 -620 -3941 3208 1772 
-7191 5409 -7002 5868 -4629 -634 
-5547 5056 -253 8577 -5116 -9487 
-2038 -6707 1358 1184 -7017 1186 
-6719 -1385 7446 -3258 1914 -6625 
7029 -8579 -6855 -5990 868 965 
8818 -7728 -4738 6249 -5152 -5659 
-2460 -7830 800 -1875 360 -317 
1276 -5983 5459 2482 -2167 -8654 
-5858 -8881 -9492 1918 -3290 -6495 
6176 5025 5568 -3310 -5062 -5747 
9318 4416 78 -5701 1531 885 
14 -6779 -3634 -5223 -7118 -2932 
8154 -5594 -2918 -4705 3279 2523 
9050 -2912 1908 6741 8623 -7458 
5133 -3332 -371 -7129 -6439 8378 
5447 5697 -6177 -7151 4166 3447 
9195 -4596 3960 -2928 178 -4072 
2030 -1786 -4899 -5620 -5049 -8172 
-5593 7119 2089 -1870 7007 2362 
-7120 -2626 -1455 -8614 525 -6245 
1449 -37 9029 1759 -3207 -7230 
-4705 1864 3827 -423 7269 -432 
-7687 -8336 -8287 -8320 -8194 6627 
-1816 -1497 7908 -4426 7233 -6482 
-8441 -4025 6428 9640 1627 2886 
6916 5542 5531 -4162 9629 498 
1177 3513 -1883 -5575 -4837 -7614 
-4354 -8212 -6742 -3608 3504 -4156 
-3136 5678 -8631 2082 620 24 
1798 -7744 -7085 324 -2474 -1727 
1302 -3545 60 -115 -9902 2381 
-3690 -4323 -2293 -2754 -2916 -7436 
-2898 334 7148 -5012 206 -948 
-3357 -9896 1967 2519 813 -7735 
2697 -7332 -926 -4564 -5714 -8166 
-440 -8685 8869 -4251 9950 -8837 
-3624 -4819 -3975 -5363 -4042 -1029 
-5681 1500 -6766 2535 -2283 -3237 
-5269 -7521 -8125 2120 -432 -8185 
1344 -2136 -2397 4076 -6148 -358 
-355 8912 -1734 6983 -2125 -2745 
848 -1387 -8553 -955 8078 -6811 
-6718 -712 4517 1948 4080 -8845 
8417 -6820 652 9579 -8551 6105 
7982 2982 -8791 5095 2113 -7889 
-3106 -3050 6059 6414 -2733 8130 
711 4759 5754 5894 -4076 9698 
4125 722 5877 1627 -7196 2877 
-146 -3492 -102 -6116 -6603 -9447 
-8117 -8237 750 1882 -6224 -9654 
780 5773 464 -8475 -1411 8412 
-228 2254 -2454 -6820 -6362 1523 
-9254 -9625 -6290 2328 -7816 2254 
5816 -7420 2166 -3576 3462 -3010 
-9357 -497 129 -4641 -4423 -9172 
-8002 1885 -2998 1357 -8906 3023 
6460 -4575 6879 -5741 -5375 -9731 
505 3976 -9619 8000 -8503 -5024 
2260 -9737 -8314 7611 2320 6882 
2766 -5810 -5559 -4937 -2587 1411 
-137 -5884 -7753 -7386 1957 7994 
-1476 -643 3057 2726 -2433 6456 
-6790 -8923 31 -8951 2393 -1294 
-2732 276 1168 353 54 10 
-5919 -8626 1051 115 -3678 -5768 
-6305 9931 -366 -7511 -5049 5615 
131 -6823 -6007 -5002 -8540 -9035 
-2359 -6971 -1066 9018 -1539 1566 
2339 613 -2373 -2758 52 49 
-3471 1143 9846 -2921 -2254 6804 
6663 6841 -6796 251 1679 -9626 
-8811 8605 3792 -2764 -9755 -93 
4443 6611 -3679 5572 -5853 -9662 
5244 4307 -8362 2756 -4637 2298 
-9400 9711 -4545 -7666 4467 387 
-6434 -1831 9149 2788 -3859 -35 
5881 -7521 -2839 -6055 -3186 561 
8761 -2165 6176 1512 2418 -6917 
-1659 -5880 -1436 -7092 -7528 -3851 
-7148 3742 -9420 2532 -7319 -237 
9730 -5859 -1819 2764 -4755 -9665 
-1324 -2313 117 8896 1419 -1362 
5323 9145 -246 -6441 -9478 -3265 
9858 1970 -6747 -7724 -9125 -9036 
5648 6559 -7944 -7189 -7230 -8230 
-1675 -432 1578 -1302 2544 -7918 
-4738 -2188 -8752 -2475 -3573 -2770 
-2366 2623 -5716 1812 -5054 -7121 
-6191 861 -2310 -9487 -533 2316 
-2163 -5840 8904 -2100 -8875 -148 
-3976 -5418 5708 -5556 -1582 -205 
8264 -3275 1756 6379 -6966 -4325 
-1753 -1230 4601 -584 1975 -2549 
-5207 2618 -1778 -6614 -2685 -5598 
-191 1818 2143 -4629 9672 1601 
2260 -7386 5278 2657 9653 2577 
-2715 -2079 -5166 4702 -1109 -4439 
-2522 -1709 -2996 4021 -1005 -8993 
8921 -1148 1254 -2143 -6056 -9743 
-9214 -6036 1484 -6044 2457 -7670 
-7691 7243 -4451 -3739 476 -6718 
-6279 1475 3209 -4454 1337 -5807 
-1387 -7815 -4302 -1915 9990 5470 
4317 -8740 22 -2199 -509 7468 
-4681 -5064 -7487 -7532 6710 -5259 
-6587 -7272 -1893 -8083 -1032 -6643 
409 -3421 -4256 -1392 -154 -1177 
-8029 2491 6177 1442 -8623 -3975 
9723 -715 7483 -6855 2424 2753 
1703 1346 8085 1798 -3512 -474 
-8987 -1456 -3319 -9189 -7486 1937 
77 -8889 -1120 -4500 9522 -6470 
-6685 3121 8827 9824 7383 -4179 
-8595 -362 -7118 3617 -5001 -1893 
-5115 -3308 -3943 -9589 -6794 -5563 
-5407 -5079 -9532 1507 -2864 1852 
-3794 1759 -2908 8605 -4232 -8636 
-2410 1292 1132 -6979 6341 -4470 
1343 -8289 4173 -8061 -6923 -6933 
-1511 1165 -1592 969 -7774 -6160 
3046 -1573 9360 -4156 -7 -3567 
6686 -3389 1257 -9407 579 -4908 
-2968 5554 -8777 -2035 -3964 9560 
4075 1889 482 7269 -5957 -3029 
844 -1315 -5303 277 5607 -2998 
8619 -8166 -7574 -4207 -2625 -8639 
9516 -2106 444 -2059 -8866 2396 
693 -2761 -3594 -481 1496 7880 
9399 -4252 6708 -9716 -2233 -8223 
-7588 -202 -3586 6268 5488 -1957 
4106 -8194 -7622 -8850 7565 -7760 
-1355 -6522 2277 4359 2260 5888 
-9936 9273 -1759 -6421 -4593 -6924 
-8378 1921 -4949 -1713 -8726 5044 
-522 -5408 1116 -7960 -3053 -7472 
-2156 1705 7609 -2004 4919 -5962 
-2861 -6242 -7236 -6693 7596 1596 
3021 -7418 906 5312 6384 -7174 
-73 -1129 2918 -767 -3481 -1379 
5459 9600 -7560 -2104 1791 8046 
-9005 1698 3870 8677 -9636 2719 
-9141 -3464 1224 -8283 -2790 -7865 
2570 -4560 -3186 -7117 3443 -6183 
-3834 2797 -7432 2385 -5632 -15 
-4043 1878 3769 -2440 9556 2241 
-6255 8716 2343 3388 8021 -4521 
-69 -2980 -3681 -9825 -4879 -7764 
1816 -9642 -9627 -4376 -8000 973 
7156 75 -1776 -5751 -6919 -3605 
6463 5369 -2018 2404 -8639 -5594 
-1262 -4526 1621 3212 -6601 259 
-125 1576 -8352 -7989 1689 -6958 
-7239 3419 1534 -3156 1961 -820 
140 -6243 -1550 7521 1075 2584 
-3774 -9653 -6042 -2401 -3097 3758 
-7017 1327 -486 3813 2201 -5516 
-5431 353 6894 -1698 -7535 -1129 
-9438 -2985 -9467 4282 -3564 1268 
-5639 -9561 -169 -5302 7898 -129 
5593 -4926 4540 -4549 -5182 7151 
-8808 -1285 -3202 319 -6347 -6464 
-2401 976 -5113 -8005 -3874 1636 
4342 -5627 -6431 3930 1759 -4175 
-8287 1780 -2081 -9601 5644 -4483 
8529 -1007 -9464 1933 -7827 1282 
-5960 -8948 3484 3734 -7740 -5383 
1771 3758 7604 451 -6920 1661 
5277 4962 2550 894 -8225 7711 
-8849 1031 -2321 -4363 -2011 -5413 
881 1724 -2466 -5731 -216 -284 
8288 -2519 -7408 1827 -1127 -9980 
-2228 1034 -2207 -8045 -963 634 
-2428 -9427 -8367 -8164 -9860 875 
-6716 -2226 -8580 1031 -3004 -9731 
-1231 4132 -9648 1555 -3732 -1238 
-3197 7918 8123 4821 7413 -1448 
-618 -2003 -1441 -7915 -9341 2906 
7458 1338 -4588 9170 -2396 4926 
-5458 2354 2169 -8204 -6099 -2762 
-9784 -7785 -7764 -7006 367 -4666 
1312 -5248 -4290 -9326 7462 -1391 
2474 3030 -1570 6237 -7801 -602 
8152 -246 4397 -2134 -5586 -1195 
-3749 -2929 5428 -6562 -3229 -462 
-372 -5251 -2522 3721 1979 7966 
-6795 -1121 643 970 -2555 2296 
-4600 -7483 -7811 -3614 -8106 -6410 
6924 -7997 -1402 -1525 -4349 -6219 
-4514 8351 -5310 -1484 5782 -6637 
-1363 -4809 6561 2341 2337 -6628 
8298 1439 -113 9029 6399 5358 
-868 -9335 1579 -6953 3537 8006 
-7416 9829 3315 -3658 -1896 2342 
-9776 -799 294 -2409 -3778 -1382 
-8099 8668 -9186 -9435 9587 -3693 
2406 -7305 -4129 -1363 -1536 -9118 
5945 -2156 -818 -7860 -3816 -464 
1168 -4471 -2531 6704 7079 -3740 
-5614 -1472 -3079 -264 3604 1060 
-9033 -3098 6160 -1281 3390 -5336 
522 -8908 5947 -2142 9923 -2385 
-2574 8859 -1957 4804 -7806 2187 
1011 4152 -3231 -2379 5978 -7586 
-3730 246 -2593 -4027 -5017 319 
940 -3024 -298 3073 5943 -4282 
-3117 8582 878 1419 -890 4135 
-9316 2030 -466 -2662 -8853 9062 
-7649 6444 -5431 -8105 5230 -496 
8936 -2856 -400 -4105 3208 282 
-2079 -4160 -6313 5538 -2748 5938 
-5286 3000 -6680 -3865 -3672 163 
-5134 2508 -9996 -9932 1817 -9977 
-9356 2657 -1042 2423 -7491 6134 
8477 1891 6863 -5241 -169 -725 
-6095 6057 7985 514 -1538 -9374 
7399 -8287 2017 -1571 -3771 -5068 
2238 -5055 -3162 -4168 7506 9350 
-1025 1640 -1157 -386 -3562 -2188 
5498 -2470 -8360 -716 -2793 1106 
-4086 -7204 6630 -8200 -3844 4047 
3273 -9129 7976 -3208 -363 -1763 
-9361 3606 -1861 -2927 1001 -1161 
-9409 -3508 -1724 -3127 -5015 4871 
1569 -594 4744 2351 6885 1678 
7113 8480 6384 1808 -2644 8849 
2158 2701 -1409 1354 -5298 9436 
-1793 -8513 -9680 -5423 -6748 -167 
-4314 1965 -1726 6481 -9806 -1970 
2472 -9120 -3754 9705 7533 9691 
-3188 -1609 -4883 -1606 2131 -1998 
-2930 -4167 -21 995 -952 8069 
1187 2551 -5565 7310 -7759 -4239 
-6269 -7039 -7360 9221 4579 -102 
-6063 -8158 -67 1013 -6980 -2450 
-8302 -5754 -8937 -5768 -5016 8810 
-8071 -3991 8369 -3011 -418 -1059 
-3796 -2708 621 -783 7277 -6802 
-6824 8861 2655 -4591 -2333 325 
-3158 -9841 -9783 2665 -8141 -6614 
4029 -5274 -4383 -3689 8012 7800 
-890 -331 2442 635 -3905 -5087 
-7572 8639 -8686 -6548 4085 7154 
-5470 -3285 -6898 -3396 32 8113 
-5546 -364 8480 -9253 1249 -721 
3503 -2965 -6241 -2344 -3489 -9289 
2004 -6816 2349 131 -5617 -9741 
-3298 -7731 5954 -7853 -2970 1255 
-4989 -1280 7308 -1749 -6502 -4490 
-9969 2921 -2655 -9379 683 740 
-7548 2555 5978 8510 -2646 1870 
-6154 3408 -3880 3799 3719 -9730 
-8110 -1032 8889 -8214 1859 -9151 
1228 -1974 -5282 -9083 -8270 -3435 
-2651 4821 -716 6433 266 -313 
-4810 4817 1813 8853 -7140 -4727 
2311 -1394 5934 -6810 -6755 -4218 
4697 -2323 -3018 5488 -9803 -5439 
-9417 -5617 3181 -5862 -3120 -9079 
5532 -9518 -9161 3103 -8652 1696 
-3266 -2119 5351 7724 -542 1091 
1887 -5992 -4290 -9025 -8370 -1084 
-6067 -8172 -1844 857 -7032 422 
-8516 1754 -1461 7880 -8143 -9119 
287 -2219 1458 -1109 7193 -2821 
1180 -4558 -3552 892 6758 -198 
846 4913 -6745 -3855 -4712 -6035 
-4132 -7726 -6990 -4343 -569 -6936 
-7891 4543 -8619 -7110 -830 -4207 
386 -8476 8852 718 -7202 -8186 
-4399 2132 -1041 -5319 -4071 1814 
1083 -8537 -8125 5283 -1440 -3206 
-3334 -1733 5830 -3914 -432 -6288 
2486 4003 -6514 -9498 -5400 -5204 
-3642 -1931 4357 -9744 -1161 830 
-2780 -6195 -473 -5935 -6503 -8191 
9587 -7150 3311 -8520 -7288 2658 
-912 -5248 9520 8150 302 472 
5905 -2708 9277 -174 -5935 -6112 
863 -103 1023 -4325 -9244 1544 
-2833 -3380 9105 -6682 -7132 8409 
-3936 -6030 -8588 -5322 8969 8696 
-7738 -8714 -6945 9095 6943 3587 
-1378 -4382 5821 -5111 389 3134 
-9598 -3369 1503 -1020 53 -3862 
1797 -1993 -2427 4001 -5559 572 
-3438 -9452 7628 -9710 -1178 -5685 
-5871 -2453 -4603 -6327 -4393 -2954 
-5618 -3574 -4864 -9923 -5381 -5683 
-1129 -8722 9703 -9164 -4368 -2631 
1839 2475 -7213 7012 -8317 -9244 
-7468 9683 -6956 -7573 549 810 
-3953 8952 -6289 -7460 1261 -6654 
-8419 -2183 9642 -4076 8569 -9236 
3573 -8351 -8070 -1943 -8474 -8452 
-9858 -1248 -9256 -1275 -7436 -393 
1773 7614 -2307 2069 -4809 -5754 
4116 -5212 -2025 7654 4877 -6222 
4967 392 2745 -170 8406 -4024 
-110 6364 -1774 3981 -3530 -6280 
553 7386 -3700 -7584 -9069 2720 
8592 1590 -3060 -8361 -9686 -8021 
-4320 2764 -9920 8997 6312 9661 
-3601 -268 -4103 386 9494 7958 
-1284 7887 3381 -3309 -7144 2199 
-6444 4964 -6183 2675 2086 479 
-8531 549 -7505 -3090 -8598 -4394 
4100 -7972 -9609 229 7122 -1644 
6185 -1149 -7936 -9364 -7830 7164 
218 9055 6499 -5168 -7834 -5608 
-2286 -85 -6053 -6765 6237 849 
-142 -406 -6005 -7909 -8871 2562 
-2738 -8605 -6703 -5104 9478 -2852 
-4689 -227 2305 -9021 1737 -9375 
-4889 -6119 7469 -6342 -2731 2932 
-5615 4949 4552 2829 5331 -9104 
-2148 -4484 9752 3076 3350 -7284 
-4490 8158 -8256 1064 -1766 6096 
6291 -3885 4420 -634 -2728 -2493 
8591 -8868 5843 -3578 7960 7055 
7192 -2589 -8515 -6096 -610 -633 
-443 -2176 8288 4924 -7553 -1224 
-6890 -2882 8048 3591 -2810 -1462 
1481 -3262 1222 -3079 -6091 -296 
-6728 -3764 3580 -5277 -4072 9992 
8098 5446 -7980 -6332 3760 -2062 
-1310 -8256 -9065 4812 7823 4728 
1939 -7092 -8878 -4520 6381 2439 
2764 7924 9988 -9232 -2135 -8559 
172 -1897 -9623 -4859 3735 5728 
3966 -7482 -8782 -218 -7372 -8257 
-6252 -4507 -1289 -4032 5172 -8133 
-912 -4776 -1705 -1014 -6030 6246 
-7692 7492 -6186 5196 -7054 -2273 
-5918 -189 3760 -9968 -688 -394 
6632 -7624 -8244 -4276 -2414 -8070 
541 9086 -4401 1678 -1081 -9232 
-9568 -6250 -2929 1349 -3402 1657 
1441 -5587 -8208 -2009 2511 -3495 
-8836 1691 -3525 4891 -5080 -1527 
-7913 -5879 -9609 -9801 8140 -2115 
-8373 4039 -5896 -4987 5708 6134 
282 -5800 -953 3368 -5359 -7321 
-1991 -7135 -6877 6005 6022 -4840 
6142 -122 7693 -9366 378 1630 
8063 -2676 -3098 6116 -8020 323 
-7612 7238 -7006 -3594 2316 -3742 
-7921 4101 -7496 -192 271 1140 
-2976 -5499 9764 2922 -956 2534 
-5185 -3328 -7351 -9254 4424 -7405 
9865 468 58 7997 1541 7664 
-9392 9475 3581 -8661 -7265 -1456 
-6238 2487 -2267 -3582 -441 7695 
290 -8828 97 -7096 -5886 2203 
-3736 -7928 7685 9413 -3203 1949 
3800 8448 -9490 -7130 -829 -9946 
-1092 -4525 4331 -8319 -8769 -1226 
6062 -5284 7682 -3057 4530 -8776 
-4142 -6547 7748 -448 -6209 -4777 
-614 1151 -2183 -1818 3837 -3280 
-3237 -9034 1572 -873 2161 4092 
3363 -9425 7028 -9096 -8252 -7900 
-8111 -6385 -9357 -7135 -9868 -1422 
2111 556 2850 -6300 2687 -3952 
-8544 2363 -5547 -5894 -1761 -9020 
-592 -8855 4786 -7315 1268 -3295 
2331 -5124 286 321 1809 -7290 
-2462 -4046 -1923 6493 -6154 -9847 
-9408 -1784 661 -9018 -9285 -8390 
2077 -7587 -1202 5404 1499 -2823 
-4734 1611 1928 -5542 -3482 6635 
-7503 7784 -4426 -7471 1759 -735 
5984 9828 8624 -4232 -8951 3528 
1666 -7045 -1875 -8679 -3557 -5328 
-8859 -1386 -7421 9613 -6129 5601 
-3982 -9634 -791 -8826 -5846 -9593 
-33 -3018 -1822 -9905 710 -7391 
-3474 -8932 5702 -2470 3539 729 
6334 -2599 2557 -3139 6916 -3700 
6266 -3374 -980 1635 -2212 -7703 
-7380 -3918 -5948 8214 5279 -1607 
3008 -6342 -4506 -7462 9009 1443 
-236 -8299 3025 -331 6700 6801 
1364 9025 2660 -3721 1903 1147 
-3731 -9336 249 211 -9258 -5849 
-9011 7098 3342 -5384 4952 3622 
1255 -8052 -432 861 1347 -2181 
1763 -309 -9270 179 3858 7159 
-166 7728 -3811 2741 -6973 2125 
2017 7068 -2160 -3431 1823 -3910 
2505 -9333 -3137 9863 -7783 -3620 
-1387 2328 -7410 1547 -2620 -9356 
8126 -1852 -6239 -6163 4175 -8858 
-8680 -2393 -6154 575 6484 4030 
-8063 -9315 2137 -2139 -6059 -893 
9431 -6704 2641 -6056 9788 -7113 
5019 6723 5479 2898 -2695 3451 
1379 -7445 -8450 90 -4364 -7055 
8330 -2987 1868 -8463 -2932 -2520 
-7040 7876 -2902 -6795 -1566 7682 
-765 -4753 -6874 8158 4819 -6702 
-6167 -2317 -1834 -9898 -5167 -3266 
3857 2179 6199 3655 -7540 -8984 
-1438 -6622 5701 -8762 -5580 -8549 
-4287 753 2411 2095 483 -5286 
4002 5432 -4796 -6169 -2025 -4629 
-6856 772 -2769 2213 -5097 1150 
-9026 835 2205 -2257 -3835 -8080 
-3184 -460 7029 -4603 293 2755 
-710 -3699 1118 4580 2172 103 
-9962 1269 1633 -3537 -7715 -590 
7887 -4770 -1242 2200 5144 -815 
-5342 6372 4279 -7736 3815 2243 
-7466 -5455 2931 613 6069 6564 
-682 1525 -3514 1488 -3030 -6682 
-7108 8148 -6488 7182 -1721 2577 
2202 -4363 1784 2561 -9527 9969 
-7575 -541 -1854 -4787 -1568 6455 
8885 -9496 7955 3472 -230 -6170 
-5975 7269 9788 -3167 2944 -2839 
-7920 -4031 8531 -7458 3556 -6678 
-9413 -5210 96 -9188 -2568 -3910 
2439 -805 -9140 -5825 2270 -3773 
-7867 6135 6352 -1623 -2461 1556 
-9647 1725 -4680 3505 9154 7922 
5294 -8380 5908 6172 3592 -9267 
-7375 -3946 -632 -6667 -6538 3407 
7610 9076 6470 -8452 9159 -7376 
-9251 -4626 8460 -7601 6656 8266 
-6673 -6362 6652 5941 -3379 -5903 
9134 -6644 -5672 -6554 -8031 2208 
5890 -5303 1910 -7241 2357 421 
2152 -3469 3939 -6860 8657 9724 
196 -1155 -2040 1557 -36 6410 
8972 -1933 4285 -6225 1926 -8944 
8974 3467 -9816 7197 -2231 2136 
-36 -7469 3787 -5221 8572 149 
-247 1951 -8869 -9295 -1412 5507 
3823 -8093 -6229 560 -2137 -2752 
-9185 -5075 1214 6705 3544 -7531 
-7148 764 5667 -3896 1499 -2712 
264 6402 880 -2527 -1045 -5847 
-8726 -7879 -4086 267 3257 -1677 
-8498 -9304 8295 -9924 -5085 237 
2306 633 189 -9696 -7204 -347 
-6075 2209 -4303 1693 -1165 9329 
-6228 -7498 8924 4172 -5341 -5234 
6376 8830 -2581 -5334 -636 -301 
-6264 9184 1473 -1170 -5630 2763 
51 4030 -4512 1766 6109 -7795 
-5362 5118 7949 -6372 -8156 6814 
-4374 -1172 -798 2736 2251 2591 
-4706 -444 1579 414 8675 9266 
8319 6555 -4337 -9506 2301 -1607 
1383 -8775 -3002 7307 -501 -4656 
-5626 -1349 862 -9379 9529 -9587 
-6667 4805 -5204 7588 425 6141 
-4319 -1984 -5333 -1140 637 -2188 
9916 -8810 -9314 -1938 8955 -361 
-601 -7595 6337 -9489 -5663 -5348 
8777 -994 -8669 7732 -141 -816 
-7727 7164 -8214 -3782 -9886 -3043 
-7354 -5339 -5658 -9509 -4691 2635 
-7065 -6170 285 3969 -1458 6195 
-3058 7571 426 -4985 -1197 -3306 
-6257 7098 -9885 9497 -5063 -4101 
8757 -5156 -7750 -5073 -8817 -6521 
1428 1122 1506 8499 -6946 -5195 
-6192 -53 6702 3039 -5104 4921 
885 6610 2548 -6279 -881 440 
-1206 -365 -2348 7660 -6272 967 
-7374 6909 6188 -4567 -8607 -6029 
-6615 4721 -3637 -5670 -5852 1643 
-9197 9433 -2597 -9965 -7590 -8860 
-9635 -378 3645 -3055 -6188 -3375 
-4709 -4271 587 -2545 1597 -4199 
-8886 -7789 -9322 2880 -482 7041 
-7607 -692 -1855 4418 1389 9197 
-777 9111 -9265 -5173 -8779 4013 
6615 -3330 -2422 7441 -4790 -1475 
-3338 -7771 -3465 -6472 -5568 -3468 
1869 7435 2728 -7805 1452 -1238 
-7914 9546 -8961 -3133 4799 -2782 
5222 5635 6879 -5827 -1545 -4874 
7208 3166 -824 -1771 -9378 -3999 
2600 185 -3390 -6117 3756 -681 
-2385 -2967 623 457 3073 1761 
-7685 -3192 1499 -8917 3879 -5440 
-2198 5176 953 1924 -9529 1129 
-9034 1984 7962 -6577 -6729 17 
-7675 -6049 8060 -3855 2591 -421 
-1599 -1354 -9377 -7084 2476 1978 
-2691 -8079 3950 3165 -5899 816 
-6678 9515 -500 2221 -8846 9176 
-9611 831 -6736 -7565 8436 -7413 
-146 -934 -7452 -9037 5232 -6326 
4823 -8050 7998 8186 2685 6400 
1736 -9976 -9818 -7200 3115 -1484 
-2262 1693 -2992 2540 4587 -7545 
-4459 -1432 2993 -5911 3442 -8969 
8702 -5835 3188 -1993 -2877 3268 
-2549 5422 2479 -8963 7852 -850 
-2708 7954 -3122 -9862 -2910 -9774 
-2887 1908 -9305 4924 -3263 9196 
-7122 -8143 -9458 -358 -6620 6575 
7584 -8462 -6049 5242 -6385 6772 
-4916 9819 -2251 -8446 -3981 7053 
-656 -6120 6678 1845 -9467 -8456 
-6981 -3631 1027 -7547 -3410 2741 
-1530 8721 -3454 -6189 4196 2007 
-4617 -6089 3171 -8595 1729 8607 
2024 6420 8038 3359 -2217 -4079 
-5146 -3448 -8361 2018 -957 -6641 
7799 -7318 -9161 -6428 1550 7631 
-8821 1166 -2137 2339 -1589 1874 
5085 871 9873 5517 -2621 -9937 
233 -1078 -153 -1919 -4744 -9576 
-2792 -8413 9686 -8204 -26 -1197 
-3142 1575 -2071 1208 -4224 1589 
-5148 -7783 -4443 1714 -6966 -5043 
881 -1289 2339 -1261 8153 4597 
-5687 -9374 -8285 -4504 -939 2948 
-4182 -6960 7073 831 -5371 -8611 
-7100 -7692 -8668 -4471 -124 1226 
-9060 -7959 -5748 -3410 1251 -312 
729 -6539 -8515 -2836 -1603 2018 
-4200 2617 -4996 -1810 7380 -4961 
-2279 -6653 -762 -7444 -4649 -4851 
3392 2407 -6020 1738 9642 1881 
-3247 6057 -8204 6732 2542 9491 
1295 -3051 7389 6723 -4361 -5290 
9011 -8357 -107 -7936 -2587 -167 
-283 4438 -5572 -3864 9300 280 
6951 -4749 331 -7268 -1612 -4704 
-6767 -8287 1367 -8997 -1073 -7903 
8596 -5807 -9778 5319 1913 -5475 
-8890 6240 -2290 -313 3482 -781 
-3574 781 4637 9685 1093 2073 
-8712 -393 -3530 -7234 -3376 -1277 
-3693 5086 -475 8201 -9313 -4951 
-1962 -781 7363 -2129 -1460 -4063 
-8166 -1361 8020 -1489 6869 -16 
-8884 -1383 -3372 6544 -2363 -5819 
-2595 -9087 6463 3894 -4565 -399 
-5896 -4155 4003 -3959 203 -9991 
4143 6397 -5582 3819 1572 9464 
-8979 971 -90 -2720 -5624 1229 
-6128 3035 -3914 -6949 -6003 -6453 
-7899 -8499 -5335 -8156 -2417 -1416 
-7697 -1418 6954 -3029 -1717 398 
2924 2360 -7440 -4774 9545 -8209 
31 1809 1180 -4688 294 3413 
-3928 -9566 -5048 -6128 416 -8128 
6971 7431 6533 -139 -6346 8589 
8910 -919 -309 8983 -5523 5146 
-3500 1520 -3154 -6802 -3540 -4595 
-1053 -6329 6558 2276 -1505 -6826 
-3167 921 -6944 -2123 -5885 -4103 
400 -7310 -9083 -4182 -979 -3418 
-471 -2302 678 -7121 -89 4825 
-6135 2524 2085 -9927 7101 9796 
-6712 -9988 -3959 4636 -3418 2135 
6719 -2969 -9697 -4333 -5772 -5585 
1451 -7427 8303 -5866 5367 -9986 
-1692 1929 -7544 1325 1857 -2572 
-7798 -3420 9129 1432 6247 -4910 
-6914 2145 -2577 -3121 -635 4501 
544 -5581 5572 -2391 -1590 2731 
9775 1080 2055 -7036 5124 -4137 
-460 3306 5492 -6429 -6848 -5547 
8451 2268 -7267 -1597 -5071 -1161 
-960 5665 -4295 -434 -7066 4750 
5339 -9509 2198 3298 -3722 -7804 
8550 -6360 -6697 -9225 -128 -1034 
-6632 -1446 -409 -1803 -5981 8287 
-6060 -2334 -331 -5868 134 -8038 
-8949 9121 -7238 3728 6297 -5902 
822 -8415 9973 -9996 -8627 5768 
1565 6337 -481 -3627 -1994 6582 
-611 5308 -2957 -8853 8599 873 
7994 -6973 -3376 -8388 3458 -2624 
-1106 -2923 2399 -1475 4093 -3194 
-3999 4343 713 -9906 -5605 -3220 
-1553 -1104 128 -6169 -7430 -6345 
7730 -3782 5639 -452 -3875 1902 
-6195 -499 -1664 -7849 7386 2541 
-5202 779 8735 1081 693 -3757 
-8050 -1974 -835 9923 -7005 -8862 
-9613 264 -5662 -1888 -7832 2270 
5889 -8104 -6860 -723 9733 -5153 
-7906 1803 -2321 -1302 -610 -5341 
-5350 2296 -891 -2022 6303 -5010 
1076 -2195 1337 -4954 -8364 -1282 
3921 5857 -3447 1775 -9488 -6621 
-611 7505 1818 -515 8323 -1705 
-9442 -2803 7933 -9905 8552 -2171 
-451 1424 -1544 -2742 1610 -7433 
-7594 6272 -1721 -5551 -2204 -7808 
-9234 -368 -5035 3541 9379 -5493 
4514 -8676 -537 -8061 -369 -4271 
-5816 7679 318 5423 2595 -9125 
2748 -5591 3396 -9273 1084 -9528 
5194 -5301 -9685 -2863 -2318 9287 
185 -4446 2643 2596 -996 8228 
-9528 -5403 -5571 344 -8434 -6528 
8297 -5315 9516 6478 -2713 -8822 
3769 -7331 -4777 702 2330 -3444 
-9104 6748 -7446 8315 1929 718 
4256 -2696 -6564 9588 9323 -8674 
-1395 406 -671 -9950 -8342 -5570 
-3623 -8977 -6291 -7612 -1771 -8853 
-5242 -1045 6181 8858 3392 -1814 
5639 -6293 -4902 2028 -4878 81 
4374 -2340 8087 -3573 -2504 -8420 
-99 -9434 -6737 -2987 -4971 6286 
912 -1291 -9455 -9930 -8541 3028 
2123 8318 -7901 -8396 7759 2779 
1598 4791 -5035 -7317 -4096 -447 
-5235 -4013 -1063 6758 4383 -3543 
-1612 -2814 -6093 552 -597 -3032 
1773 -6643 1914 -7164 4990 -8416 
-4233 8304 -2951 -9039 -5246 -718 
7937 -2906 1111 -5109 2601 -4140 
-3922 932 5919 4750 -8932 -5681 
-6526 4602 2682 3826 -9325 -4696 
3143 -4360 8883 -8505 -6770 -5164 
-6168 -9678 8845 -6398 7811 521 
-4051 -2261 -5119 -2810 4600 -2385 
-5105 -4211 4459 7837 -6542 -5597 
8680 -2427 -6427 -7292 3023 -7185 
-7259 2641 -5236 -2389 3563 39 
-6027 -4436 -1769 -3465 -8467 -6478 
-6733 -751 -3314 -4440 -8969 544 
2725 236 1613 -3106 3198 305 
3759 -4288 3841 1259 9717 -2733 
-163 -1694 4147 5865 1475 3916 
5375 -4267 9334 -6825 -4686 -203 
-5629 -8119 -9839 -9362 2346 -306 
2029 1824 -7993 -9688 -2359 1008 
-5010 -7092 -2533 -1238 -1678 -4500 
-2411 -2294 -375 8982 -2334 -5159 
7412 -2433 -1002 -1738 -488 2490 
-1821 5173 -9646 1710 358 -8244 
-4980 4392 -4982 553 4200 -6451 
4686 -5397 -9690 -3119 -1568 9129 
5283 3471 -2001 -203 3904 -2576 
-5186 455 -827 -1969 1465 6420 
-1977 -5441 -273 -1250 -8891 -278 
-9160 -4625 -6055 9501 -1353 -6552 
-4787 3170 7875 -5675 -8756 -7539 
-7992 -6587 -6886 6492 4106 -517 
5799 -9254 -1395 -3683 1985 -6014 
-5070 -3595 -2778 2636 -9471 408 
-9277 -9854 -6289 -6624 -6631 7701 
3065 2081 -9345 3311 -8082 -4072 
-5113 -8985 -9418 -759 1601 7867 
-5809 2883 -6555 -37 -6443 -4637 
-3699 -2206 -7803 9061 -2753 -3798 
960 -1715 213 -4638 -6571 7817 
-4680 -2729 -5607 -2018 7528 91 
6651 5341 -8350 2277 4215 792 
7457 115 -1113 -4778 -6173 -9382 
-7072 -1215 6738 9334 5660 -4601 
6013 8643 -8172 -5695 -5246 5263 
-7665 -7378 -6566 -3442 7490 -762 
5293 8848 -210 5898 -1983 4977 
-10000 2206 9855 -561 -520 -8101 
-3828 -6144 -6825 -3969 2073 -603 
63 -1689 -9725 -6596 -3484 5890 
-780 658 -7640 -867 9129 9504 
-8520 -7806 343 1364 -1358 -7193 
-7279 -5487 6538 -287 -636 9557 
-3157 -7046 -5918 -6345 -9439 -4125 
-6456 7994 -9196 -1908 -9893 2301 
-6695 -2989 8175 -2894 -6680 8857 
-8404 -7116 -8538 -3014 464 5874 
8399 -8547 -8363 6350 -4372 5034 
9016 -7668 9736 -4164 -9357 -7644 
-2684 -2953 3787 -2886 -7129 -322 
590 8912 283 -7332 7582 1083 
-7083 2411 1643 1842 -5966 2005 
1436 5359 -630 -8142 120 -3984 
576 -9089 3236 -2851 -3497 -2903 
-6685 -7633 8876 4836 -2106 -2035 
-867 -1821 -9883 -9284 -1261 -6648 
-6903 6576 1206 -9412 -4915 -6715 
-5466 -3332 -7865 6484 6989 -4079 
9603 -8128 -1044 -8885 8911 -2929 
-1090 1768 4572 -3838 476 -1681 
-2111 -7331 -5185 582 -1307 -1975 
-3002 -6657 -9929 -1509 -4937 1588 
1053 8019 -2967 4182 -5034 5129 
-961 -4287 -2406 -6587 4313 438 
-2912 1613 -7224 -4317 196 -8187 
-2206 -701 -2810 -1901 -9738 -8725 
8567 1214 -642 -6523 783 -3516 
318 -4519 1985 6916 -126 -3989 
-7340 6391 -4341 7946 -3383 7430 
-1073 7461 -4254 2268 -2660 5919 
-3483 -1475 6305 1668 -8323 339 
6472 -705 -4701 -9275 -6684 4551 
6140 -8877 -3151 -3017 866 3679 
-2632 -8123 1477 -8188 406 6739 
-9195 -6452 -651 -3743 2555 6983 
-8574 -6874 -4058 4502 1923 -3489 
-5843 1926 -1507 -1688 -6703 8134 
-1058 -3319 -4956 7730 -4806 -6254 
-474 -2387 -200 -9174 -1994 -2312 
3656 -9149 6537 -3009 -7435 -2541 
-653 5683 -8254 -6337 1424 -5388 
-5168 -231 1600 9079 4799 4940 
-789 -4921 6741 1012 559 8070 
-7293 5300 2038 -4680 -2748 7394 
-7638 -1538 -6327 3686 9034 -4184 
-1866 9955 -2349 -8024 7364 -9773 
-3542 8259 -3281 -9895 -6567 -4469 
3444 -5100 1303 -6734 8721 -8591 
-91 -9641 2928 -4189 -1443 7301 
-2519 4374 525 3324 -8925 -1185 
-8702 911 6047 888 -6845 -5777 
-7537 8458 -2147 3209 2473 7211 
485 5932 -9628 1322 -4389 -4467 
-1608 1065 14 7567 -6549 -5909 
-1923 -1413 811 -8883 8165 -9318 
-5635 8923 5176 1529 7801 3963 
-3224 -1070 -883 -1365 8496 -9940 
1255 4564 -9492 -320 -6119 1973 
-1277 2018 5238 -8574 4723 -9195 
-4709 -8111 -924 -186 -7530 -7535 
-9350 8159 -5601 9630 -2477 1457 
-3606 1138 -7474 -7115 -1021 2912 
6283 -520 -9041 -3333 -751 7090 
7386 -2437 535 -1546 -6991 -2269 
-5190 -8528 -6485 -7172 4406 -5555 
3023 -7417 -6957 -5707 7153 8434 
8510 2847 799 2632 -2054 1028 
1596 6382 -4809 499 -9014 -6485 
2786 -6778 2190 -4858 -2981 -9355 
-5808 -2058 -4785 -886 2143 -7593 
-8068 -2923 702 5594 -965 -4861 
-6277 -9762 4383 -6551 -2982 -7549 
-9097 -4189 1630 -6753 -7494 2213 
-3295 -2807 -2045 -7642 -3585 -8065 
-8070 2757 -9990 -3419 6102 5259 
3714 -3703 -7169 -8694 779 4944 
-5224 433 -6909 4588 -8067 -6153 
-8505 -4371 2795 605 -6670 -9351 
-3938 -684 -2247 6977 -7010 9692 
4371 -4661 -4901 -8211 -2340 -8045 
6264 3417 9722 344 -8410 -9839 
1728 -7663 3347 9126 -8940 -1566 
-1501 -8077 -2291 -9013 -9123 761 
1601 -7928 -2999 -6195 -259 -5770 
5818 5165 -5581 -8140 -8634 -5193 
1369 -9365 -3044 -9219 -1521 -6033 
-6758 -4332 -3708 -2265 -2478 -3380 
4085 -3865 -8041 -6075 -7659 72 
2104 -1920 -3536 -528 -5754 -8428 
9779 -6955 -1474 -4830 -1659 -1822 
4421 -5527 1338 -5322 -9170 -706 
-6581 7828 1665 -6247 5952 -2345 
1471 -6935 -6259 1159 -8192 -8300 
-8124 3754 -6879 9112 -5237 -4388 
-7204 5809 -9052 -3166 -9868 -1918 
1974 -4389 -1507 6286 -6263 -1768 
8530 -953 -4139 6159 -9787 -9592 
-6312 -3126 9058 -473 1190 -7323 
7018 -2841 -9532 -1607 -2494 1322 
9526 4498 3729 2541 -6632 -5498 
2116 -9576 7337 -2646 -8873 -8662 
1773 -7362 -3439 -5122 -524 -3864 
-3379 -8308 -1544 -4341 3841 -947 
-1753 -3794 -1833 -4953 9310 -5858 
-7006 -8610 7836 -3527 -6866 625 
-9641 3212 -5418 1769 3272 -7691 
7645 -9208 -8146 -5907 -8876 -6390 
-9709 -3191 -6366 2026 712 6366 
-6458 -8859 9079 -7035 853 -4291 
-1672 2176 -216 -2019 7427 -708 
412 4517 9512 -553 -4367 -163 
-3493 -4284 -556 -8593 4660 1517 
3650 5749 -2250 4633 75 -6867 
9646 -8691 -4424 -9965 -9795 -9482 
2280 2319 3419 1928 -3297 8974 
-1612 -1886 -8957 4271 1620 2418 
-8003 1566 -1110 -7007 -8764 -7225 
9607 -5145 -8572 -1755 -1882 -6529 
2545 633 -4045 -7873 -8481 -6336 
-3963 -632 -870 -9114 -2482 6622 
-2195 -4073 8695 2739 -8951 -9993 
4516 5126 -7135 -6891 -5380 -5805 
-4488 7321 -7922 609 -257 -7197 
13 -5406 6491 -5320 -8162 -1284 
-7356 3639 -6668 1890 -7534 -9749 
3996 -2263 1306 -379 5908 -6860 
-233 4681 -8004 -5639 -1177 -4634 
5787 -448 -1929 -6934 4498 -4761 
-257 2041 -4526 -1619 -7631 -1740 
-7304 -3538 7150 9086 -6027 -2131 
-8872 -5148 -6743 -9455 2351 -4421 
-4526 8402 -8458 -3160 6602 -2062 
152 156 -5939 1169 -9208 8103 
-1