-964 6957 4635 -1084 697 1974 
-1285 -5380 7324 -6965 -374 -942 
3287 -3967 -1592 -7056 -6370 4691 
-2238 -7461 -9655 -2044 -1577 -4560 
156 9247 -4684 -6322 -8349 646 
6081 -4785 -1474 684 9281 -6595 
-7066 702 -4234 6373 -2360 5056 
2404 -7325 4590 -932 9943 1384 
-4185 -643 9127 -7269 9607 3228 
-1477 3192 -5305 -5933 1579 3938 
-6765 3289 6379 -7532 -7647 -8724 
7110 -5123 805 -6574 902 -6554 
9222 -2881 -8164 -6796 8361 -5969 
3871 7668 -7211 8094 2541 -4301 
-9639 -3753 9338 -8595 -2743 -2777 
-7129 -6520 7881 -4298 -5677 -4094 
3660 -9739 -9968 1321 2364 -7523 
-9578 5770 -6755 -7184 -1890 -7253 
-7986 -3136 2695 -9219 -9745 -5253 
-5345 3084 1415 8154 -8836 -5383 
-9272 -1760 -8432 7210 7375 -7578 
-5504 -1728 711 1040 -9495 -1975 
-6667 2276 8623 -3050 4311 380 
4721 3474 4 698 7547 4457 
-8196 571 6499 9358 -3524 5584 
-6005 -8957 3119 8521 7823 -2674 
-2230 1777 -4358 -4011 -3112 -2814 
-5703 8647 -5227 9970 -8810 9815 
3834 -7318 1243 -9618 -5545 -9245 
-5217 -6655 613 -6840 1343 1825 
-5411 1726 -8019 882 7554 2408 
5096 1630 1093 -5183 -3799 7467 
5163 -8620 7719 -3095 -7353 -3509 
-3724 9169 -8881 7236 -2203 -8693 
-2708 515 -2309 -8690 4978 -4181 
-4225 -6610 -1999 -7505 -5495 783 
9515 -1116 165 -9247 870 1917 
6007 -5207 1923 -752 -9604 -646 
-45 -8963 -6575 -3732 3358 -8273 
-7720 -4786 -6355 -8286 8187 -266 
-1685 -9046 -7542 2554 -7836 -1336 
-3191 -8924 -399 -3958 -2417 928 
9368 -5525 -9880 -5194 -2386 -4483 
8030 -9089 -8803 2123 -5355 8819 
-2674 5719 1435 -7168 -4320 7115 
-6589 -7388 -8074 -3315 -5402 2353 
-4901 5429 -3402 -7626 6302 443 
7983 1217 351 -619 5001 795 
-1137 -9376 1334 -672 4083 989 
-9430 6507 -5080 -1057 -2984 6027 
-1234 3266 -2564 9756 -3298 -8067 
5950 -3048 -4737 -9926 -5964 -3795 
-2311 -539 -4695 -6484 -3674 -2685 
-3202 -3038 -880 1350 4334 6888 
-9416 -98 -7403 5469 -4076 243 
2388 9491 -225 -2256 8495 -3640 
1418 -3134 -3657 -9414 -4618 -9088 
-4849 -2220 -7512 1708 -8728 -212 
1298 9981 1359 559 9721 1876 
9900 -228 4182 4918 5217 -8944 
-7525 -5832 -4073 -2013 -2919 3615 
-8254 -398 7203 -2013 -9381 -1381 
1389 8977 -6036 -7409 -3753 -3396 
-6317 -6875 2477 106 -6841 1453 
-5647 9330 5911 4229 1557 -4119 
914 5071 1828 -8391 -3443 4642 
-7736 -6732 2047 1406 -6929 -8025 
-2000 5415 -986 -8141 -4107 -5718 
-2069 -5192 883 1155 1345 -8557 
1900 2562 1826 -56 6329 -661 
-6340 -4637 -9197 -8706 -876 -6371 
-5191 2647 -528 1818 -1587 1847 
3158 7386 4417 -7999 -8338 943 
-3952 -1525 6092 555 -8241 2636 
-6350 1534 -5786 -7816 -1165 -5407 
5658 4247 -7052 -1974 1228 -2806 
6329 -8534 -9305 5260 -2244 -9065 
9558 -4252 1185 2945 180 -6057 
-4694 -6901 937 2777 -5597 8254 
-8721 -3610 5579 -2121 8126 6136 
4427 9857 -8289 9232 -4923 -4281 
-2843 4982 8822 2699 1372 -3128 
-6796 3315 1119 -5618 1528 2020 
3377 -2067 -3646 6226 -7709 8478 
1656 2486 -7811 1310 -9647 -7166 
4123 -3323 -9997 -4111 -7148 -8132 
9976 5154 -8445 556 -8428 613 
705 1939 6174 -2857 -4334 -8997 
5379 -7380 -7360 -2036 -4513 -7989 
-3991 6080 -1004 -5826 6078 7415 
-2833 -5752 -380 -244 -2381 -1446 
-9248 -4665 -3693 -7006 3251 6261 
4670 4835 -5824 -2252 7458 -2837 
-7307 -4684 -2646 -7073 -7319 -6372 
-3414 -4069 -5086 -4695 988 2716 
-454 -7973 3949 5459 3428 -1167 
8914 -4413 393 -4362 -5762 5231 
6297 -808 -3912 -9302 7807 1655 
2121 -3626 1394 705 -5580 232 
8757 -9884 3337 -6576 -4010 -2146 
3484 -6153 -7492 -1934 2896 9129 
-415 -4480 -9351 -3402 4538 1620 
-7326 -9422 -1091 -7109 -6611 -7355 
933 2143 -3270 1568 9585 2539 
-6870 1998 -6101 -80 2628 4781 
-4081 -6420 -1480 -9286 -9046 1285 
2178 3410 -3710 6175 -5295 6905 
4793 485 -3513 -2925 3467 4587 
2020 2523 668 -5002 1056 2259 
-6920 -1831 692 -9672 -7245 6659 
-2682 251 -6159 -4619 -2277 -6132 
1420 -9733 -8533 247 -6862 -3627 
-9152 -1836 -9460 -6029 -7946 8249 
-2426 6252 -7451 2354 203 -5629 
-8097 53 -911 1393 3899 -5265 
-7787 1255 -9933 -3357 -5239 1542 
-2165 -5965 -1780 -803 -3596 -7393 
-2281 -4629 1199 4976 -8288 -5049 
-7212 8653 -2535 -6458 663 501 
-6725 1713 -5183 -7955 -8253 -3072 
197 2139 -1990 -7004 -491 -8213 
-8325 -7674 721 8283 7278 -4911 
9666 1715 -3751 -5590 230 -6189 
-2919 -3640 9773 -3371 1836 -3134 
-5598 -6199 6932 4070 -1458 3591 
4888 2537 -614 -8671 3659 -1533 
-5291 -992 1743 -4486 -6636 -3384 
-3234 -2208 -5632 9820 -2593 1177 
300 -4215 -9567 3967 1126 -1220 
-6459 4778 -5840 -7335 1531 6858 
6095 6600 9268 8599 -9149 -1490 
1515 5387 -9928 -9053 753 -8498 
-4899 -3550 -6303 -14 -6573 -7041 
1268 5344 -1110 4951 -5602 1905 
-6297 2730 5136 -6653 3752 -4022 
-7555 2788 1994 1239 -189 5777 
-5367 4519 6184 8771 -2328 2978 
5252 -6265 -9610 -8458 5633 -50 
198 965 -2401 263 -6936 -5532 
-6149 8842 -4136 2659 6096 -4906 
-6192 -3801 -578 -9826 -506 -4066 
-6103 8415 -4110 373 3879 9237 
-8913 -2974 -9581 6574 -5661 -5881 
676 3263 2305 -6376 -1370 1270 
-9458 -5093 -1955 -5424 -829 2707 
-9936 -1013 84 8727 4455 -7073 
-4944 -7097 306 72 -7866 1726 
8591 232 -9071 -3957 1125 -9173 
1645 -4483 7477 -599 -3895 -9953 
7987 149 -8605 -5758 -8755 1738 
9456 -896 -6857 3211 8985 -6399 
-4384 -4978 -2294 916 -2492 758 
-6769 3341 -5142 803 1017 -1531 
6404 -5179 6591 -1052 -6471 -392 
-535 3136 6220 -2100 817 5091 
-1739 -6976 -5949 3571 -4404 -4837 
-6264 1036 1522 6037 1377 5940 
905 -303 6932 -4312 -3938 -9936 
-6099 -3461 -2251 -7736 -355 3328 
1339 -974 6216 8517 3580 4739 
-3650 -2525 2746 3965 -3735 8851 
1850 -1306 -9016 -5181 -8667 -4389 
-7431 -1207 -4410 862 6108 1112 
7831 5494 -3595 9041 -9183 9911 
5330 6683 -7744 94 4462 -4394 
7240 7330 -6572 -1173 -3867 8455 
903 8713 6024 6868 -8573 -19 
5823 -8248 8221 255 -9180 -6391 
-4015 6596 -2600 -8132 -8677 -2512 
-9040 -100 -8413 4445 2642 -9147 
-1726 377 1305 1553 -166 -4315 
-9601 452 1510 -2052 -8067 -5269 
1951 7889 -4758 -4701 -460 -9572 
5547 343 -328 -3468 7021 -435 
-4284 -2815 -5077 1888 -6820 9453 
7704 -592 -6771 8762 -5960 -7496 
1238 -2473 3600 -6015 367 5141 
320 1012 -3740 7319 1453 -5610 
-764 -2327 -9884 1617 -7365 -47 
-2214 -2675 -2915 4460 1913 -791 
8290 -813 -9574 -7770 -3595 -1220 
-3828 -5505 -4334 5706 -5665 6978 
-5976 -5636 -3910 -6344 -6820 4456 
-5904 -4471 -9543 -1395 -9898 -32 
2692 -9468 5804 8424 -4504 9433 
-4701 -2816 1917 -4232 7105 8622 
-1914 -8821 2590 -1713 -6506 -8252 
-5484 -881 -4999 -3752 1076 2590 
9423 -9876 3357 -9182 1687 3633 
-4760 7146 8311 -2350 6023 7267 
8690 -2289 8145 -7953 4184 -1275 
7348 -4814 2822 -6738 -7658 3854 
2988 -944 -3401 1234 -2678 9682 
-5961 1421 -5950 5322 -1736 -7573 
-6455 -8580 6662 -8649 7550 -8507 
1173 8328 1439 1462 -9560 314 
-4137 -2242 1307 2424 -3332 588 
-7527 389 -2472 -4331 6353 4210 
-1786 1809 8968 -7024 -5985 -9846 
-9907 -1879 -778 7191 724 -9998 
-3648 -2043 59 -1091 7258 1110 
-3659 -3348 -9917 8912 -7553 2602 
-5584 -3026 3124 765 -4381 -7430 
-9912 -8233 -5294 6334 5712 -5172 
8622 -5099 -5502 -7033 -4891 -1111 
-2053 9730 -9752 344 6502 -8085 
-4375 -7430 2460 -9525 -441 -8832 
-2457 -881 -5939 5564 -7574 5373 
-4650 -7385 7431 5993 -202 -7552 
-649 -4534 9527 -5517 2142 -6835 
-896 -6214 -4220 -6388 954 8298 
-4070 -6917 -9707 -3387 -3194 -5119 
423 918 -6086 -4560 -6600 -7781 
-90 5517 -7301 -9467 -8686 -3729 
9693 -4096 -3642 5362 6274 1227 
-8533 -5023 -9395 1877 1365 -518 
8705 7167 -1216 979 3750 -1565 
9851 -7818 2863 -6341 -574 -6605 
-6567 -3400 2033 -5517 -5707 -8772 
-4779 -2413 394 708 -7099 -8565 
-6474 -665 -7471 7502 -2251 -7523 
473 -9450 2690 -5824 -1182 7005 
4452 8091 3460 -560 -6750 7830 
5256 -5120 -3335 -616 -2288 2011 
816 9779 -6825 -2243 -1654 6360 
7610 9824 -1700 -4051 -9608 5432 
-2593 -2370 -363 -4157 6153 -8809 
-1371 -4608 -4874 -1646 1960 4632 
-7987 976 8657 1857 -5664 2275 
-9973 -5716 -9164 7603 -1953 2963 
9794 -8319 -2258 5878 -7268 -9916 
1733 -3703 2421 8703 -1516 -2994 
5755 -2517 -9709 8739 -5531 3030 
-6160 -2283 -4236 -6417 -5338 1886 
-810 -4765 6222 5004 6343 9059 
-2284 6686 -8582 -3482 -9750 -5835 
-5921 -7369 -59 7691 -7331 -218 
-2598 -9570 7745 2497 3027 -3057 
2682 2474 -2718 -7662 2403 5247 
1615 893 -7294 7549 -4005 6020 
-9390 -9620 6144 8006 -5828 -9325 
1783 -7064 -2517 -9813 -4453 5571 
-3233 -8482 2642 7257 3490 2021 
-4467 -4499 1467 -7465 -5367 2420 
6015 -1500 8407 -7896 -7666 -1540 
448 -8836 3100 -9259 -2166 -1164 
-2258 1579 5913 7957 -2328 -4309 
-5901 -4038 -6234 5581 -9851 -3225 
2246 -5218 -1879 -7259 1264 -4379 
-2070 -5500 271 -5016 1 7109 
-4672 6533 -4095 -3748 -9907 -4345 
7836 -3314 -9447 1082 379 3139 
7264 -7746 -5550 -9513 -4713 -869 
-8904 -9741 89 4148 3345 -4643 
-4284 -3138 -3858 -4598 -8801 6515 
1912 4798 -3391 5827 -2680 780 
-4241 810 -2725 -8099 2534 359 
-7387 -2853 -8776 394 8770 -6396 
-3847 -4111 -4715 962 9277 -9107 
-4630 -2658 -8966 7945 2398 -4369 
-4524 2315 195 2425 -1863 4187 
2108 -6540 -3382 -7932 591 -5111 
-7653 4377 -260 -2139 -356 -7494 
-2998 2601 7161 598 2210 -6946 
-3874 7668 -1092 -1712 -8898 1581 
-479 -5095 9368 -9285 -5782 -9921 
-2160 -9513 -8155 4989 -156 -5600 
-5532 1660 161 -6408 -2484 4074 
497 -8844 -2061 7596 6138 724 
8297 -9012 -9630 -2706 -6318 -9381 
-5928 -8495 7265 2162 7024 2986 
-3339 -2087 685 1856 -2195 9741 
-7804 -9819 -7268 -6182 2111 9486 
-3076 2097 -5890 -9215 -1853 -8458 
6886 -4176 6898 4601 8563 -5530 
-1741 -7641 -7635 -288 -4926 -9982 
-5049 -4962 749 -5554 9306 1978 
952 -8691 -7210 4730 -1307 5806 
-4161 7328 -6894 1922 -6833 8777 
-2492 -4241 -8060 949 1058 -8761 
-2090 -8701 4518 -5637 8841 9217 
3792 -8627 -2461 -5342 -6983 1029 
6141 -2735 881 8038 4159 9703 
1732 -7874 487 -9352 -1863 2756 
8234 8850 9214 1630 -1890 -7832 
5222 -8061 5207 -9941 -7887 -5213 
-6609 -3173 -3280 -8255 -8468 -196 
545 -6455 9599 685 -351 -3586 
-4345 6933 -2687 -7116 -8832 9534 
-6218 -6976 -5003 -2330 -5768 -2161 
-1831 -6188 9059 -3053 7899 4904 
-5984 -4318 -8116 375 -5909 9698 
6029 309 -9041 -2690 6824 -1006 
1772 447 1753 -4342 1443 1016 
-2735 -3207 -1262 -2401 1499 -6228 
-7622 9733 866 9535 -6369 -1505 
3019 -5375 -3494 6403 -8315 5948 
7531 1944 778 8948 3496 -6128 
6464 1676 -2371 7824 7577 6994 
5142 -4944 4132 -974 -9673 -9432 
899 -6897 -8756 4427 -5254 -7055 
-3065 -7505 5486 -4577 6406 9132 
8900 658 -8874 -5586 2351 -2399 
-363 -5789 5902 -7998 -7172 -4553 
-2159 2226 -8962 6373 -1378 9393 
-599 -4764 -8524 1779 -8265 166 
-1201 9747 -576 -3158 2573 906 
-3381 -8346 1134 5411 8660 553 
736 -4443 -5826 -1693 -8741 -7430 
-2863 -3327 2377 7282 2308 6399 
3563 3773 -2861 -3112 -3367 5025 
8066 2498 -6488 -4403 -7055 5882 
-561 -3445 -4939 -5415 1965 9364 
2541 -8046 5512 9513 7982 -9963 
2927 3167 -9982 -398 -3863 -7270 
9904 -7834 8816 4606 2717 -1040 
-2347 -1759 2229 2566 6410 -1755 
-8189 -9594 830 -9209 1255 -8626 
6475 2704 -9592 -5039 -8628 -9198 
2472 -6654 4498 -4330 7864 -3982 
-807 -6220 -1909 -927 7446 2590 
6703 5169 2644 8702 -4937 9879 
-4545 -4602 1727 -4042 9378 3911 
9740 1068 -8756 9405 1297 -7635 
-1866 938 -7626 5010 -6165 4683 
-1540 -5845 9505 8582 -2788 4284 
-5979 2209 2128 -9852 -2402 -6148 
2420 1247 112 -8681 -1907 -8239 
-7168 851 8363 -9988 -5639 1698 
6700 -9358 -2032 537 194 -5363 
4772 -8638 4821 4229 -8152 1624 
-1846 1625 -2621 -9324 6183 -2254 
-840 8549 -1008 6312 -5885 -3170 
-6763 3490 -3166 -8811 -1715 1219 
4349 75 2274 -3454 -6305 390 
7281 4668 5412 -2107 1356 5670 
-5576 339 -416 6693 -3205 60 
-7010 -6207 -9203 6752 20 -6921 
-65 -57 1949 -8435 1073 -5324 
-6023 -6068 9532 4349 7836 2217 
490 -4071 2764 -4091 -174 -5286 
-7832 -5642 5015 -3203 6245 -1019 
-1420 -7615 -6404 571 6627 -7402 
-4246 2389 -9519 -6475 -2354 93 
1427 8471 -9545 -8705 1441 -2944 
-1568 -5457 349 -4 -3684 -3535 
-6410 525 -8944 2624 -3476 -5054 
-3809 -7486 5015 -9299 -4021 -3194 
354 398 823 -4855 3996 404 
-3791 2394 -6641 8838 -3953 2050 
5874 7293 7738 9627 -8547 -9933 
3689 42 -6215 -6655 -9553 -2455 
-5788 8903 791 -314 -7351 -2619 
-9425 3212 -9196 -1966 -7900 5086 
-3607 2731 -9556 1002 4690 2218 
-374 2237 4600 -357 -8115 21 
-8429 8268 -6055 -1293 -9308 -6078 
-9237 -2886 6754 -2572 -6345 -1515 
1237 -2477 6452 -3054 -5312 -5370 
5306 4313 5091 -1856 -2679 -5097 
-6114 -7542 3375 730 891 5251 
-3293 260 3590 -5879 -8841 -935 
1629 -3209 3820 1309 -3119 -3310 
5540 1435 -2431 -9985 -4865 -8380 
-6162 -7114 -8832 4996 1775 -1922 
-9263 -2168 -993 -4721 -9977 -7999 
-478 -9252 -6106 -4207 2752 -2667 
-8984 6083 7118 -9720 -1639 -7915 
-9258 7496 -3320 4956 -1129 7536 
-2151 2825 2437 -1559 -7970 -7867 
-5899 -5015 -183 -5564 3229 3809 
1144 1656 8471 2094 -4100 6822 
2183 -6056 -3020 -9674 -5284 -9029 
61 2320 1309 -4706 -1079 -7230 
2173 -1746 -5556 -4634 -211 8807 
-7524 9093 -8769 -3185 -7687 -8651 
381 1350 7789 -8471 2752 2436 
-6195 2759 131 2938 294 2429 
-4814 -3526 -8481 -367 -7798 -9825 
6354 1431 7707 -8637 -3 -2266 
-2448 -8330 -4061 -6227 -8941 -9165 
-7091 4418 -1653 -2454 5387 5658 
-6649 -222 1152 3936 -5570 705 
-1722 -6912 792 5421 -9436 8099 
-7833 -2066 4680 5856 -2790 -4619 
983 399 5270 6594 -6372 7971 
-7015 -7427 1513 -6830 1195 -9488 
-2853 -2923 -7246 -2383 -9888 -1802 
-6434 2744 -5672 -3099 -1934 -2534 
888 8237 -3235 5175 7381 1029 
1154 1548 -898 -9717 -2396 -9458 
-4405 8017 -388 -6952 -3338 -8113 
-185 -8059 -5945 2720 2185 -5061 
850 -2926 -1619 -5275 -377 2997 
3981 525 -4126 2549 -2255 6976 
1247 2001 -1252 -5104 1919 -3710 
-5661 -9339 -326 8605 -6657 9836 
-643 -8705 2983 1997 -1292 1285 
-8395 2822 -7839 1308 2066 -271 
-1351 6104 -4691 1834 4136 -2777 
910 -2478 850 -5047 -3763 8716 
4989 -8998 -5154 432 -8525 -2736 
7024 1533 -5244 5805 -8173 1651 
8715 8139 -289 -4935 5299 859 
8468 -7292 3673 -6218 -738 -1413 
-7086 426 2715 1172 -7631 6135 
-2463 -9916 -4733 8989 -3621 9045 
-4548 1588 529 2232 -2282 4574 
-1870 -6885 -5004 -6823 -531 6496 
-1553 9370 1019 -1212 -1428 -8042 
-9915 -5464 -853 2307 -8032 -5841 
4232 1857 -868 -126 -3368 1265 
-5920 4796 9373 301 -3058 5345 
23 -6790 7726 -7822 1785 -8104 
-184 -1506 1184 -4770 -4495 -5028 
9469 1092 -9239 -9 -3303 -8835 
-4636 2891 3708 6800 -4824 -5556 
2661 830 -4553 6158 6014 -6105 
-6386 -223 4852 -6229 2637 -9667 
-6145 -7374 -8809 -4832 -1685 -3952 
-8867 -4333 1330 -7229 7478 2452 
-3642 2816 -815 5646 -1386 5709 
6862 -8819 -8911 -8401 7561 -3759 
-3001 -473 -3367 2691 -9391 -2471 
-1063 -9053 2064 2060 5 -7286 
-1191 344 6694 5456 -334 -8579 
-6544 -5726 -8618 9522 365 -1885 
4544 8926 4116 1260 2116 -7766 
923 -9967 1729 8886 822 -9430 
-7369 -2262 8888 9264 -7724 -5810 
-299 -2714 3028 -1376 -6668 8027 
-9465 8763 -2110 -2226 -6348 -4 
-4575 -6608 -4065 -372 5603 -3120 
-5432 -9385 -7143 -1774 -7085 -741 
9743 2626 4879 -8665 -1198 -9304 
-5263 -4157 -5836 1596 -672 -3861 
81 -2756 6072 -5116 -1292 -5412 
-2489 -601 -1227 1981 7773 1056 
-1277 -8735 -4734 -8932 -8665 -2146 
-3418 768 1225 4625 -3456 -2759 
-1584 -9164 -3599 4977 -5689 6612 
1930 -3706 8325 -1155 -6578 5471 
875 -5387 1465 408 -2832 724 
2817 7585 -7621 -6871 2426 1606 
-3312 -3875 -7935 -3635 -3697 -9409 
-6254 -9179 -8485 -8386 1370 -5921 
7032 -140 -6955 -2762 -2667 1508 
-8657 3510 7026 3236 6479 1084 
-4742 -5061 2674 886 -3020 -9491 
5660 -2248 1595 -2347 -756 135 
-9720 -4427 -6003 3895 -9160 -2100 
-9544 6774 716 -8410 -6484 -6427 
-8501 -6983 838 -9649 -401 5165 
4914 -234 -2723 1817 -8805 -4535 
-6633 -297 2572 -6819 9392 6162 
-1457 -4837 7197 -4357 -2726 -9739 
-9582 6439 -5618 -6019 -7506 -1389 
-6120 9115 -5201 -8667 -5480 7413 
-2997 601 -1173 -1520 5345 -2343 
9378 -8575 -5046 -273 2163 1852 
-9770 1079 -3534 -6037 -173 7898 
7714 -7065 -5071 4150 583 -7777 
996 -1247 7134 -3107 9098 -944 
15 1709 -851 3538 -32 2931 
-533 1698 -5073 7238 -1643 -5540 
-9639 -4131 -2314 8177 -5473 -1948 
2452 -9545 -855 -8621 6939 2593 
-4662 -9150 823 -1896 4903 -6377 
1378 3425 -1741 -6912 9151 -3779 
-1284 6342 6470 -9414 9931 -4097 
-3839 -2265 -4442 2088 -7849 -3836 
-1381 -7156 -1913 -4773 2330 1509 
-4168 -7566 -1760 -2418 846 -3456 
1275 3534 3743 9088 9034 6998 
-2840 -5307 -6555 -7151 -3400 77 
-1283 -3977 -4777 -2824 -7996 -8955 
4675 -1606 -8656 3818 5719 2382 
-7812 8452 -5584 -7185 -3343 7434 
-6861 9443 7267 1770 651 5335 
-5634 -3817 2063 -3985 -6077 1340 
6923 8863 -2772 -2669 -3331 6966 
-5287 8028 5888 -7142 -7547 -3480 
-8632 7579 6104 -683 2317 1984 
-3197 1023 -3188 -1273 -1946 -74 
-5557 -1141 7894 4523 -1283 -7259 
-387 -5619 5157 -5254 3651 -8676 
-707 4010 -2675 9237 4311 2189 
-3295 -5139 4261 -1435 -7148 -2333 
-2954 -2705 -7330 -969 -5820 7348 
-8724 -2889 7051 -6234 -1734 3194 
-3751 3984 1373 -9007 -8627 -1531 
7784 635 -5541 -8230 3176 -7144 
-6417 -6341 6640 -4417 7892 -6951 
-9094 -3724 1236 -2656 -1203 -6730 
-5409 -6253 -4034 -3883 -8945 -6735 
7443 1740 6990 9878 -7477 -2292 
-2000 -7352 -5565 726 -8795 1968 
-7471 -947 -302 -9749 -3595 2731 
1726 827 -4333 -8398 -4597 1536 
3032 -4378 -9401 -4310 -9149 3419 
-1373 -3727 3464 -2999 -9697 -1186 
3311 -8026 8113 -5460 7261 -106 
-8867 -5418 2579 -8324 -6233 8518 
-4837 -8523 -502 -5580 -7773 -5148 
6889 -2253 -701 5265 9028 901 
-8412 -6994 -7414 816 -5087 4186 
1528 210 912 457 -8389 -1190 
4924 -6268 -6480 1679 -5323 -8978 
-7978 7956 -1846 9830 -1854 7375 
2613 915 -6319 195 2072 -7492 
-98 9193 -3705 9784 2577 2326 
-1848 -8666 -8031 4508 9430 -963 
1812 -9706 -7830 -5498 -8092 -249 
-1828 4906 1349 -7301 1160 -6907 
8877 -209 7473 -571 -1107 -6728 
833 496 284 3102 8951 640 
1661 -6359 1152 -7917 -7264 -4065 
-2871 -7192 -1148 -7059 -178 3462 
-5889 -9852 -4492 -713 9920 -8475 
513 -5060 -8365 -5504 -4546 -1820 
-2013 -1223 9444 -7564 3207 -8276 
1528 1677 -3049 -523 1368 -5394 
-1859 -250 -5263 -3917 -6476 867 
944 5771 -8852 2477 4356 -5121 
2092 -9382 -8617 1874 634 6408 
-636 5238 -1217 -9617 4008 4371 
-9561 -355 4631 5449 -8249 7486 
626 -9029 -1535 3930 -2857 -378 
-3796 67 7450 -6116 8306 -3698 
-686 1607 -5423 803 -8808 464 
7758 400 -3829 -412 6983 -8062 
-521 -9294 -1980 -1993 4088 -6279 
8949 4430 -4231 -6687 -1738 8544 
-3838 -9365 -4843 -525 4561 -1373 
-5928 8812 -8089 315 3673 -9691 
1735 8413 -2541 670 -7460 -3337 
-6590 -838 5817 -6853 -2043 6210 
-2876 4714 -8984 7244 9717 1069 
-3649 -3614 -6695 3846 -9002 -102 
-1954 -9114 -3258 -5617 -2164 6594 
-3670 4777 1520 -2048 4628 -5859 
-7938 -586 -5991 -2051 -8171 4532 
-1772 -8089 -9341 -1376 -3384 -2496 
-6837 -2430 1992 -3192 1480 -7871 
-5002 -5981 1451 -5617 2279 -513 
2472 5249 -8146 1720 6201 -7551 
-8810 -5708 -4743 1704 -2924 -1164 
-366 -7769 6616 2093 1309 -7900 
5696 1428 -9880 683 -1288 7417 
8819 -9659 -1988 -2539 -68 -1563 
-3552 549 -4635 -2462 -5334 3291 
-6326 2571 2278 8394 -426 -618 
-3973 -8534 -6406 -5254 1336 926 
-8451 -8994 -5612 2638 3440 -6128 
-1225 -5922 -5150 2553 -9515 -2281 
893 -7567 985 554 1287 1166 
-5688 -5417 683 -8188 -2713 6440 
-612 -8023 2164 -6045 9686 -9354 
-5123 -2560 -2618 -9579 5648 9400 
-1779 -8266 8717 1981 -3967 2053 
-8189 -303 -2188 -3111 6364 -3724 
3642 3053 -78 -7434 -8252 7572 
4354 4981 -1230 -6233 -6390 -9239 
-8341 -1436 1230 -3846 675 9108 
-6921 150 -1595 -9368 -1728 -6494 
-8716 -1423 2674 -7060 -9750 -379 
-8209 -7254 -4477 -7899 4044 -8386 
-8065 -990 352 1593 -6814 2715 
-8092 -3484 2113 8267 4821 -2920 
-7013 575 9878 -7564 8483 -1939 
-1317 8657 3684 -8923 1642 4401 
-1692 8512 -9253 -9513 -276 -6337 
-1185 -2021 -2080 888 -1878 9342 
565 -1238 -1813 -9510 -6877 -3183 
2647 -7683 -4426 2017 7122 -6023 
-6517 1581 2693 4628 473 487 
-2063 -1564 -2898 2575 -7321 2113 
3196 2307 8726 -4686 -4141 -900 
-9690 617 -4239 -1699 -8539 -3403 
1142 -5885 9377 3926 -6147 -158 
1011 2667 -8247 1586 -986 -2062 
-8645 5892 368 -1486 591 892 
8541 -9807 2586 3514 8918 -9782 
-9249 1305 -3 -9468 -9444 6940 
-4135 -3843 -2363 1189 -523 -6714 
2935 -4793 7332 9973 -5053 -3168 
3398 596 -2572 6656 2862 3807 
-3955 -4627 5251 -3378 5938 3050 
-5881 -4370 -6326 -940 -8233 760 
898 6735 2356 -4869 149 -6400 
-2144 -2726 2093 7421 -7479 -4164 
-4735 6145 -5205 -1598 -4983 -6939 
4468 -7404 -8719 3531 4003 -1215 
-3480 -2403 9715 -5340 -9283 -8778 
-8292 -6007 -342 1725 -1928 2419 
-5999 -1957 9222 -6217 293 -9465 
8141 -693 -1780 1181 897 -1821 
-924 -9864 9354 571 1893 2943 
-5278 7857 1765 5817 7904 -4938 
-5951 -4986 179 8420 -5063 -368 
4210 497 -3875 -4256 8722 36 
3433 590 -7434 -3160 9868 -6339 
-3572 -4991 -5747 -6172 -5960 8059 
2318 -3217 3308 3271 -6734 -9945 
-8458 -5238 -3619 2191 -4795 8782 
700 -9840 5382 -5220 -7067 -938 
5770 -9556 -5664 -994 364 2300 
2342 -792 6552 -9471 425 2065 
5702 5563 -5226 -6172 2692 -1749 
5078 175 -4161 3560 3738 8406 
-5382 8079 -1098 -7773 5791 859 
2446 421 -1481 -8491 -13 251 
7385 1423 2791 7974 3465 -5364 
-9436 -5243 -1669 -4541 7556 -9849 
-3753 7044 2649 -8582 1121 -4104 
2687 -3389 -7782 336 -2636 1202 
-5245 -6570 -2300 5078 6625 5225 
2600 9709 5668 2888 9971 -4291 
-4662 -7284 5637 2730 -3424 -9701 
-3265 191 -5622 -7846 -6109 -690 
71 -3612 -6892 2593 -9458 -6633 
-8103 8903 -517 -8169 3338 -3345 
5711 7374 -9750 1981 6836 -5520 
-2350 -8999 -8159 -3288 -9231 -8441 
-2563 1741 -8302 -8780 3463 -2889 
-1890 -9707 -3979 -5712 960 502 
-838 -9521 2479 1893 -466 -8894 
-982 -6694 -7093 1996 -994 8117 
7635 -5842 -7090 8033 -8617 -7643 
-4747 -3966 3034 4383 -4861 -3891 
-8620 -8000 9839 -7209 -8107 -9272 
-5554 4553 -7444 1534 7713 -2343 
-5945 -124 4942 -2915 -390 6923 
3567 -6087 9927 4522 -3856 -6182 
-6125 8112 -9163 1863 606 4697 
-4166 2261 7514 9632 2240 -2791 
8495 -2988 -6620 1795 -9465 -8115 
-5806 -4343 -1621 2466 155 -2655 
-5112 8244 -6143 -3916 695 -7188 
-6180 -4560 2431 -1010 -6566 -3268 
-3021 6564 4800 977 4448 9373 
-9064 -7898 6219 1850 5355 4877 
-3884 -6556 -7315 -2659 -5343 -4925 
-8517 3503 -6855 -6929 -1567 -1140 
-721 -9089 -5345 -8889 -31 1031 
-4115 3081 -4833 -1496 4668 -9142 
1807 -1153 1246 -6459 -3889 5826 
-8726 -724 -4482 -6389 -9128 7837 
-2603 -1454 -8172 -3890 -6311 -4926 
1075 -8148 -9867 -6361 -8260 -6422 
-158 -1468 723 -5739 -532 -789 
5846 8872 2415 -529 4349 1279 
8808 6932 -1880 -9460 7529 -888 
606 1488 4524 -8874 9105 -4218 
8397 -2119 -3040 -2278 1136 -5074 
414 -6048 9675 9581 1881 -7158 
-9633 -6279 -7946 -718 -9399 917 
-7814 -2950 -7175 568 -4881 2580 
1375 -6138 -9338 9089 783 8471 
-9929 -4034 -420 -2792 -9040 -2723 
8682 -1126 2092 -3823 -1407 520 
-4253 -9392 -4830 -4458 7557 -8045 
-2269 -6120 -4673 -961 -5429 -5992 
-9656 -7863 -4983 -598 -2187 -3820 
1573 -9126 2032 -4289 -8943 4265 
-2357 -6690 -1881 8695 -1264 -2970 
-1073 -1281 -4357 -5908 -930 -2709 
2697 2353 5605 2849 -5964 -5355 
-5495 4699 -2056 -3979 6221 1695 
-841 -779 9112 3276 68 1363 
915 -8717 -9798 -2171 1620 -9462 
-8850 6118 -9956 -7429 -951 -4790 
-390 3458 2830 -1229 -2471 566 
5504 -5048 2038 -5272 7080 -3359 
-9580 -8438 -7438 2184 9039 785 
-9128 -9601 -9558 -8481 -2939 -709 
-3528 7963 2386 -1352 46 -2974 
5908 -1074 4990 -5760 4919 2339 
-8924 8035 -3382 -1445 -4896 3591 
224 9237 2854 2549 45 -5575 
6577 -2381 3385 -6869 -4801 -747 
3571 -4634 -9384 -9134 -5662 2662 
7473 2523 7555 -4413 -9775 -3824 
943 7015 7026 -7188 5662 -5032 
-6647 2657 5929 -5354 1961 9225 
2260 -1651 -7929 -1829 5387 -5598 
-7754 2556 -757 -7057 -8418 -2377 
2213 -971 -9334 -5006 5025 -9711 
-6246 -8489 8958 -407 424 3483 
-6625 -4312 -2275 -6531 522 -6225 
-5079 -7285 618 -5491 -6248 -2995 
-7560 -4280 1851 -2244 -2248 8127 
-7982 180 3462 8690 -3294 5227 
-3725 -9890 8070 8833 -5206 -7537 
-4946 4120 -2568 1424 -189 9445 
6412 -6873 3180 9638 2394 -1791 
-7795 -4971 -1050 360 5783 9439 
767 701 2459 -6577 -85 -9055 
8640 -6033 8963 5812 9080 -335 
3133 -9149 -3795 -7414 -335 3805 
3555 -5827 -6219 -7961 -3079 -9601 
-2677 -4335 366 -3910 1567 9962 
77 8747 3051 5200 258 -3118 
1179 -9303 -1746 -4248 2136 4601 
-7717 -5356 -6337 -7188 -7635 537 
-8401 -5262 -9211 3122 -8337 2678 
-4936 -6335 -7930 7846 -3708 -4092 
-4214 -8237 -3255 -4920 128 -158 
-6575 258 -8127 7383 -8398 6141 
-2694 -4329 3829 110 4918 2000 
-938 -4882 8927 4283 8464 1929 
-8670 2811 -1966 4658 -9774 -7833 
1460 -6856 -2351 -6929 9298 -3904 
-6614 4826 619 -407 -6238 -8434 
3477 -5516 -7087 -2572 -3313 1512 
-9556 -3396 -4975 -9968 -2971 -2756 
-9651 873 8437 -9728 9456 -8678 
-7689 8028 -1367 -7198 9273 -5980 
7215 -1225 -561 -3202 1788 -6130 
5321 -6119 4638 5624 -1209 4730 
-5520 -3827 -4601 -8524 -1213 -5527 
-9014 -5120 6404 2109 879 1259 
-8 930 -4226 5740 -6006 -9942 
7787 -6886 -5752 57 6296 8859 
299 6715 -3365 -2208 118 -9043 
1 1646 -6814 9889 -5581 8769 
-6217 -8578 -2729 7662 637 -2037 
-133 -731 9043 -3759 -5010 -9632 
6079 -9739 -3600 8920 -9881 3438 
4427 -3915 -8129 -843 -1663 5129 
-1850 -2623 -6999 -4067 -6101 2029 
-717 -9302 8788 4891 -7949 2509 
478 5405 -4545 6167 -8024 1040 
1264 -9342 -1457 -9364 -8369 72 
-3948 6203 8466 2773 -2653 -8665 
1604 5021 6773 -1673 -3292 -4374 
2836 -5094 -1517 -2151 -9760 -92 
1190 2792 178 -1191 5475 3880 
5666 135 -4406 -9898 163 282 
-9456 -3665 -5228 1130 9972 -3101 
-4550 -8138 -9078 -7804 4458 -4489 
8672 -5856 -1435 -4528 -2345 -9130 
-1145 2530 1946 -605 -8126 -2809 
8303 -65 8485 4894 -4091 -4121 
-7933 -8765 3516 2010 -2255 -5214 
-2566 1191 -8272 -9843 -8674 -251 
3950 -1108 1663 -345 -2458 -4682 
-8085 -3992 -3154 -162 6804 1353 
-1646 -3025 -4373 -5306 -5220 2170 
-8470 4380 -6729 176 1465 -7475 
-364 -5236 1802 -3478 2381 -3119 
1158 2540 6728 -7779 -7380 2308 
1342 3445 -4778 5110 -4836 -5600 
-355 -317 9227 -6309 5216 -5885 
-6835 7081 -5758 1212 -4858 -4342 
-4143 -3856 -5085 9680 -113 -3183 
8726 3502 -7926 -7909 3010 274 
8174 -9598 -1641 -6509 -5154 -2679 
733 879 1277 148 -777 -8656 
2613 -8544 991 -5939 5522 -4334 
-5830 -3591 4236 -4338 -5978 -3596 
9262 1383 -8330 9960 9043 -5538 
4514 1616 6350 -247 -6825 3740 
-1396 -9846 1975 -3341 2206 -6103 
-6277 7513 -6094 -1659 -1186 274 
-1758 -2686 -8039 5796 -2544 -9461 
-9401 -7165 -6639 -8491 -4462 -4696 
-7961 1310 -8304 -2460 7634 2623 
9959 2645 2089 -6049 1585 150 
-2906 5128 4932 2716 -8735 -8009 
-5776 2205 2205 1112 -4756 -8173 
1384 2003 -9140 -3806 -9153 -4002 
-1291 -4009 -7344 2654 -6250 -4109 
-3324 7725 -7537 -9466 6973 -8111 
-1773 -9217 -4164 -3817 -4299 2113 
-7066 -3071 -9219 6298 2440 -3239 
-4135 -81 -6503 2411 -1314 893 
4544 -3728 -9786 -6883 -9739 -9716 
1371 -1690 587 -7013 630 -2088 
1006 7210 6536 7316 -5814 -1373 
-5994 -4495 -595 3275 -917 -8916 
9838 -9585 5261 128 -6482 4188 
-7771 -6568 1437 6798 4206 -9279 
-8001 5420 1223 1924 -7663 -7214 
-4315 7154 -5817 1518 8180 -1538 
-9640 -1233 -5356 -9900 -2756 -486 
-5370 -2176 -9484 2977 -1718 -82 
-7220 -7410 -8855 8573 -9028 195 
-46 -820 -3371 -1722 7009 -2348 
-1574 -3752 2277 -1957 877 9256 
800 6728 5036 6598 8594 -9488 
-8134 8666 -1741 -5670 291 -6506 
-3396 -8608 -9605 -8760 -8941 -3436 
-6008 3830 -3684 -955 -2080 -9788 
-4366 -8094 5682 -3818 -9829 -4993 
-2294 4927 -1993 1173 -2481 1326 
891 465 -9070 4881 1242 -3324 
836 8536 -213 4063 -6745 -1706 
-5369 6980 6567 1518 -9963 -4490 
-4283 -4595 -7261 3187 1694 1844 
8723 -124 132 1402 -6787 -6415 
-3189 -1391 -12 -614 937 2374 
-3643 1957 9055 5581 5277 -7918 
-140 -4198 2195 -7883 3392 757 
8515 -3292 -2352 872 -8999 -49 
-87 -8292 5170 -8112 -1371 -1149 
-2498 2307 1605 -3914 1160 -6953 
-3831 961 -2118 8294 -1221 -3138 
-9894 -223 3723 352 -6118 3600 
1630 -3438 -6802 4346 -2585 928 
-930 -2785 1784 -8238 -8129 -5075 
2516 -4191 1759 6706 -5241 7846 
-2434 -9842 -3014 7758 8834 -5170 
768 -1708 -3572 -2187 -8331 -5871 
-1435 -4227 -4635 7629 -3809 -4163 
9268 -6214 8795 -8983 147 -6624 
-6458 -2493 8891 -9123 72 -5595 
8825 -2809 -6979 -8695 -8477 1009 
964 1734 2709 -5002 -2952 -201 
-3399 -9552 -4450 2306 -9918 9102 
1952 -6761 763 -2274 -8170 -7111 
-7995 2672 13 5561 927 -6212 
801 -5945 -6719 -3358 5391 13 
-469 -974 -5239 -2570 3686 6860 
-1174 -3251 -801 4395 -3284 6827 
-743 -1892 -7179 -2288 -7225 -1674 
3033 -6317 -3178 -5017 -997 9655 
2346 -3959 -4492 -4672 1769 -4833 
-4039 -6620 -2530 -7045 -7781 9669 
-9226 -8098 4807 -8449 -6544 2182 
-2859 5052 -5005 -4541 -3737 6128 
-6049 -470 -8472 -255 -9014 -5139 
-9417 -2234 -2590 267 -9975 -5548 
-9608 -9050 -7161 4214 -1057 -461 
9598 -3844 9681 -4332 4856 -2732 
-558 -9910 7878 8191 6329 9478 
6561 -5539 -980 -9119 2416 -1557 
7820 -2227 7182 2510 -3536 9163 
4453 -2384 6647 -8609 317 9963 
-7432 -4415 -6405 -6077 -4196 7382 
6724 -6696 -528 -7235 7010 8476 
4754 6639 1416 -3903 -9514 -5247 
9528 -9065 -7965 -533 -893 1143 
4863 -8976 9331 3096 492 -6895 
-8793 -55 7507 -3730 5181 8256 
-5759 -7284 -9483 303 239 9388 
8594 -838 5927 8166 -9117 1828 
2467 821 965 -6127 -3657 1075 
1793 -6137 -430 -255 9465 -8106 
-6719 -3609 41 -6341 -1002 -8700 
6824 -7299 -5753 -7906 6993 -285 
3449 -9734 -4576 7297 2430 -8269 
-2627 -5681 -8676 -2875 -6432 3229 
-688 4010 3022 7209 -203 -3480 
-1600 -8431 8830 3527 -4596 -4761 
-4408 7048 -3033 -5406 -5226 2387 
-6272 -4067 4117 5779 4562 -4581 
-3456 -8545 8415 -8058 -502 4536 
147 -2299 1976 601 -4302 -9342 
-3635 907 -8816 -2062 -4886 -1224 
-8998 -6539 852 -8350 8320 2295 
6167 -8618 6188 3522 -9429 -8101 
-3726 -7379 1944 -3791 9420 6646 
9973 9526 -4988 2544 -4939 5161 
-9386 5566 7876 -7468 -8399 7841 
2572 -2685 -1573 -5490 9951 -8388 
-3204 -7581 -5999 -5619 -2277 -3845 
-8316 4671 -2139 -3742 7529 -1457 
-1841 -6685 -8189 -1370 -6019 -8730 
-6545 8448 -1854 -9311 -6529 9386 
-7830 -860 7503 -3694 -5611 1977 
-6926 6271 5347 -4625 -4756 -4098 
1270 -7853 9640 -1503 7063 4703 
-6403 -5306 4754 4247 1855 -8783 
1604 -1583 1741 -9561 -6208 -5036 
5612 -3245 6916 -2042 -5799 -5110 
719 -1441 -6281 558 125 -4638 
-3439 -1386 -5114 5518 -68 -4915 
1419 -2642 -2625 1178 9977 -9159 
3022 -7743 -1596 -457 3130 326 
-3533 -6336 -9939 5532 5832 9742 
-8878 -4109 6069 9896 -5773 6710 
1554 -700 1543 5464 48 -3372 
5837 -5494 8911 1880 -1454 -7341 
-5811 209 -1224 -7685 -8064 -8768 
1595 -9017 6376 5006 -1332 -7799 
-6822 2657 3650 -8649 -4724 6268 
-817 8093 -1208 671 -2057 -9682 
-481 3249 9471 -3102 4550 -7518 
960 -1445 2873 -6967 361 2024 
5732 -8906 -5797 -4435 -94 -8156 
-7245 -1150 9192 5901 1329 -4708 
-4 2593 -747 -4630 -3030 1210 
8744 -3743 -518 -6678 730 761 
-678 -8362 -141 -8039 -606 5704 
-9372 4848 -713 -9473 -1217 -154 
270 -5558 -9208 2097 -4394 -4779 
-3833 -7348 -2992 -8799 -8821 -2425 
-4513 9211 -4448 1111 -1528 -569 
-9943 -8102 5715 2844 -1519 724 
-527 -748 -5322 9851 -865 9187 
-8209 2645 8562 -2297 6259 -3074 
-4340 -5374 -8435 3119 -6259 -3707 
-7753 3802 2479 -4308 9677 858 
146 -1200 -6029 -5525 -7815 -2149 
-8543 -9162 3949 -6184 9219 -1072 
2248 -5014 6615 8165 -9003 -1594 
-6821 -3313 1330 9149 -6613 -4406 
-2789 5010 -5242 -4019 2051 -9004 
-7888 6226 513 528 2302 -7274 
-5773 -5029 -2418 -4185 -1218 -1991 
-6796 -5958 5399 9631 -901 892 
-8321 3503 -1109 2029 7795 -7923 
-8344 2664 -445 3602 -4612 -5595 
5344 8189 8023 -2843 6235 9419 
-7341 -3518 -2230 -4762 -9124 -1620 
2286 1250 -2799 1053 8565 -4154 
-3516 3461 1530 -2649 -3191 -801 
-9965 -9509 -6675 6129 -1971 8493 
291 -6097 6704 6893 -7739 -9956 
-9207 -3382 -4037 8406 3015 -8223 
3992 -590 -2107 1433 -446 -5179 
-6775 -9849 -4292 6021 9358 8952 
892 -5488 6238 -7506 7808 2539 
-4991 745 1 -6801 1979 -5012 
3847 -9505 -8911 -3786 -3555 -8772 
-8336 7672 -7962 60 -311 -4442 
6385 -5897 9597 -8210 -3833 2404 
1856 -823 111 -7355 -3912 -5551 
3147 6592 -2010 -6702 -5471 -1682 
8521 -5853 -8511 -6667 -1920 -5833 
-1118 -1189 -5842 -7441 -178 -7596 
1345 -9199 -4574 -2276 9400 -7905 
3122 -9875 -1926 -8158 7816 -1656 
779 -728 2612 502 -411 -5204 
1032 883 -350 -5702 -6405 -2936 
-1096 -6156 -5871 -7686 9673 9872 
-1988 -9501 -3878 -6555 -575 -2659 
-6912 -7644 9824 -252 2180 9870 
-401 -5281 -2529 5372 8102 -9833 
-7994 -7008 -6624 -183 2957 -841 
7200 2176 -5243 -3979 -6414 5732 
-6648 5762 -1964 -2386 -6537 5478 
4437 -2559 9857 422 923 1686 
-9306 6353 9900 -587 -2405 -7818 
-3257 3465 -1902 280 -2959 -2059 
2004 -4827 4566 -8862 -2514 580 
-3571 -8579 147 -7059 2719 7938 
2401 -4770 2596 880 -9602 -2070 
-2003 -602 -9209 -971 935 -6035 
-4215 5693 2590 -8043 5839 6459 
-9184 5376 1853 -6358 2117 -2661 
-3174 3111 7916 1808 2676 -2086 
6278 3170 -1214 -6028 -6184 -2190 
-5852 9242 -7684 29 -3536 3041 
-4534 -5548 944 -5382 -1675 -3580 
2790 -8498 8506 5074 -3695 3055 
-6795 1677 -3437 -1689 6612 2149 
594 -2862 -9073 1464 7425 -2384 
4088 -3251 9273 -1955 -7920 -5594 
-406 -1828 7866 -4688 3480 6997 
-8140 -7620 -5602 -5506 2754 5587 
663 -8772 879 -9563 -3329 -8950 
-8371 -9469 2293 -8071 -2491 -8114 
7173 1180 7180 -6483 5444 -9251 
2417 8103 2714 -3917 -5248 -8951 
9768 -6411 -4733 -6488 -8768 -2544 
1220 8300 -1032 6999 -7655 -4280 
-3290 -1926 2627 -3823 -7866 -6437 
2093 -3449 -5224 -4610 -9827 2297 
1070 5856 -7384 3144 2411 4137 
-1179 7303 -5079 4483 -9688 -6228 
8980 -5717 3174 7427 -8772 -5302 
-8259 2240 -4173 -6465 5338 2841 
-5719 -130 6610 -9808 4864 2847 
-1007 -9897 -3938 -8179 -5573 -9233 
5925 -3961 3313 -8526 1089 -7514 
-4308 -7501 2914 -9253 2896 -9982 
-8275 -7555 -7101 9460 9355 8994 
-6725 -127 -2197 -3060 985 -4944 
-8348 -9211 9043 9552 -6465 -9104 
-9002 -1336 -1620 8438 -2454 -5134 
8093 9735 1495 2083 -1038 1092 
745 1487 -3761 -616 -6189 -1173 
6678 648 -1202 2226 4337 -8117 
-693 2605 -5519 -8900 103 555 
-3595 -8115 700 -9030 -8275 -2914 
-8615 -3921 -4448 -8915 275 7527 
-4597 368 -7907 -5453 -3478 8450 
-5069 2704 7837 2107 -3492 -2316 
-1277 -1629 7057 7984 3338 -1400 
-5798 8627 -9207 -914 536 -661 
8558 678 2472 -687 -8173 -2047 
1509 -5884 -4361 -666 -3312 -5257 
299 8068 876 966 5224 -8382 
-147 -5904 -5462 -7203 4946 -4447 
-4966 7219 -2257 -2356 -8443 -2182 
9969 -6429 3830 9782 7293 1600 
8481 10 -1160 3588 8188 624 
-3477 -1246 -4908 453 7656 -8358 
-1