8
-15196 -11706
-35998 -5008
103 1295
-1366 12155
-24841 -13482
-2306 4847
-2824 -567
4231 8313
5
-21947 -4661
-28115 -9700
-6686 16107
-9737 3116
-30336 -2567
3
-17060 -7979
-13597 1563
-11957 11980
8
-13324 14292
-14977 4299
-25809 6841
-20796 10244
-31692 -2239
-2567 -661
-24630 -14671
-44348 -13666
8
-21313 -2196
-21234 -5867
-11720 5293
-45076 -12958
-20877 4509
-22552 4848
-19645 -4490
-13340 8539
3
-10039 10555
-20048 6628
-14011 1412
2
-8849 4843
-15593 -9661
4
-22119 7575
5996 15645
-17762 -6827
-6562 15451
2
-37845 -6021
-25286 -10591
8
-13762 74
-30634 -10146
-15069 4321
-14418 1058
-21861 -9799
-11372 -6265
-34360 -12433
-11073 -6096
-1