9
-29604 -8046
2958 13950
-16997 -15630
-19133 8092
-29909 -15444
2934 3922
-15333 12408
-26067 4661
-17126 -11081
9
-8276 12719
-10852 -4293
-18630 -8635
-755 8705
3310 9612
-4845 -4786
-11413 1137
-27660 -4329
1434 3889
7
2061 9933
-38707 -11640
3788 15416
-32793 -13055
-40898 -14596
-8525 11125
-42599 -14278
2
-22072 -4199
8594 9159
6
6288 14807
-18321 8260
-27978 -10687
-10188 -1481
-17287 12514
-4509 4247
8
-6104 657
-21162 6693
-22820 -14297
-22344 -6960
-32529 -6992
6207 12153
-25497 -12750
8348 13297
10
-28764 -2119
-23537 -8608
-23386 -5313
-21619 -2863
-1594 3787
-9025 -8288
-19431 -234
-17953 3695
-16332 -263
-20302 -7677
2
-16368 -1275
-7330 13732
9
-25076 -8016
-29905 -13318
26 5267
-3511 11582
-12922 -6794
-1896 9145
5105 5973
-40633 -14997
-17308 13126
2
-8610 12812
-16467 -6262
10
-22912 183
-13688 -10806
-32872 -3846
-43533 -12372
-20418 -15743
-9930 -6170
-9545 -15
-16042 3181
-12140 1538
-13084 -2086
19
-17672 13237
942 8042
7550 8371
1573 10729
8582 8773
11001 15565
-18989 2079
-10876 1296
-46307 -15436
-32064 -16043
-32605 -10409
-42415 -13784
-16972 -16224
-27494 -4218
-14262 -7662
-14900 -12384
-6002 12282
-25102 2780
-22156 9370
1
-29807 2839
8
-15873 -15292
-10978 5200
-8223 3063
-16722 11360
-33845 -2399
-28011 -16346
-36598 -11335
-14067 2931
12
8699 8989
-22261 -81
-23901 -15199
-35427 -11233
-7208 7865
1292 7993
-21515 -1521
-22259 1310
-35106 -7440
-17113 -2909
-32558 -16383
2049 5030
1
-13994 -12552
5
-17304 15073
-5345 130
-18540 -16004
-19931 -7245
4471 6401
5
-1702 1640
-31425 -4143
-2413 15270
5344 12488
5251 15679
12
-17510 3781
-15159 10417
-37714 -11495
-6808 -130
-6970 15376
-10154 16083
-4604 -2329
13636 15601
-16870 -15362
-15368 13916
-7266 1583
-11226 -2090
2
-25727 -16371
-6907 7765
16
-10969 11412
3896 11714
-20165 -14448
-18504 -10061
-1044 1972
-9305 12802
-19286 -10001
-4497 9021
-22868 99
-19063 8887
-6203 -4070
-16940 -15140
-2003 756
-34343 -2111
-11430 13540
-9943 7424
4
-3115 10646
-21731 3362
-11998 9790
-34391 -13987
15
-41220 -13151
-5376 6043
-44288 -14547
-22676 6844
-28398 -14841
-17795 -606
-18345 13356
-30475 -2477
-31710 997
-8881 -2432
-5303 2715
400 1535
-30605 -12564
-5611 8572
-25751 -769
11
-17674 -4087
-27532 -15949
-24600 2118
-43226 -10744
-23638 7103
-7069 7872
-6699 12445
-216 15616
7116 10173
-18851 1061
-4538 14354
6
-30687 356
-16560 -6807
-11844 4952
-22195 2303
3991 10940
-21126 -10108
3
-31852 -11251
6566 7525
-6336 -4534
16
-19660 -6731
-30518 856
-16571 -5776
-24197 -8433
-33226 -15577
-19859 -6597
-9958 1651
-4648 10593
6239 10499
2065 13768
-32869 -8814
-19995 -6120
6750 6934
-13350 -13017
2560 9275
-23923 1295
19
8732 16031
-21618 6284
-6001 14578
-12390 -11621
-21748 -9573
-18226 6881
-13569 -9735
-28050 -13741
-32695 -15288
6619 10670
-4659 1733
-10334 -7240
-23802 4882
-21106 -4919
6803 8923
-13896 907
-14903 -8518
3729 12030
-19137 -5032
15
-18963 7618
-20758 -1678
-18235 1327
-31644 -12705
-22245 -1688
-11596 -1968
-19563 -5270
-976 9294
-24109 -14927
-28683 3797
-18373 6059
5676 10978
-6958 5485
13665 16205
3840 16293
5
9659 11657
5088 12137
-26842 -9263
577 9718
-9442 9741
10
-19502 7007
5833 15931
-9390 1856
-29086 -4533
-18292 -15578
-42707 -11152
-20621 2817
-8396 1344
-36646 -9669
9320 10891
12
-21775 1154
-10594 2076
-15794 7104
-29508 -9245
4136 15887
-5428 9377
-20648 -5752
-25363 -8221
-17564 2994
-25263 2041
5775 5889
-21810 -2660
12
-2078 15542
-18686 -1948
-7183 9482
-18976 -12528
-36167 -12431
3996 6905
-22284 -8083
-20652 5340
-28871 -14409
-13623 9308
-19004 -2765
-31572 -9062
12
-13871 12501
-11138 7962
-28336 -7741
-11986 9317
-17846 -6469
-7437 -1541
-14600 -13873
-29622 -10722
-20379 11270
-31435 -8268
-26360 -10750
-32193 -7165
12
-10782 12186
-3893 10538
-14301 7505
-25875 -8654
3062 7651
-24875 1492
-28507 -14825
-30043 -15316
-25124 3338
-4122 3185
-15880 -9271
-15269 -13017
19
-43723 -15927
-27366 -5947
2956 13573
-44458 -14708
-13308 16383
-16713 4348
-5863 15353
810 15380
-22138 4742
-22853 154
-21678 -9652
-30161 -252
-17438 12553
143 2457
-19192 -2348
-27462 -9772
-37102 -12634
3058 13577
-10277 2072
18
-18321 -12580
-35833 -10350
-27702 -13154
-22892 -11623
-21028 9668
-28364 3853
8575 15864
-13800 5902
-33041 -15746
-36902 -6889
-13798 -571
-26034 -3023
-3604 2364
3152 8294
-28508 -11930
-35178 -5255
-15069 8241
-25731 -1580
4
-12150 -5045
-24113 -2075
-10686 3359
-42622 -15864
9
-10588 9164
-17953 6314
-17308 -11226
9790 12576
-33546 -11079
-9641 15146
-13124 -14
-20943 -6977
-14220 -2925
13
-9408 16361
-26230 935
-9695 -5404
-26385 6265
-12844 -11983
-20295 1132
-15784 -7437
-8350 15714
-12151 -4410
-8403 -657
-19662 11008
-7247 13886
-36583 -7113
20
-13751 -181
-18642 2292
-11642 -631
-9157 1533
-31122 -15468
7550 14343
-23388 7113
-21721 -1165
-16549 -600
-29312 -792
10663 15659
-837 837
-29236 -15274
-22077 5594
-879 2832
-14324 -11561
-47733 -16079
-22428 2564
-38796 -8484
-19262 -4173
19
-23638 -8291
-18839 7904
-9216 -6650
-25493 1269
-26361 -6883
-23497 -14073
-1555 8465
-16163 -6305
-18228 -15347
-24635 1051
-23367 185
-36040 -15919
-16168 15875
-30217 -5259
6250 12319
-15417 -2691
-10276 716
-3326 6722
-17702 -1830
10
-19044 6788
398 1425
-22487 1947
-38510 -11836
-4636 3056
-17568 6254
-28124 -7668
-34434 -4219
-21490 4013
-34618 -13358
13
-15805 -9682
-10502 11180
-27688 2878
-18513 -10886
-19359 -343
-21509 2485
-1411 -199
-11783 11816
-25689 2738
-39541 -6833
-40628 -15597
7655 10684
-3377 1305
5
10383 12435
-36046 -15520
-18763 8531
-5510 11839
-11342 -6868
11
-10353 11598
-19275 -1413
15366 15454
-24431 -5739
-29694 -5830
-15372 4822
-560 3834
-2575 9639
908 12521
-20457 -8880
-29254 -4308
18
-22887 5436
-30627 -11307
1154 15510
-3519 5193
5081 9823
-1681 7366
-12680 11107
-30974 -11130
-30003 -2608
-4746 2397
-17482 9523
-22791 -11446
-24252 -4445
-29513 -10676
-17771 3388
-43217 -10634
-14178 5840
-18557 -11706
8
-16467 5855
-25662 -654
-31383 -13843
2629 9289
-447 11945
-35316 -14190
-9720 -692
-3059 -529
1
-21585 7497
20
-27743 -4633
-29764 -4365
-22348 -3977
-29771 -13002
344 8870
-37477 -5495
-25763 621
-21468 6206
-13918 -5049
-14399 7253
-9551 2267
8628 11331
-13244 15835
-13287 1267
7133 9772
-41223 -15349
-15279 -10937
-7590 -6544
-34724 -5665
-8879 4108
-1