33
4480 5316
-25684 4744
-28397 -5069
-9133 16306
-11442 5093
-15419 3305
-1827 10136
-24420 -8696
-20073 -6890
-3618 -3261
-46772 -15513
-42408 -9725
-19052 2629
-25372 -8206
-2912 -560
-3653 15441
-29430 -3453
-31538 -7278
-33113 -8857
-4856 14627
-2991 13446
-4951 5000
1727 13219
-46449 -14676
-40882 -9944
5262 10361
4566 12128
-25931 -15450
-6025 13798
-3160 11472
-27540 -162
-9749 11725
-36651 -10398
49
-31666 -14068
-8238 2098
-7730 7599
6838 10214
-11217 10683
-30965 -9806
-39622 -15608
-18599 4283
-13724 -9835
3910 15791
-25889 -5868
-21994 -5021
-5461 9128
-12728 -6981
-9564 14829
-33252 -11573
-21099 -7111
13607 14907
-3518 4385
-7451 14576
-11646 -8897
-19899 -8984
5955 14387
-20930 4454
-36444 -9496
-11431 -6320
-26370 -3303
7749 15573
-12806 10259
-22683 2130
-11620 -9028
-42140 -13705
-39083 -11564
-8000 -5210
-8939 4987
-17830 2203
-45995 -16141
-18676 -3502
306 13736
-16846 -6875
-21396 5229
2368 15158
-5749 11785
-9655 7692
-22054 -8206
-16482 -1151
-27512 -12200
-35764 -15909
-5202 11109
25
-3141 -1666
-16591 -159
4508 6651
-4384 6294
-5171 -2758
-15349 -12726
-27840 -13844
-5208 6607
-43739 -13808
6393 7241
-8384 -2035
-13226 1123
-17099 -9730
-17662 -960
-33063 -2227
10233 13237
-43136 -11133
-33346 -9547
-31149 -7842
-1745 8204
-10343 3365
-19118 2128
-28918 -2760
-6105 12565
-29919 -7701
17
-20903 -3092
-35890 -11219
-26145 3009
-14654 15897
-21127 -6934
-13138 -1909
-6051 3065
-19207 579
-8282 -4039
-1000 5249
-23069 -7792
3996 12302
4010 9642
-18625 -1157
-6875 -6061
-11521 -10579
-28508 2853
46
-20203 2424
-26128 -452
8154 15615
-33031 -8920
487 12445
-8212 12917
-40751 -16373
4990 6084
-12926 13078
-9591 -640
-1005 14490
-9643 7534
-28526 3501
-12309 -1147
-4904 9499
-13210 -5889
-12457 -7405
-13758 15792
-27929 -16097
-5203 15255
-8291 -4519
-20012 -12109
7318 16349
-716 11031
-3386 1402
-22801 -11455
-20276 5805
-31978 -16216
-8258 11215
7161 7316
-42754 -10355
-2436 10034
11524 13465
-20636 -3352
-21708 7071
-15965 -5658
-9560 -2693
-14927 -11778
-19452 -599
-34348 -15691
-5051 2300
-40076 -15974
8340 9363
-9879 -1834
-19698 8458
-14514 15365
11
-6641 -2734
-5113 5496
-37589 -11851
6196 8346
-29494 -12281
-17573 -2621
1991 5572
-6779 13275
-10022 -3170
-23100 -16183
-17868 2917
31
-7411 12342
-19986 -15583
1058 5061
-26487 -3201
-10415 -8413
-20743 -163
-37595 -12026
-28016 -8894
-26098 -6305
-37930 -6458
-200 5516
-16946 -8100
-11176 10959
-430 13168
-15749 -769
-14505 3762
8150 11133
-36538 -8015
-9061 3690
-39350 -8021
-3904 9751
-355 6563
6871 7869
-18980 11189
-16421 15471
2387 14247
-17410 -15540
-12465 10432
-2946 12281
-43152 -12067
-34192 -11185
37
-17794 9933
-14571 -8767
-13505 2718
-31718 -5815
-37809 -12800
-13076 -11988
-1818 8933
-22271 2955
-25960 2582
-22256 -14825
-10649 -1416
-9047 -6279
-20783 3469
1214 16370
-38175 -10947
4919 11582
4673 16087
1923 13759
-20923 10067
-18400 -8489
-8191 1242
-26310 -15722
-42156 -13944
4137 10389
-10502 -7312
-7152 9761
-32355 -544
-9371 2460
-29724 -6169
-27005 5409
-43133 -15339
-18630 -13209
-9399 -6782
-39586 -9752
-13261 -495
-16293 -12478
-25729 502
45
4779 14112
-37383 -13626
-27115 -6142
-27067 -15553
2774 5612
-8243 -2996
14614 16029
-3997 -3916
-35384 -5308
-14025 -5032
-35833 -10020
-23906 -14558
-32934 -1348
-34584 -15304
-4339 2922
-26068 -16011
-23943 8113
-31460 793
-10663 -4109
-38701 -6209
-23780 -13376
5540 6288
-35794 -5210
-20757 2487
-14257 5451
-37412 -8428
-29985 -14918
-15015 2357
-43474 -10757
-18763 11906
-37171 -12826
10131 13495
-14368 -9928
-30548 -360
-8084 4839
7586 12768
-13916 6835
-18992 6522
9790 10494
-23014 -2061
-3391 5341
-11329 -8656
-6443 111
-24541 -9636
-16493 8046
35
-16003 -12929
-39415 -14032
4056 11702
-13900 -11684
-13604 610
-29932 2203
-33974 -1736
10099 13026
-21705 6529
-20457 -8088
-8032 9921
-26283 102
-6925 5782
-16740 10011
-5722 7650
-21620 9236
-26173 6444
-17924 -12886
-22407 -11196
5399 9676
-4948 -2778
12640 15359
-26234 3617
-13881 -3934
-23548 6969
-3651 -649
-6775 -4407
-13251 -6305
-29842 -11923
-2081 15717
-40050 -9954
-16407 -14082
5597 15263
-23971 5007
-9485 8217
20
-35291 -5594
-11333 13418
-2608 15633
-40695 -15903
-11123 2085
-14222 870
-19493 1813
-2093 611
-19186 -53
941 11820
-17114 10075
-30352 2194
-38505 -11467
-13618 181
-31196 -13666
-11767 -4071
-44121 -13215
-37050 -4612
-4129 7361
-8486 -4889
45
-21785 -16022
10913 11754
-34895 -11937
-11504 4482
1925 9811
-14189 -3980
3340 9074
-7745 -5366
5644 11251
-20250 -15428
-28182 2227
-16600 4598
-39613 -12004
-17278 4635
-25993 -9396
13532 14025
-16579 -2189
-9697 -8353
-32976 -1411
-36036 -10308
-29855 -9230
69 1354
-8478 -5350
-23688 -6852
-36768 -8348
-41138 -16365
-40792 -14328
-18032 13927
-18879 7916
-11422 2788
-18959 709
-31146 -12909
-38825 -9090
-27015 -13222
-9097 -3107
-30359 -4921
14152 14180
-19875 -11511
8263 15221
-31942 -1473
6919 13498
-19804 8694
-8769 -3644
-14583 13548
-19238 6130
38
-12593 13923
-38117 -7156
-8005 11275
-35815 -9730
-38065 -7659
3579 8739
-18428 4211
-18849 -4585
-8714 193
-12842 14450
-10563 1913
-11470 10140
5178 7526
-22570 4835
-6299 11611
-21243 -8758
-30688 -5596
2613 7588
-29176 -16195
-5029 15714
10817 15042
3647 5034
-36280 -6873
-9785 7977
3011 3881
-36275 -8919
-30383 -2684
-34838 -4506
-14245 11751
-11318 -483
-24605 -6491
-8840 8039
-20399 -12627
-22223 5317
9291 14780
-12493 13820
-19845 -11055
-33779 -6109
48
-3454 3707
-22462 526
-29422 -11378
-17416 -7288
-29647 -11287
4980 6961
-16820 -3542
-12514 -1977
-26232 3102
-839 158
-19376 -8987
-11143 1000
-38178 -13744
-29942 -3021
-15911 8590
-14167 10163
-27178 1800
-10962 -6206
-22540 7561
-30433 -3803
5989 10402
-27713 -13935
-10241 11853
-23012 3693
-18993 -9264
4900 8410
-2651 12772
-35664 -11535
8872 15383
-6762 -1461
-26397 -10385
-8004 3015
-41770 -13232
-10977 9351
-12283 16287
-273 9276
-11636 16168
5527 15524
-7767 -4803
-8500 6737
-15536 4000
-18780 2731
-12613 1444
-25439 -15560
-7691 -5746
-10815 11803
-27531 -7871
-19568 -8229
31
-28394 -5253
-25064 -13775
-17313 -588
-3700 12750
-9204 -131
-10219 -4520
-16285 15834
-14123 7724
-7661 -980
-29097 -7487
-44936 -15427
-22691 -13093
-26383 -11878
-38731 -9982
-2262 5793
-20476 4147
-24971 -550
-2154 8405
-5102 -4853
-25803 1006
-11645 13190
-25104 663
-12837 -9402
-16143 12206
-20210 4154
-17591 10698
-25536 4577
-7483 14708
-37865 -7401
5561 8084
-3573 11311
15
-4327 12889
-6060 -624
-15722 4442
-42600 -12368
-44297 -13993
-45651 -13215
4531 10162
-40893 -11340
-30088 -3685
-24348 -8722
9141 14385
-10228 4308
3120 14313
-7888 14886
-39530 -14540
20
-28357 -5738
-5777 7256
-17756 -12974
10766 14349
-43 1716
-30426 -1610
-8465 -7784
-10662 9265
2349 4322
-10963 9105
-21841 5229
-48298 -15686
9041 15172
-10231 -8405
120 5653
3148 3866
-30751 -4638
-33720 -4666
-23694 4858
-20073 521
18
-22797 -9698
-396 3229
-21287 -4904
-26115 -4768
-15696 -4391
4292 7321
-2120 3958
-25967 -4132
-39800 -9832
-13523 5888
9626 13921
-40599 -11299
-23840 787
-13513 -8364
13390 15918
-4428 8080
-19602 4057
-14276 5004
9
-28734 -6250
-20071 -5534
-15610 -5225
-9836 9007
-29195 -11595
-13395 -184
-11694 -5868
-27560 4894
182 1744
12
2831 11095
-3123 5747
-18390 10471
-859 14303
-27204 -14119
-6032 -5018
-11556 12277
-33411 -6465
-34092 -13486
-47112 -14760
-43592 -13190
-260 5277
23
-27800 -1315
-12091 -5926
-14262 5466
-18564 -6639
-17972 -8530
-14720 13435
4576 7112
-29753 1451
-31050 -1815
-38000 -14589
-238 9909
-39113 -14481
-28776 -12917
-31492 -6829
-24291 -13550
-22309 -10047
-28683 -4588
-20902 -4624
5193 9360
-27821 -15383
-15521 -12278
-31792 -7292
-1550 13350
9
-34733 -5177
-21343 -3075
11451 15177
-33855 -9202
-21530 1351
-30846 -13459
-31050 -7810
-27061 855
-9890 -7234
20
8374 10055
-2734 8344
-10617 16297
-5840 -4858
2383 11688
-31306 -6399
-45800 -14244
-18525 11371
-3790 7149
-22196 8911
-10491 -3256
-12318 -4436
-5660 10774
-24115 -2799
-30758 -9490
-14864 7018
11131 15817
3077 14746
-22858 -13641
-33311 -3510
21
-12109 -2510
-34234 -13388
-22602 -9944
-37882 -5216
-7305 6420
1483 10639
-12571 -9481
-28577 -9194
-11345 192
-3713 74
-22564 -10059
-14881 1083
-18345 -9195
-24510 6846
-40832 -16132
-33397 -912
-33093 -7290
-570 14839
-35324 -13769
-3523 907
-21383 -13925
20
-20987 -1747
6375 13373
-15027 185
-19193 -9741
-19031 -9969
-22202 -8617
-38722 -9749
-21271 -10450
-43894 -14239
3674 15431
10034 13775
-17039 -8692
-23596 -13553
3783 10839
-32677 -11279
2055 13191
5191 7912
1341 11730
-22398 1283
-30937 -10531
41
-1431 13809
-25682 -16119
-7471 13024
-18966 1974
-18929 1120
-39045 -12562
-24742 -4670
-31808 -6100
-12421 -8963
-26541 -14661
-13471 8785
-20453 5240
-14416 -13526
-29859 985
8529 9287
-9014 814
770 10011
7058 13607
-14360 -10636
-34192 -11625
-21736 -12710
-27717 -9865
-11216 2874
-9605 11566
-12060 11332
-8078 3088
2952 13585
-32466 -476
-12630 4745
540 8490
-6757 -6396
-18538 -2596
-38399 -7761
-16652 4725
-12697 9522
-8809 -8592
-18997 399
5377 15250
-22475 1357
-33824 -16342
-19393 10711
30
-9379 14971
-17554 -11911
-14953 28
-26343 424
-11358 -8031
10005 14685
-20036 -10706
-13317 6643
-26712 5128
-466 12534
-19579 -10933
-31431 -9090
-2665 987
-23533 -13893
-29409 -13412
-33672 -15918
-6619 -4634
-1232 14567
-34743 -5837
-25240 -11397
-18792 -14053
-41217 -10759
-4013 12931
8655 12939
-3384 17
-8695 10546
-17382 739
-5252 11798
3865 15232
-19478 2587
34
-688 9987
-29027 2914
7240 10819
-3316 2737
-7300 14206
-11944 -9796
-16012 2008
-34095 -2436
-35698 -7761
-26809 -2103
3470 7478
-17389 -10468
-16598 -9121
-18383 1945
-30046 -1537
-23227 -435
-9915 -3027
-12880 4020
-27892 -10774
-34908 -14722
-15836 -7160
-23253 6034
-11397 4420
-9918 5972
-31655 -586
-3620 5155
-29463 1387
9983 14886
6091 8784
-16692 9289
5795 9553
-31090 -382
942 2755
-24367 7513
25
-24813 3513
5613 13884
-18385 -8244
-26629 -246
8008 13136
-31470 -5602
-24557 2791
-23787 -10682
12311 15335
-26557 -15195
-12292 -9555
-43263 -14424
-43557 -16076
-17746 -8645
-36723 -7194
-23181 3900
-19459 -5967
-37104 -9937
-392 13406
-35662 -13772
-30982 -7650
-26182 -11209
-39808 -9882
2454 12647
-8614 -2563
47
-5106 8801
-17136 -7972
-29130 -3510
-17636 -12964
-24487 -13482
-15429 -15170
-15708 -11117
-10478 -465
-14084 4926
-12633 -7563
-3190 15590
-9620 3888
-11187 -2865
4815 8031
-3672 -1899
-20532 -8921
-18960 17
-35589 -16176
-17402 -11136
-40286 -7919
-30502 -7454
-17469 14477
-15868 -12895
-36562 -7011
-36528 -16013
-32368 -16048
-6834 4481
-8575 1712
-16667 -8503
-39270 -13497
-17440 -12607
1149 4066
-12674 5437
746 14485
-28155 -10862
-23088 5887
-21424 7932
-26536 -5681
-21412 2109
-16389 -2681
-2593 11911
1166 6785
-13871 7068
-25263 3119
-33792 -10444
-3326 3494
-6752 10143
32
-5434 -3984
-26973 -7979
-19602 -1227
-1338 3701
5249 7402
-27898 -1390
-22971 -3597
-42385 -13084
-40804 -14115
-12181 -1415
-13616 590
-22758 -15027
7269 11580
-38250 -9702
7912 13150
-3760 113
8381 10720
-6824 4362
-14094 6747
-18770 9817
-25584 -10236
-14701 15201
486 13604
7132 11469
7261 11464
-36804 -12227
-16568 -11079
-6505 5598
-9933 11182
-17837 -6083
-25295 6081
14248 15965
12
-10390 11120
-11752 1820
-20385 11455
-25966 -2183
10148 10853
-19799 -14181
-8079 -4555
-2612 14977
-23503 7372
8007 8290
-7402 -1604
-12458 -6670
42
-9370 5445
387 5302
-4535 -4117
-2240 918
-20482 -5517
-38644 -12005
-26090 1462
-20101 2556
-27550 -7588
-35983 -3256
-18105 1523
229 6159
-3320 -2497
-40263 -8354
-15848 7889
-11894 15985
-913 13531
-36995 -9435
-10796 3395
4876 12972
301 6390
-3360 6276
-17708 -1153
663 8618
-29725 -4136
-44901 -12277
-27004 -4224
-19221 4667
-17597 -12339
-24334 -5271
-39075 -13948
-40875 -10349
-9200 7847
6846 16374
-16662 -11634
-6475 5065
-15589 10297
-17051 -9942
-17466 -9499
-24712 -13735
-39094 -15139
-17699 -11484
37
-23976 -6919
-28392 -7930
3905 5220
-21100 -7302
-419 14533
-33176 -4937
-22181 9579
-19146 13609
-12936 -2613
-37990 -12163
-10358 -9091
-20564 5307
-10984 -7289
-33374 -843
-17820 478
-18863 2469
3455 10794
-23866 -6126
1620 14026
-27439 -9229
-19523 -10472
13465 14359
-19055 -7698
-29911 -6972
7091 12649
-9727 14751
-34269 -5140
-12379 11979
-15856 -8600
10545 10581
-36892 -13349
-12061 -6448
-25002 -10729
-30289 -13252
-29060 -7227
-18481 7213
-19243 10153
35
-43852 -15909
118 4550
-26199 -6225
-34537 -6823
-18532 11536
-683 6548
-16889 -11694
-4878 1659
804 11703
-29579 -7292
-28611 -9595
-11266 3914
-39169 -8613
-8424 -123
-4156 14532
-12920 -4806
-7955 4365
-6887 4399
-4312 -2476
-15248 1186
-26940 -6686
-2341 6714
-12798 3003
-18141 -15554
-3996 -3726
-16553 -11003
-19715 3906
-46175 -15698
-3647 -3237
-6637 7953
-23084 -3206
-31369 -1292
-11044 7356
-34523 -3197
-13999 -10828
8
-17796 -7882
-29361 -15629
494 7796
-26063 -14534
-11565 3026
-9486 9814
-29786 -3597
-16315 5528
28
-9806 8247
-595 2004
-29818 -14424
-11237 10348
-12511 -11119
-12232 -6744
-10044 -9738
3255 7113
-32434 -12220
-10759 4539
2190 6625
-33069 -15801
4246 13830
-18842 -14966
-24052 5585
-20755 -4442
-30352 -14442
-6776 -3657
-8838 -5001
-9452 9737
-419 11316
3572 14472
-8670 6980
-31515 -7561
-40464 -14556
-17713 -1947
-21409 -8977
-17519 -6819
11
5897 15718
-29541 -7028
-29104 -6055
9239 13367
-25629 5252
-4524 2913
-4978 13503
-24343 -972
6422 14878
1361 15123
-2736 3003
38
-30641 -3069
-41641 -10356
-27294 729
-12012 -9035
2530 11040
-34986 -2873
4611 10970
-15767 -14614
-17702 9344
-35714 -9090
-30551 -10090
-38784 -14511
1590 7553
-25628 -2027
-25317 2461
-13962 -9967
-30962 907
-6866 278
10295 11464
-14086 4789
-23935 -9596
-7533 7087
-3609 4273
-19894 2221
-7741 13146
-5415 305
-21725 -7626
565 16333
3094 12925
856 14995
10232 15098
-3815 12236
204 9826
-30218 -5395
-9856 16356
-17180 -10810
-11961 11777
7976 10749
48
-3839 1979
-19377 -7259
-6727 5213
-8805 -8527
-15701 13496
-9875 -2223
-19692 -899
-43145 -13961
-7489 9924
-11167 9616
-17899 10507
-18856 -9301
-8405 -2181
-43360 -15906
-29738 -8594
-30691 -1563
-14156 5423
10990 14861
-25279 -4608
-8974 7505
-15129 -14494
-10401 16066
-1779 8848
2386 9260
-8154 845
-167 15350
-20030 -801
-22518 -3510
-24671 4188
1424 8566
-27717 -16348
-9160 -7790
-11432 -849
-4601 -1181
-26850 -12663
-11449 640
-22500 -7782
-32748 -9549
-28188 -10837
1780 11426
-34417 -2010
-22435 3503
-22058 -13539
-16565 -8420
-7137 -626
6867 10355
1677 14566
-11094 -3803
29
-3257 4279
-12616 -5963
-31734 -10608
-2331 8397
-41582 -15489
-32659 -14527
-14084 9502
-16945 -14682
-36546 -5184
-26068 -13320
-14602 14175
-25706 -9424
5434 12502
-24998 4628
-26772 848
-26272 3411
-8187 2561
-17559 9169
-8089 1556
-20117 -5056
-7764 -3868
-39462 -16144
-16774 15982
2303 13800
-21041 9223
12865 13621
-4401 14154
-5512 13698
-23141 -1707
39
-21129 4011
-18668 10524
-3540 -3383
-18056 -304
-31757 -14895
-1149 10301
-37675 -7446
-34295 -9891
-14631 -5256
-30266 -1695
-13551 4068
-41237 -14181
-27217 1183
-3670 7578
-20719 -14236
-12336 -617
-5680 8126
-5300 5136
-23082 -5685
-35393 -12878
2149 12863
-9963 6780
-18129 9387
-8948 6946
-19356 -15104
2501 15791
-15937 4431
-10405 3439
-24425 -3886
-17816 14860
-1804 5168
-25183 6647
8599 11005
-10150 11273
-13552 4736
-19934 -9109
-24628 -7750
839 4275
-5853 -2397
41
-11224 -802
-30427 -8373
-15796 1788
-2776 10661
-35470 -5368
-35589 -3821
-2352 13765
-36908 -4745
-24621 -13247
1845 2949
-33151 -9998
-25161 -7560
-27973 3844
-293 12803
13465 14322
-2082 -885
-3153 16212
-20093 4499
-16540 12536
6889 7288
-22465 -8909
-19116 2910
2619 6009
-28411 -7574
-36847 -15572
-13564 -12494
-118 8882
-9230 4209
-16684 7370
-30758 1536
-32054 -5088
-16643 -767
-10676 -4833
-16470 3165
-21881 -506
-14074 5490
8267 9534
11998 15621
-17830 -3605
-24965 -3970
-14155 -13631
50
-14381 9962
-11929 556
-16597 11629
-38657 -10550
-5928 501
-15402 -1246
-24521 4637
-29000 -6327
-23797 8537
-35838 -9732
-40691 -16164
-6227 12188
-22406 -327
-18339 10871
-16478 4168
-2698 4169
-1154 -1077
-17881 -16125
-7366 1361
-4741 10954
-36665 -7461
1903 16195
-33174 -1090
-38153 -12786
-3761 14152
-6890 -6000
-20202 7846
-7953 13046
-33693 -10747
-40754 -14730
10867 12536
-13250 2264
-38494 -6630
-23785 7478
2820 9716
-23155 -11776
-5387 6433
320 12354
1696 2479
-27822 4138
-12646 15305
-12436 -10555
-14743 14739
-42025 -16119
285 5718
-36215 -8168
-29994 -4899
5940 10947
-12452 7455
-19879 -14259
42
1795 16244
-6636 5921
-46106 -14195
4741 12606
-27619 -1343
-21863 6844
-24583 -12263
-19050 -4352
-26265 6467
-9879 12122
-39350 -6611
-16518 4152
-19517 -9005
-1414 9882
-30075 -3499
-17103 2502
-17373 14924
12883 15677
-34462 -16290
-15031 -2323
-7799 8208
-21495 5544
-42321 -12580
-32288 -9259
-31990 -13180
-48315 -15770
2883 11685
-34139 -2038
-13882 13455
-37318 -8029
-10485 -5036
7894 10490
-32016 -1505
-38990 -15695
-3327 6343
-28862 -9094
-17973 -3420
6402 10887
-18641 -12894
-22457 4930
4522 15763
-15344 5181
48
-15184 -2021
-17227 -6247
-34202 -13577
-7849 -7360
-3258 7742
-12802 16275
-33755 -5238
-12123 -5739
-16059 -7280
-42471 -12226
-20380 -5469
-36723 -6882
-50 15994
-4310 4164
-5526 10546
-23908 7006
-20272 -6762
-11609 -10206
-4271 6303
-14162 1516
-9971 1079
-7343 15016
-38912 -10430
-14609 -11534
4629 16095
-17600 11644
4913 7403
-14884 13744
-9142 1992
-28202 407
-18579 -2212
-19390 1786
-20263 -15524
-8758 11207
-10998 -10550
2364 13749
-11323 15548
-18658 -8917
-26574 -5536
-14791 1887
-6689 -5571
-34518 -5189
-29988 -13125
-18189 10372
-18746 486
-23410 2749
-31020 111
-649 3401
17
-19527 -14583
-27247 4624
-19730 5330
-20370 8643
-21789 1992
-27786 -9121
-16142 -13292
-32942 -13438
-20561 5488
-25676 1741
-18250 12183
-34922 -6158
-22660 -3335
-23908 -15090
-19167 -3660
-20650 9530
-25286 -3904
36
-19614 -2870
-9600 3523
-3959 -117
-47444 -15457
-10734 2794
-2998 -2425
-12578 -189
-30778 -13734
-26294 -8943
-8971 -4591
-37309 -13645
-6497 14242
-8878 12145
-5361 14115
-4692 -70
-21078 1331
5186 7855
-27275 -12138
-28970 -1818
-8020 -4321
13314 15463
-2735 -2605
-14253 -11781
-8518 7243
-6067 -1113
-30687 -4262
6020 15475
-15304 5872
-31576 -4753
12722 13118
4761 9208
3290 5403
-18833 -13000
-33248 -10841
-17773 8940
-2649 4398
30
7509 9891
-8553 -6792
-30907 -1631
-32886 -11411
-6348 5944
-31408 -5519
-14163 3549
-32673 -10538
-21400 -6252
-47198 -14646
-2797 14618
-13376 4907
-10970 12643
-35978 -5476
3509 15687
-12065 13016
-12745 4984
-56 5190
1377 15543
-33537 -7218
-36114 -5049
-14685 -8468
-13706 15522
-27278 -4606
-18634 9324
-32992 -7949
4323 14245
-11877 -9747
-28287 2338
-34967 -9594
12
-17138 9240
-17581 12831
-25117 -11786
-19958 9562
-10328 10755
-10748 10612
-9263 10400
-23859 -8846
-2873 8620
-17267 -10812
-23945 -1114
-20198 -12158
-1