1
-22666 -3864
21
4388 9203
-20605 8589
-9641 7780
-17617 1631
-14568 10328
-27880 3034
-28544 -6695
4008 11260
-9010 891
-6249 -4201
-5386 1342
-18440 -11180
-9423 -843
-28338 -11273
-23411 -5528
-26216 -3867
-14466 -12680
-11425 -5149
-12949 11393
-26162 1824
-23231 1732
16
-31688 -10051
-21864 -6268
-35450 -4808
-2083 16221
-8548 5218
-41846 -11858
-14589 -272
3324 12546
-1410 4327
-13423 1958
-21797 7696
-26377 -10312
-23875 -13659
-640 385
-9866 -7087
-17558 1029
30
-40007 -12401
-12911 12705
-24040 1609
-36710 -5834
-8006 16127
-6712 -1894
-28504 -11401
-27412 869
-17726 -9042
-15276 2062
-32185 -10378
-20516 -13904
-2958 -925
-11012 1806
-19200 -12568
985 8916
6082 10174
-15016 8480
14128 16005
-23003 7744
-26635 -2386
-2351 8894
-5757 -3176
-28463 -1895
-3168 14329
-20321 -6698
-16137 -11136
-35653 -4041
-26968 -5703
-28213 3659
38
-12619 -1957
-25543 -8687
-37078 -14949
3992 4934
-1333 7921
-19542 -1467
-13796 13745
-3695 553
-16430 15869
-2519 11582
-14303 -7531
-21547 -15504
8465 10991
-15021 2307
-17461 1931
-22135 -12924
-31001 -1919
-28585 -6401
-3651 604
-24476 -4750
-34630 -6870
-41485 -13694
-30039 -13868
-17747 -3731
-26872 -9812
-27018 -11456
-27309 -3003
-32455 -7350
-10919 -2169
3517 16336
-38773 -12798
-31376 -11518
-2998 14211
-12999 46
-17098 -27
-13496 12596
-17533 6186
-25113 -10182
33
-31768 -633
-5616 1626
-10665 10380
-29999 -30
-19795 -8103
-4175 2345
-2204 -1873
-8824 12457
-26986 -2695
4533 10302
-14585 6924
-33880 -2168
-30149 -11347
-3208 11664
-26752 3667
-33422 -10834
-17404 -1361
10919 13226
-16415 -14742
-22916 2849
-8148 16302
-32451 -2518
-4599 231
-14421 3898
-23879 2507
-34936 -3515
-18263 -5736
-40655 -9946
-9852 -8548
-31196 -10431
-3774 3835
-31594 -1945
-2505 16045
36
-32712 -6403
-3245 12451
-19283 -14682
-19625 -9805
-12370 12813
-21402 7666
-17534 -8201
-30841 1398
-17951 3398
-38727 -13998
-30906 -1588
-21306 -10483
1851 10081
-2035 10323
-13908 3891
-39333 -15637
-18121 -16034
-21584 -2839
-15751 8893
-2532 8485
-15265 15615
-8064 12267
-26245 -11011
-14737 -2060
2637 15178
-14100 13205
-1896 2828
-11189 -10697
-27731 -13557
-35085 -10745
-6719 9480
-9929 15855
2617 10064
-23006 7108
-41734 -15215
-19127 7873
49
-26369 -11470
-28332 -2915
6275 14585
-11938 1873
-23352 3817
-4414 10271
-2063 13679
-16587 -12936
-19473 -468
1700 15003
-40307 -12298
-34882 -7240
-34172 -13281
-40564 -8875
-34420 -9990
-26119 -9486
9066 13724
-19102 232
-2565 -1312
-25810 3479
-7601 11694
1880 7616
-42320 -14724
2302 4144
-14923 -11756
-29196 -13153
-6573 3992
-29870 -3625
-14100 12228
-11511 12057
-15010 6516
-22935 -13124
-23019 -10394
5564 10263
1049 4928
-17202 9889
-38880 -15915
-37758 -7081
-16228 -7004
-11938 8542
-17203 1185
10015 13034
-25392 -13767
-30394 -1186
-31058 -10608
-3928 11701
-36755 -15859
-37375 -8160
-20703 -7144
18
-18353 -16272
-31631 -13017
-23178 -9893
-27931 -1138
5214 14156
-40750 -13029
-21637 -14635
-21309 3078
-23006 -6657
-9942 -9794
10965 11742
-35533 -6877
-25956 -1432
-31088 -12043
-22195 9351
-39856 -8564
3808 8812
-3414 12490
35
-23268 8298
-18160 -5245
-27012 2150
-7579 -4036
-31887 -12343
-1144 6004
-3480 9361
-26422 5571
-14148 11194
-37679 -8041
-31550 -3140
-11481 -11050
-25377 -4010
10190 12484
-27758 -7286
-33848 -6874
-12150 -10263
-18765 424
-12625 4112
-19125 -16260
-20675 3955
-2810 -2748
-15932 8281
-9061 -7374
-28343 -1240
12697 15981
-31160 -3357
-13579 -9033
-21041 -13583
-28523 -9906
-19067 6688
-10267 12303
-21313 -8471
-21143 5089
6801 10486
39
-4822 10506
-25456 -15607
6751 10653
-31293 -5398
-6654 -2594
-7693 15919
-6417 -4809
-9364 -4418
-9641 -7958
-8876 -5899
-4857 14941
-22663 -13156
-37439 -9292
-27872 -3561
-18296 -4443
-42788 -12320
-21779 5512
-22697 -11211
-3738 12974
-9439 1806
-619 14836
-22650 2130
-35421 -16232
91 15946
-4988 16203
-27443 -14250
13137 14983
-21709 2527
-27758 -15070
-21030 -7796
-15725 4388
-18212 -8007
-8788 726
-1813 5925
-16485 -1509
-21729 -14614
-33077 -14845
3535 5299
-6996 -2402
23
-2870 13783
-7577 4884
-6419 4300
-31876 -14903
-7850 2802
-29864 2633
-18622 14044
-17020 -678
-11507 14885
-18984 10518
-32308 -7082
-28535 -3345
-9257 11529
5946 10993
-9633 -8881
775 8263
-22027 -6064
-40035 -8447
-13791 14129
-17596 -1260
-30224 -5061
-8207 3234
-36475 -7879
30
-21756 -12252
-27497 -900
-2313 13293
-33778 -11609
-13955 13675
-16227 -10581
-11526 6603
-20927 -8902
-25637 -3460
-11960 -11427
-10397 -6685
-8285 -4926
-26749 -4015
2866 3159
-20064 12594
3351 6936
-23444 6279
-17917 -16092
-12625 2198
-4210 13591
-14564 16351
-21894 5524
-23265 8019
-27123 289
2731 8385
-39842 -8136
-16626 4497
-16475 5530
-21826 -6732
-23413 2279
27
-36026 -3407
1549 2547
-12511 1628
-9294 8274
-14226 239
-37348 -11321
-35139 -14383
-16410 157
-27659 -15807
4265 13727
-14624 -12299
-1020 -40
-17728 4865
-12870 9117
-27688 4347
-25926 -6450
-12028 -4259
-20693 -12200
-21951 -12502
-7801 254
-955 3029
-9565 2394
-12024 -7842
-40258 -7906
5464 15806
-15463 -7264
-29848 -15995
18
-36265 -6632
-36538 -5790
-21083 -9529
-6859 4661
-6931 9033
3410 15753
-12938 9027
-5720 5206
3106 13442
-29022 -3861
-39621 -14611
-11427 7810
-8891 15544
-1802 14102
-25907 -10533
-25890 4985
-42697 -14909
-18397 417
5
-16267 13750
-17246 -12418
-10792 15482
2958 11419
-7705 -2672
28
-30005 807
-14182 5944
-31460 -462
-9853 2749
-43525 -15324
9180 9731
3454 12888
-18211 4430
-13550 5180
-9250 -8793
-9906 15947
-856 6005
-34112 -10949
-38204 -6323
-18496 5495
4558 13579
-703 11983
-28990 290
-9061 2158
-37302 -6096
-17308 269
-7145 1238
-13768 -153
-13530 9158
-33398 -6419
-16616 -483
-33926 -15174
-24963 -4620
49
-13317 -8917
-21594 -13557
-32021 -11891
-17845 -1748
-21389 -8767
-22513 -6759
1069 4656
-1065 16305
-21883 4538
-12289 -274
14160 14936
-34443 -3920
-26283 -16129
-40001 -11460
-44318 -15160
-19948 8708
-23719 7503
-19097 -2263
-21057 -6056
-14473 9790
-21421 6841
-25888 -2993
-16108 6260
4139 4385
-3239 6179
8162 13756
-38308 -10855
-5739 3111
-35633 -10298
-34826 -15245
-37531 -12837
-13855 -1286
-29591 -14417
-20364 -11287
-18870 -12959
-28141 -4100
-10450 6720
-23931 7817
-9350 -281
-24582 -3904
-10897 11948
-23262 4657
-8272 -964
-24521 2703
-45869 -13953
-33006 -13133
-19464 11970
8249 14051
-5554 7444
25
-12424 3943
-35242 -14780
-29294 -4178
-6741 15867
-12448 -5838
64 5460
12182 12212
-12573 9271
-9743 4472
-25678 6943
11780 13302
-21650 -14991
-15601 2258
-41017 -14835
-25399 3854
-27985 546
-7885 13439
-1367 11846
-8348 -5251
-6119 12742
-18590 -14113
-21614 -11206
-3355 15911
-35539 -5795
-41165 -15367
10
-5762 12879
-16642 -12054
-27014 -12689
-1591 1322
-40701 -12884
-24304 -4083
-19797 6222
-19078 11968
12242 15505
-28446 1533
37
-15164 9972
-16056 2889
-41560 -16250
-18290 -12199
-3010 10620
-14858 9388
5162 5717
-17713 -1335
-14918 -1802
-3495 6132
-11593 9703
-17127 772
-29648 -9793
-10977 -10897
-7857 13021
-21664 8871
-26842 -3239
-8704 -5719
-3713 7994
-22620 -15150
-25423 -13590
-26682 -13323
10344 11751
-39940 -9044
-40071 -12870
8782 15595
-38731 -10963
-17273 -13349
-21324 -5191
-4991 13541
-9049 8510
-28296 -9972
-41431 -15881
-20903 -7551
-16373 9900
-7918 13937
-37844 -10967
10
-28334 -10687
-32142 -9553
6765 13975
-14058 6276
-27560 -12997
1412 8366
-6886 16273
-10087 -6550
-27891 -11691
-45589 -14112
32
-42645 -13644
-4363 11513
-5396 1859
4982 6366
1617 6435
-22553 1113
8023 13528
-39311 -11736
11750 11823
-10578 10406
-13603 13172
-12042 9886
-45597 -14106
-30028 -9635
-17349 6248
-1100 12043
-10098 -5767
-37772 -15301
-23617 -10906
-33424 -7232
-24900 3006
-2185 2498
7498 15111
-19206 13074
-34347 -3665
-35751 -6725
-1464 2886
-7369 10202
-18992 -534
-19771 -10065
-13384 7170
1303 8179
11
-1132 8959
-9605 9209
-13671 7512
-8386 -6879
-7345 3285
-398 14166
-14452 -4306
-12495 1988
429 10624
-17089 -6146
-8667 -1365
28
-18572 -7061
-25520 2799
-11649 7550
-17879 -937
-3852 3260
-24425 6583
-10811 -11
-15706 9605
-5907 1148
-30539 1997
6723 13275
-13883 8324
9540 14532
-21049 5146
1512 8267
-46869 -14770
-37264 -13485
-16395 -2234
3636 5190
-14967 14047
-1672 -758
-16260 8770
-32202 -1744
-5341 8120
-11790 10350
-17500 3263
5258 5455
-6839 4701
13
-19341 2086
-3427 4332
-12773 -1807
-13391 12601
-18614 -8411
-6712 392
-14053 -12468
2398 9308
-5520 13988
-32036 -9101
-4737 13950
-37717 -7348
-21917 -12572
13
-12755 10922
-19190 -2603
-32012 -3926
-27779 -11318
-14309 15157
-32327 -11319
-17677 2549
-6129 -5416
-5405 13143
-9804 9465
-11968 13957
-13556 9913
-17899 -5739
26
-11253 -5111
-21811 10765
4270 13826
-3850 14473
-3138 15339
-1802 15995
-28768 259
-5409 14762
-40074 -10508
2407 7112
-39375 -7008
5498 10068
1691 2589
-12598 5055
-20368 -14850
8542 15566
-6553 -43
-28642 -7873
-32447 -9226
-5011 13487
-23585 -899
-38226 -14149
-35760 -11374
-23587 4454
-22051 -5397
-27625 2234
21
-28990 1140
-43368 -12415
-32887 -9760
-14298 -493
8388 11758
-23501 -6166
10776 11226
-8187 4685
-16512 1079
-6140 15498
-25306 -13340
-22008 -10614
-35801 -14532
-42836 -14936
-14229 -2675
-18534 -5181
-24716 -3893
-16162 9362
-12242 -2682
-3274 11576
-15430 10010
11
-21354 -12101
-21000 11490
-23224 9350
-15524 -3989
-26065 -13805
-34131 -6449
-6997 -2977
-17740 -5244
-34733 -4045
-24992 -2999
9745 14574
25
-11980 -9289
-16045 13916
-9015 -3697
-31932 -9861
-13887 15781
-7332 15164
-15117 -10460
-34395 -13003
-12457 -6530
-17576 -2422
-10155 -8192
-39005 -15592
-28391 -13141
-2689 4851
-14117 5439
-11650 -8685
-24008 920
-15719 -8118
-36483 -4547
-20221 -16007
-27655 -15817
-15878 3588
-28599 -8417
-2670 4995
-12371 -1669
5
-11544 2610
-22742 -2315
-17192 -2123
-11138 2600
-21499 -1042
27
-8172 10707
-8566 11996
-11362 -9416
-21003 2669
11926 16253
-39256 -9354
-35136 -8858
-17142 7941
-30661 -9328
-26974 -1360
-7860 10080
13419 15145
-24783 2105
5661 8467
-33803 -3342
-6525 -4076
7480 12679
-16182 -3028
1028 13070
-24882 -3771
-4707 6125
-16275 12555
-35504 -12725
-9260 8957
-14528 -11580
-39211 -15676
-19395 -5791
16
3278 12180
840 11321
-8355 -7926
-6649 2539
5570 10838
-287 11535
-15644 6807
-28065 -7093
-16877 -3771
-27425 -15493
-27361 -329
-21212 10323
-23710 -4632
-31769 -3514
-41515 -9350
-3996 -3673
25
10192 14814
-9029 34
-1844 15561
-27242 -8828
-21341 -10649
12694 15246
-11919 -8941
-24537 8078
-14712 -8779
-44103 -15403
-37305 -9158
-32247 -1082
-3873 -1983
-649 7724
-40910 -13801
-34987 -5679
-29546 3046
-1228 6220
-9557 -7383
-3274 4890
-38357 -8605
-31392 -272
-8776 -1263
-26137 4432
-27731 -14371
7
-27960 -13861
-26046 5927
-13093 564
-22572 -8542
1295 7595
-27495 -8151
-47525 -15967
14
-9742 -6377
-30461 -10312
-9455 -306
-21057 -2061
-30310 -8450
-6178 3479
6793 8794
-30523 1554
734 2006
2526 12049
-14362 6840
-8337 16186
-5998 8434
-21400 -10466
43
-31353 -11281
-16111 10044
1339 9878
802 8682
-22905 -1788
-2272 15743
-5901 -640
-19659 -15095
622 4904
-162 10571
-3738 3709
-2050 11618
-19495 -5342
-33426 -14679
-19617 -13599
137 13273
-35269 -6673
-17340 3957
-23181 -12175
-37836 -7835
-2093 14654
-28636 -3104
-28148 1511
-13143 -4208
-5196 -4107
-1882 753
-13982 1905
-6169 6395
-9285 16042
-32085 -7424
-27778 -7374
-17864 14807
-17766 10282
-5527 6714
-7624 9663
-18372 -16275
-18990 -3595
-668 10016
-15558 13988
-12068 -4713
-14414 -5953
-17295 -5880
-28166 1244
41
-16129 -2577
4860 11157
-26740 -9497
-30045 -9829
-11619 4547
-21997 -1434
-13268 436
-10347 -8737
-17086 8689
-18166 7696
-15539 3849
-7236 -223
-29080 2680
-720 2951
2227 6265
-25360 -16264
-14692 12316
-16541 -8542
4145 12696
6550 13084
-11403 5858
-25070 -4963
-12375 4735
-32090 -12052
-13920 4246
-26821 -6505
-26355 -12727
-16987 -6424
-8490 -1211
-11666 3093
-19360 6552
-10582 4023
-23581 4036
-21818 -4739
-17995 8465
10843 15906
-33120 -16345
-1803 16028
-21715 -4133
-12304 -10345
-7175 9802
9
-19002 -9239
-18301 -10455
-26319 -9349
-24249 -3994
-31194 1474
-14157 13882
5650 7966
-11765 -102
-18222 8906
23
-19312 -16236
-30531 -15688
-27554 3789
-31400 -5262
-25839 4296
-15125 14644
-14173 -8938
-12359 6467
-19466 -442
9272 14001
933 9488
-35234 -8657
-22571 -13613
-18448 -11230
-23293 -10174
-17961 -12039
-16428 9305
-18836 6077
-9750 -8297
-27448 -9495
-12373 16231
-19176 -7299
-22758 -545
38
-26945 -10134
-20880 -7665
3817 4405
-15750 -12433
-26997 4874
-18222 -6662
-7620 11573
-25302 -1055
-24150 -9980
-26827 -11373
-30541 -8173
-17346 5160
11633 14284
-8779 8448
-13490 13871
-6980 5287
-1267 975
-13634 -7428
-36897 -4323
-16648 -6509
-13965 1257
-30451 -8873
2821 4646
-18282 6260
-14482 -3346
-20048 -7308
-28110 -11578
-22902 -6489
-47724 -15838
-29184 2249
-21083 -15060
-22757 5087
10320 16321
6572 8546
-13714 -7492
-15398 4511
-26152 -392
-15184 4702
24
-1696 12833
-28115 -6891
-23484 -10573
13095 15641
-18520 -13926
-27392 -2774
-30071 -15128
-22726 -4066
-37627 -9415
-15557 14210
-12261 -10847
-28010 -5841
-8569 11747
-4511 8990
-10610 -1820
-30843 -7810
-35635 -10913
-22522 771
-16374 13017
-8865 -6272
-31227 1240
-9271 -9032
-9915 13904
-38255 -12942
38
-21847 -11917
-20939 -660
-23579 2996
-6951 -5827
-23736 -3437
-19557 -12093
8875 16009
-24150 -19
-27297 -6226
-31911 -7884
-37702 -5411
-23770 3036
-30301 -5614
-16437 1911
11052 11286
-37040 -5972
-5607 16223
-2281 11062
-44688 -15311
-22283 -4817
-23533 8714
-10953 -4209
-8381 11325
-7751 -16
-30151 -1571
5619 12180
-7504 -2852
-21494 -1112
-35204 -7052
-18718 -13622
-17900 -2362
-37589 -7222
-21468 3522
-38545 -15955
-27109 -11450
-37078 -5896
-34366 -10102
-15150 8747
11
-46225 -14087
-19522 -13661
-2169 -1110
-45827 -13292
-33099 -1853
-23243 -2056
-7924 -2308
-18041 -9750
-6865 -2318
-38357 -12147
-35422 -4485
16
-19706 12603
-32360 -10466
-16523 9435
-2423 11678
-12982 13643
-11430 4166
-34931 -11630
-28203 -12050
-16179 -13352
-10385 7064
-855 11720
-21671 -6158
-18838 -8136
4502 9251
-23412 -14580
-25857 -829
39
-13600 -3830
522 11213
-16756 -13957
-41665 -9101
-15723 1598
-25130 -3458
-1431 13922
-20677 8349
-17047 9779
14421 15005
-24008 5646
-32426 -15649
-27897 -11405
-21880 -5110
-17685 -6052
-31718 -7427
-25561 -11059
-10501 -2808
-24699 1709
-37220 -6565
-4969 980
-19508 3262
-9448 -1435
-22398 643
-13009 11102
-27476 1465
-15674 -7315
-19453 -10333
-2598 -2554
-19239 12393
-12348 -4430
-10267 6924
-30829 -4950
-32481 -12897
-18093 -9052
-30335 -11851
-14748 1261
-24097 4374
-12603 6072
22
-48056 -15363
-34710 -5040
5116 12001
-16481 2411
8728 14790
-26153 -3864
1747 12030
-14491 6464
-24666 -8340
13 13832
-15139 -11291
-10997 5235
-17363 11740
-18388 8471
-1986 -1217
-18471 -1292
-19141 412
38 14258
-32152 -15224
12518 15658
-14164 -13503
-26438 -11224
42
-19709 -13455
-7330 13140
-20657 6476
-5243 4742
-7694 -6781
-34206 -2978
-25637 -2490
-21287 -7767
-13927 13548
-32647 -1633
-6739 -374
-10166 -6379
-23590 -7483
666 13811
-23183 -15132
4051 7399
1703 4906
-13751 3931
-27424 2146
7942 11173
-509 11195
-14433 -9858
-14139 726
1281 11446
-6655 10782
-17598 -8154
-21764 -14504
-16783 -795
1217 2682
-24473 447
-19347 12481
-12395 7906
-7046 15870
-10538 -9765
-39148 -8143
3644 11713
-4758 12632
-29468 -1104
-30725 -13431
-21564 -8327
-16410 -7361
-5766 15512
4
-21680 694
-29342 -10165
-20981 -869
-33742 -10107
30
-28989 2248
-18661 -12650
-14173 -5445
-7542 -2080
-9530 -5822
-8505 2563
-37422 -13348
-26085 2183
-6459 13148
-13846 9463
4803 14559
-2800 -2688
-31764 -1791
-18651 -1605
-37077 -8367
-29484 -7738
-42242 -14846
-34518 -13415
-4272 15843
-11294 -5481
-18875 4753
-28484 -12956
-25080 -8470
-12347 13815
-29791 -14906
1709 14320
-12612 8930
-27883 4395
-14719 -14307
-31264 -3947
21
-35766 -11385
-32309 -6208
-27548 5139
-26831 -13718
-20160 2239
15793 16324
-14179 8126
-10372 1342
-34659 -13155
-36276 -13718
-20648 -10202
-3205 8195
-18580 -6267
-30450 -10193
-20087 -343
-4153 15361
-29943 493
7734 14914
-32394 -1288
-6968 -3215
-15582 9441
50
-20322 -3020
230 1766
-30003 -10931
-18377 9935
-18066 4046
-3348 2111
-21185 11196
-18377 6007
15223 15480
-16504 -3834
-11371 8757
-43804 -12573
-31179 -81
-27091 -13383
11480 14363
-9863 -3966
696 2393
-29604 -16297
-356 5745
-9153 13958
-16993 -2499
-34902 -5402
-12535 6755
-18285 -12185
-20200 8839
-30794 -15891
-12587 -4162
-14114 -11937
-12576 3141
-24523 3322
838 15219
-8038 12012
-46520 -14868
-36119 -5346
-20429 -10728
-31150 -12463
-24020 -1837
-9820 -5780
514 5734
-4703 10260
-5380 -2122
-4022 10622
-2133 11196
-20175 -4991
-10057 -7883
-4404 6128
-29516 2203
-45891 -13274
-30485 -11693
-15572 13026
14
-1886 -1545
-16048 10823
-17462 -9149
-11439 13565
1084 13281
7479 13221
-12725 -7254
-27547 1405
-31507 -10401
6668 7156
-23217 -3953
-17609 -4431
-158 15034
-35360 -3881
18
-25659 -14516
-5318 6283
-234 8381
-19749 -1004
4054 12472
-13816 -7647
6229 15429
-7659 15642
-29403 -2244
-28510 -325
-28312 -1702
-35221 -10809
-11229 2453
-30959 -3077
5771 13229
-15890 -4031
-21675 -9212
-21527 6439
5
-17638 -14680
-19833 12627
-39973 -14974
-9151 855
-11837 8159
9
-24917 -15175
-14333 14220
2699 7009
5511 10297
-12251 14741
1856 9732
-651 12361
-28785 -14696
-20357 10417
28
11954 15109
4096 9425
2294 15447
-17736 -14110
-16743 3039
-8169 12279
-5466 8741
-13832 11369
-20403 9977
-27774 -985
-10640 -9129
8506 10933
57 12430
-25070 -11147
4775 15265
3449 12070
-10468 11246
-32152 -1110
-38160 -6643
-29830 -15092
-29695 -9221
-7180 4289
-11711 -8328
-34344 -7122
-6587 -3155
-42762 -15509
-15140 -7662
2811 3399
9
7792 14075
-10964 7181
-39415 -9076
-27094 -151
-31590 -15532
-32755 -437
-16732 1706
-22572 -9786
-7785 5212
17
-12082 6231
-13754 -6041
-23755 2287
-12515 -3028
-38013 -8788
-32559 -9939
-12880 6416
-28249 2465
-3958 -2158
-10916 9049
-4028 -4028
-14277 5517
7687 10419
-13522 -11301
-25473 -8177
9418 14989
-5777 5516
9
-15691 -3909
-34340 -13877
-26894 -3106
-20232 -1176
-7362 -2154
-11660 14511
-4582 11925
-36495 -4067
-16364 -11691
14
-38937 -9305
-25245 -8910
-9632 -8559
-32298 -13161
-27133 158
-4285 -3107
-29367 1618
-2436 15933
-18948 -13246
-29180 -15971
-24258 4379
-5468 -1871
6305 8421
-31494 -6041
17
-16171 13654
-18455 6265
-1157 8958
4236 8891
-17304 -4551
-13928 6937
-30676 -5058
-31593 -8534
-14050 12790
-24798 -3640
-4559 -4173
-14281 -9881
10942 13599
-16766 7846
10074 12659
1969 12452
-35937 -15383
27
-18590 -6188
-19619 10097
-32748 -13120
-2993 7689
-35663 -4672
-24827 -5386
-19454 -4502
-11489 -3806
-18144 169
-18703 -6552
-15490 8893
8213 8626
-15361 -381
-5897 5214
-41214 -12809
-31891 -3353
-27791 -5897
-42948 -12095
-26922 -8118
946 13188
-35227 -13856
-32974 -7859
3345 8795
-14397 -4511
-8549 -6193
-28255 -12780
-39010 -11834
36
1944 4639
-12822 6116
-8758 11106
-29238 -13467
-13868 6485
-15257 -4191
-6683 14520
-30225 -3463
-25571 -5497
-20984 -7703
-3616 -1329
-8796 10626
-9183 -5695
-26164 -15334
-37712 -13564
-12430 13762
10391 12112
-8128 -7688
-43176 -13255
-5012 4638
-25781 -10680
-21117 -16341
-23832 -16048
-19908 -1631
-15592 -9473
-13499 -4417
-13691 -3148
-1769 503
-8727 2448
-21822 -5214
-21152 10704
-25149 -14861
-11593 -934
-20790 5417
10428 11669
-5225 8201
12
-28057 -270
5081 14033
-966 12558
-22535 -4516
-12677 -2337
-27024 -15135
-20334 -477
-13188 14514
-10185 12139
19 11153
-28289 -11230
-34707 -10032
27
-25814 -11808
-16233 13088
-4374 13839
-17606 7711
-7502 15916
1421 12889
-29112 -8707
-14841 -2594
-24470 -7867
-26142 -12110
-9052 7996
-32406 -1060
-5611 572
-23221 -6470
-15546 14269
-15137 1687
5885 7299
-25209 -15233
-5627 14614
-25871 -686
-13821 -7565
-24468 -14312
-40635 -11519
-17607 -2412
-17516 -12346
-29222 1052
3071 11739
46
-10710 -7610
-28088 -14225
-16577 -11164
-21163 -13457
-13702 -6155
-5060 -1640
-13015 16175
-1726 4481
-15833 -4881
6300 6522
-27153 -5193
-11000 11958
-18525 1522
-26278 -12368
-215 4992
-14586 9671
-2003 12398
-9798 4651
-24001 -12027
-22553 509
-18985 -10489
-44973 -12878
-405 3125
-6999 10169
-9857 9748
-40696 -8611
-5451 14065
-32617 -2836
5337 12323
-33010 -10215
-14347 -9840
-10418 12703
-19357 -7565
3817 7975
-36139 -4260
-24902 -12180
-20115 -13960
-30610 -12131
-2613 4882
-22248 -253
1049 9562
-10048 -1309
-1248 -1179
-6411 1702
-19112 -12682
1110 9783
16
-13342 2190
-5720 4994
-29749 -1804
-30518 -7112
5969 6738
-19892 -8167
-20140 -10637
-10071 9590
-17213 -10904
-18766 -4871
-28830 -6603
-18217 -10255
-23136 -8246
-12423 -1813
1892 3637
-34248 -13694
5
-13887 4664
-7201 -5072
-37129 -12805
-4802 13640
-27236 -1527
10
-11572 -11056
-21911 4314
-31449 -12526
4093 10338
-28960 -809
-28849 -13465
751 15538
-23673 8488
-30142 -6925
-19057 -12141
37
-27089 4490
-27801 -15623
-18409 -6301
-22701 4335
10219 10695
-25914 2639
-6128 -3566
-17960 261
-28720 -997
5292 16188
-7445 4118
-11389 -8087
-47575 -15431
-12341 15244
-24351 -10594
-32211 -15693
-17517 11753
-10846 -1089
11123 13098
-4227 -2454
-9477 6789
-33663 -7287
-16521 -11248
4845 12687
-13412 11388
-18037 -11693
-20719 -7944
-23612 3603
-3325 10834
-19794 1976
-31819 863
-13541 -10661
-18674 11934
-28499 -10231
-8151 16152
5596 8643
-24 10378
23
-31504 -8267
14126 14406
-37371 -9637
-15080 -3511
-33659 -11032
-10456 4676
-16642 4820
221 15242
-1672 14132
-8454 14337
-21695 -9680
-13357 -9935
-6716 4791
-4967 -4198
-15277 -14222
-38988 -13237
-11015 -7690
-27640 176
-15798 9021
-36532 -12116
-29131 -12201
-18089 2791
-21041 -6051
44
-11183 8439
-13800 -2432
-9854 447
-19253 -8663
-26186 1353
-34264 -3448
-12869 -467
-35869 -3699
-13494 9597
-47105 -14978
-24806 -6838
-44182 -15462
-13331 11369
-7805 15869
-16731 12150
-16209 -4925
1873 15130
-15385 -3472
-6343 -1142
-16052 -112
-15371 -8880
-25167 -9830
-28806 -5298
-35538 -14054
-19158 -12800
-3917 13071
-25629 -12287
-10093 -7790
-13039 3025
-3051 16313
-12100 9941
-14842 3259
-12647 15775
-18871 -13739
-31715 -6800
-18331 -5524
-24700 -6405
-236 -13
4078 5740
-13094 -2289
-9629 -4951
-3701 6265
-31766 -14888
-31516 -9179
29
-1683 2189
-23717 8463
-27295 -6625
-2203 2163
-34352 -6971
-7136 13977
-5080 -2515
-17663 -7469
-21004 1358
-11686 4585
-27482 4185
-9295 8113
4713 7916
-19702 1759
-32782 -6007
-35010 -9441
-2226 16200
-17596 10593
4018 4808
8324 12916
-13744 8043
10794 13271
30 7619
6510 13004
-24402 1607
-23827 -595
4604 15691
-13067 -10365
312 15151
3
-18898 -1277
-34951 -12234
-30909 -12389
22
-28886 -2750
-4108 12797
-1770 2530
-20523 -12957
-6311 -4754
-12691 1791
-8459 2075
-8875 8651
1744 5846
1809 13629
-29187 -1833
-22565 1910
-29935 -1160
-22665 -10308
-23435 6216
-7165 11562
-11856 -9893
-33338 -602
-31302 -10267
-44034 -16108
-28082 2311
-32077 -15159
5
-6799 -1869
-21069 -7749
-18604 -1174
-44609 -16239
-17595 -15506
37
-410 7025
-29674 1572
-9776 -6684
-37352 -9438
-14989 11860
-28472 -11348
-9455 10660
-3989 12518
-20053 12362
-10093 3594
-11821 12126
-34072 -1515
766 12272
-22787 -9791
-15919 -5985
-3298 9652
-20624 3431
-23010 -9993
-13867 -11845
-19926 9129
-17131 -12076
4251 13813
-25159 -12216
-12611 14145
-9203 4318
7082 15784
-16279 8609
-22764 -9813
-16245 -5837
-24301 2595
-33313 -9884
11005 11386
-17198 259
2349 15643
-23259 -4107
-6696 -985
6964 8579
16
-2921 5518
3097 7845
-21103 -13828
-11828 -7080
-12006 -5388
-22569 322
9032 9665
-9872 9877
-7309 7100
3895 7196
-40502 -13386
4427 5316
-11810 10902
-20903 11356
-5575 12099
-10329 -3431
23
-12927 13533
-14452 -6862
-33692 -14181
-6143 -4193
-23804 -11725
-20913 -15169
-12368 -7572
-22623 -336
-5791 120
-39078 -9377
14104 16332
-14107 8443
-20446 -6097
-15735 9897
-39569 -7151
-26317 -10887
-11295 -5857
-15029 13720
-4199 3860
-10110 -9272
-18358 -14126
-19296 -13554
-22905 -3151
34
-13763 -1197
-24905 -4350
-19728 -3784
-24950 3342
-44230 -11847
-10761 -4750
-31373 -3918
-1898 1143
-11143 -3235
-2388 9427
-19139 -7493
-31938 -15060
-17064 15670
-231 16088
-39277 -13436
-10005 -5657
-4223 15566
-3507 14947
-38648 -12782
-26155 -15658
-32525 198
-21976 -16371
6530 9406
-8699 4636
-16903 14671
-38565 -14686
-31693 -5707
-6317 6222
-5328 10418
-21146 1954
-14686 12152
-27799 -3849
-14460 -7223
-16228 -15422
39
-34649 -2117
-12586 -3751
-17174 -11182
-22715 2896
-12518 14515
1949 10241
-30611 -6241
-6305 13665
-27427 -824
-28973 -9258
-24714 3046
9690 13804
-10333 13831
-7233 12362
8064 10534
-20475 9700
13101 15872
1079 3186
6423 10275
-41284 -15072
-21681 -5048
-26975 -6777
2517 4322
-8081 3292
-14869 15607
-11276 6503
5732 14639
-15588 -11721
-6925 1835
-20040 -9963
-31618 791
-16814 -1866
-40854 -15485
-13311 9013
-2834 11118
-17104 13504
-8094 -7516
-28810 -12655
-8816 10315
11
-32249 -2626
-26587 -838
-38461 -16055
440 5180
1908 8797
-11101 8313
-17591 14473
-24288 -14044
-17976 -11854
-2458 -1809
-35234 -14151
30
-34753 -4202
-12044 7280
-5702 10502
-18372 -7425
-26406 -14444
-12615 12978
-10113 7243
-8498 -747
-21852 -449
-32065 -3091
-14296 -8070
-5376 -4405
-26199 1081
-25209 -12575
-3764 7001
-33253 -10987
-10869 -4340
-4187 7764
-21233 -8496
-8580 14889
-25737 -13406
954 3982
-41175 -15506
-20085 1026
42 203
-1926 6363
-24607 4837
-35388 -3362
-17932 -15942
-25945 13
34
-21314 7293
-7543 13072
-2848 9686
-19440 -3611
-24107 -13117
-2732 1539
-32023 -6437
-14740 1875
-15479 3581
3267 13908
-14629 6967
-21732 -4581
-24506 -14106
-16728 -2152
-18166 -16353
-3818 8730
-19767 5454
-36958 -15083
-26852 -2019
-26843 3876
-7136 6808
-39645 -14774
1541 5006
-16929 -8835
-45660 -16326
-26774 869
-35832 -5854
-26193 3681
-17660 11840
-15480 -5685
-17732 -416
-23348 -6019
-5060 7625
-17059 8339
15
-13654 16156
-22097 -7370
-19226 8688
-24476 -5263
-7006 -4613
56 3708
-17570 -7537
6982 8050
-23423 -12868
-31602 -12314
-33890 -1575
10444 10780
-5172 6497
-22460 -1159
6128 9473
25
-24137 -15964
-30083 -15396
-6815 7132
15581 16079
2871 13859
6540 14834
-9504 -8347
-15382 835
-23242 6686
-17868 6836
-19234 7291
-13677 -11404
-5174 7100
-25299 6767
-25129 -6436
-7369 1560
-18347 5236
-17663 4966
-14694 -14371
-9977 13340
-40051 -11884
1542 4686
10304 12003
517 11553
10102 11454
44
-23423 5740
-36933 -5196
-2410 11004
-6413 -3326
-35853 -11786
-19816 11718
-37051 -11366
-7359 4185
-5535 560
-9739 4977
-23784 -11966
-17535 9461
-24318 -4856
-4930 6928
-27568 -6620
-38935 -8827
-43619 -14960
-17683 14658
-10565 7380
-327 4663
-11129 -6532
-26741 -6296
-26186 -13623
-29116 -8895
-23896 7335
-44364 -15830
-3534 8927
-18706 -16036
-6282 398
-3181 14323
-39764 -10282
-31449 -8124
-26889 -6701
-19872 -14480
-20686 -12592
-29835 -16070
-42046 -13381
-19864 -12779
-11420 -7721
-17306 10113
-16130 -3663
-33787 -6504
-8080 12885
-31584 -1820
7
-1810 4193
-27333 -7980
-42407 -12665
-17346 -12453
-30330 -9491
6489 11954
-21492 -7235
45
-17082 -2403
-11311 15861
-3602 5676
-4026 6081
-8955 12087
-21879 -8733
-6286 1548
-38087 -15050
-17563 13707
-29046 -2116
-1240 12506
-44656 -15379
-26387 3418
-38769 -10673
8095 10457
3662 12615
-17229 9
-41885 -10449
-42251 -14032
-17275 -9560
7773 10018
-15649 -14030
-28455 2157
-16039 9210
-12254 1747
-39955 -9486
-29559 -9475
-23047 -473
10440 14445
-3957 6480
-13612 9653
-20052 -4702
-21081 9446
-17217 -532
-31720 -16308
-15422 8415
-17244 -12456
-18010 3501
-2492 2014
-4706 5847
-2505 12161
-20630 1855
-4394 363
-13134 -10875
-6300 7233
26
-8714 10826
-14576 14202
-14898 -13333
-2039 4699
-16407 9422
-27933 -3600
9392 9842
-4661 584
-30153 254
-11773 13687
-26030 -819
624 2362
-12897 3369
-12495 -12322
-25700 87
-14812 93
-20557 -3883
-28541 -11829
-19640 -9249
3428 9712
-17200 311
-18084 1847
-35875 -4058
-3330 15815
-34261 -6722
11379 16367
41
-19224 -2386
-9420 10173
-4940 5319
2957 14923
-16548 -7736
-15480 -3468
-9237 3206
-31988 -5147
-8714 13628
-15663 10433
-30615 -12232
1454 10737
-7844 8404
-11540 -7748
-33059 -8024
-5740 13463
-11067 -6402
-33599 -962
-11387 -7034
-46865 -16125
-22535 1868
-11701 7526
-5071 6886
-25596 -25
-26293 -1806
10391 16152
-30146 -8768
4900 13302
-8283 -2741
-28228 -12679
5274 13422
-20302 -10134
-27525 -11692
-26905 -9611
-24124 -2511
-23776 -10369
-8747 -4817
-19886 -11718
-15925 -852
-41230 -12042
-10167 9378
50
-7153 2676
-4728 7706
5191 14300
-26514 -7527
-17726 -7155
-16842 -11564
-42510 -10871
-16538 7152
-35561 -5564
-13381 4129
-8114 12200
-19786 7882
5535 15324
-7891 6118
7955 11334
7129 16038
-23108 -4785
-30995 -4261
-18998 12134
-30051 -9065
-14436 11591
9395 10127
7628 10109
-18658 -10300
2112 14629
-7294 -2589
-25536 -5642
-31799 -12823
-3718 8574
-12370 7306
-35809 -8274
-16551 11220
-9239 -8551
-17698 8976
-10190 377
-22820 3561
255 13555
-8700 -8496
7442 9372
-22611 -3938
-13061 -5701
-17564 -13445
-21721 5969
-7814 12543
-36626 -14506
-16235 13208
-20312 3398
-38849 -8916
-19272 -3620
10362 10495
47
-3158 2175
-32010 -12658
-19149 -15729
-22486 -4073
-21948 9225
-11768 15252
-6794 4136
-20366 4146
-40374 -11617
-13440 9068
7678 14803
-7483 3289
-3757 8519
-27221 -15287
-1177 87
-23369 -14831
-37500 -11990
-25630 -11869
-30747 -7198
-18968 -2462
-26733 -3563
-14191 -7500
-15055 1665
2571 10584
1224 3323
-32974 -3846
-2404 7849
-40222 -15868
-30471 -8591
-10674 -6472
-21755 -1615
-21949 4476
-8051 8497
4480 15732
1754 3670
-29685 -682
-25990 -5992
-9355 11386
-12776 7989
-12239 13873
-15802 2855
-16411 -6312
-20913 -4780
-2890 -467
-13815 7430
-6757 -5023
-14178 -1382
38
-696 14275
-7444 1557
-408 6842
-20986 8353
3825 12648
-10030 9184
-17903 6077
-9603 -4126
-10538 14305
-25350 5800
-12998 16246
-5491 7047
-4046 -1507
-26526 -15923
-830 13627
-487 11943
-12789 4349
-13737 -7614
-10663 -7527
-15274 -13263
-4807 3031
-30091 -241
-32126 -5167
-41528 -14491
-14745 -13066
2727 10701
-10613 -2987
-445 3160
13 13849
-26323 3886
9878 13135
-12563 -10124
-8078 9456
-23919 -10381
-10348 -10213
-28614 -15626
-80 16290
-35921 -10509
6
-34792 -12923
-30662 -9854
-14078 6044
-8627 4839
-28637 -15259
-26956 -13017
11
-12770 -920
-26675 3212
-23508 -10452
-21345 -9820
9401 15343
-31688 -15417
-23343 -11848
-3469 16336
-24159 -2346
-17289 -2516
-9202 11207
25
-37182 -11239
-20150 -11240
5224 7797
-15967 10710
-39720 -15460
-3594 -3474
-21665 -11787
-28544 -9823
-27533 -12687
-33301 -8177
-9596 13249
-16227 -3067
-35894 -3641
-24301 3222
-28395 330
-24793 -1299
-16991 -8211
-28568 -6687
-4127 2146
-18589 9162
-9391 15067
-23563 -6509
-11450 10689
-21343 -4591
-28993 -8535
43
-1989 9150
1176 3666
-18078 13686
4137 8116
-12111 11353
3778 7300
-1280 -511
-16808 -12862
-11120 5923
-68 15975
-17633 -10222
-14048 15363
-11016 14980
-39507 -13659
-13051 1177
-28145 4091
-11301 11545
-31223 -1606
-35380 -11011
-1279 9024
-10760 -1486
-16492 15993
-41380 -14439
-6109 1023
-2848 9810
-21405 -4475
-14995 -3014
-32272 -14987
-20236 946
986 15064
-36472 -14173
-18634 8311
-31900 -10561
-17235 -1985
-7419 5385
-33008 -7190
-20431 -13673
-4382 14300
-14836 -5994
-9492 13643
-10198 13712
-2612 12195
9368 15850
-1