35
-11778 7637
10756 10940
-24746 -8588
-6339 9403
-14182 13594
-7379 -42
-31496 -2201
-24843 -15671
-3303 1817
-6409 11105
-16660 -12416
10021 14222
6267 14130
-26539 -15174
-13385 -9729
5770 14681
-14004 7975
-36790 -4927
-3984 -53
-33044 -16068
-5714 4514
-10263 9308
-7490 10733
-6360 -5745
-1202 11437
-15789 13043
-19754 -9197
-31449 -9108
10089 15416
1724 7411
-35456 -8434
-18461 -11727
2256 11415
-1434 10828
-20974 -1196
77
-11877 7835
-9679 5923
-4398 -3504
-2868 2829
-35995 -10890
-40915 -10356
-20033 -8054
3221 15284
-34153 -15649
-23817 5638
9475 10399
-12916 6804
-25726 -15860
11619 13414
-33259 -12276
3309 5659
-38584 -9755
-8301 15827
-36287 -4027
-25020 -4019
-6185 8581
-28416 -4275
-5988 814
-27281 -4287
-8720 -2883
-3477 4131
-5104 -93
-14184 -8799
-6363 -1904
-20501 6780
-41643 -14863
-28098 -9426
-14890 -4168
-11550 13263
-39691 -9125
-11476 -711
-35534 -8417
-7162 -2709
-23226 -1130
13439 16171
-1222 614
-12964 1264
-21389 -5299
-22108 -15618
-1344 4194
-969 -813
9843 11934
-19882 -7742
-31388 -12390
-15556 9438
-12530 154
-9053 3097
-21098 -1333
-33697 -1363
-23586 8393
-31001 -1349
-10091 -2716
-5402 2610
-10678 -4188
-7730 12019
-44938 -12277
-8858 5683
-33396 -9447
-19882 -15584
5653 7446
4032 4295
2220 6923
-11318 2869
-3293 5394
-13012 -7204
-3966 15823
-1594 1337
-13277 2879
-11731 2484
-22089 1200
-19911 6600
-19869 12817
67
-35230 -14643
-29414 -1623
-43644 -15052
11867 14765
1552 9156
-22797 -7226
-10083 6934
-24381 -13694
-16762 4150
-11151 -5539
-43467 -13391
-1982 -1666
-12170 9967
-12322 8097
-314 9155
-21207 -5547
-9565 8769
-19953 -11929
-10788 10448
-23723 -8290
-15392 -3456
-25495 -11352
11281 14237
-35787 -12971
-10993 -7036
-23834 -9469
-9970 12981
-1849 -1190
-27870 -10198
-35318 -6343
-19057 -16153
5017 14319
-9956 1747
-13077 15791
-10914 7110
-17717 6718
-19953 -9757
-28879 -3089
-32426 -4568
-15861 -11055
-36066 -11965
-16622 2599
-36511 -15705
-7017 6168
-27269 -1568
-23723 5544
-14727 547
-28866 1255
-12182 -3030
-20145 -1176
-15189 575
-5538 12021
-3268 2710
14056 14977
-13043 9183
9189 12126
-32941 -10212
-15209 -14671
-26674 432
-34476 -14558
-32221 -327
-10399 -3368
11814 11936
439 4516
-20689 -4625
-15652 -5252
-23455 1122
36
-43455 -12416
15860 16187
-7121 9753
-8527 11797
-12980 3073
-29982 -12695
-38273 -7050
293 9475
485 8003
-8456 2470
-2209 2276
-10812 6225
-21981 -6677
-35600 -14399
-28853 -8798
-26385 -14025
-26263 -2062
3921 5499
-752 12931
-32810 -13535
-7573 -3803
-21898 -15861
-27702 -12945
-30087 -2001
-18129 2469
-4476 15258
-20252 10975
5545 13749
-27384 -408
-7817 15304
-482 3685
-21241 2236
-28003 -13897
-42731 -15323
-35966 -7390
-25340 -1408
66
-21735 -10800
-11914 -574
1524 4835
-31404 -14318
-8143 5804
2117 3575
-17413 -1238
-7589 5769
-1407 1630
-42316 -12572
-9150 15963
-1469 7897
-26018 925
-4183 -2588
-5917 9627
9211 9310
-19929 9631
-12133 -11020
-9461 7126
-6654 14936
-8111 -3421
-27759 -15050
-25359 -5063
-16283 -2454
2399 9833
-15071 8560
-15391 4280
-18748 13084
-19999 2229
-28046 -12149
2615 4234
-26036 -7591
-26500 -11312
-19655 -8172
-30372 -4440
-27716 -4111
4065 11015
5054 11966
-19511 10321
-4765 13336
6355 8490
-16681 9950
-28916 -15479
-25312 -2586
-17373 -12531
2027 2286
-21059 -4715
-29088 -555
-23369 -1525
-35600 -14837
-5754 10624
11299 14406
-34434 -13698
-6037 -5514
-8925 3737
-21770 -6148
-2179 4680
2933 6166
-24993 5875
-27912 -5986
-13372 9037
-2123 4341
-18412 -540
-30247 314
11640 13815
-24226 -11841
95
929 2653
2618 10729
-37981 -6168
-1835 -1266
-20960 -869
-21931 960
-15504 -10896
-15290 4965
-17417 -4956
3238 8898
-11213 4794
7804 9499
-12842 -5948
-29856 -2917
-25146 -12322
-34285 -8714
-32963 -3589
-11770 3916
-33841 -14364
-31754 -4527
-34691 -16259
-145 6571
-10298 -4790
-6812 6555
-16201 -10189
-30786 992
-25866 -6524
-14872 5848
-12325 -4808
-10649 4073
-40841 -9609
-29344 -16097
-8023 6237
-20433 10774
-6352 3325
-6665 6171
-32077 -9306
-10965 4494
-15397 -13467
-471 4234
-5032 -2358
-40256 -12087
-11522 10479
2756 13505
-29494 2999
-2656 1555
-5387 2900
2276 5414
-8696 4876
-29741 -1009
-12826 1852
-16394 2229
-2333 8349
-22869 4658
-9269 3270
950 15740
-8965 -2062
-21299 -2748
-31636 -7164
-18897 6430
-26942 -3896
3118 10211
-1695 -1668
-30272 -5805
-649 11151
-25582 -9473
-24558 -1368
-31979 -7065
-12501 5610
-16626 5727
-48198 -15753
-17623 -1609
191 16178
-15099 12570
1887 5578
-7862 -3529
-12316 -780
3374 6687
6105 12279
-33517 -7954
-27368 -8338
-6132 -3922
7635 8009
-36750 -7304
-10834 -2538
-18060 -4900
-4155 -3713
-18012 12932
-27195 -7149
-9591 6163
1014 12361
-2765 595
-38322 -15167
-17470 -10864
8832 11726
3
-19695 -11454
-42426 -10967
-11556 13315
11
-26320 -11726
9353 12200
253 14451
-23538 4838
-7098 -5846
10796 12828
-4999 4599
-3501 6537
-21748 8124
-6111 4281
-21751 9982
36
-35575 -8042
-26482 -5137
-3441 15862
-29845 -5194
-7458 13240
-12983 -3472
-12445 -180
-29842 -8415
-37872 -8446
-26127 709
-19914 -13117
-39670 -12132
-41912 -12033
-13470 -5947
-27978 486
-20126 12558
-26182 731
-25210 -4085
-12253 6181
-21080 7781
-12499 8936
-19112 -7563
-1205 6484
-10976 -5615
-43527 -12515
-9503 5798
-8052 8747
-17638 12167
-40957 -8302
-3267 3717
-11819 -2876
-23301 -1344
-40509 -16122
-17768 9661
-20316 6944
-7115 -328
25
-11549 -7395
-34702 -11757
1453 8603
-13417 11176
4183 14601
-24345 4728
-19446 -5388
-14007 -2526
-31885 -11636
-33963 -4368
-5039 2820
10588 14169
-16880 5436
-17282 -8501
-17079 -16226
-15176 6568
-11170 6982
-21005 -11633
-3836 11621
-30188 -7972
-24873 999
18 2162
-37146 -12717
-4100 9912
-17336 5107
97
4255 5332
-223 9873
-26020 173
-4215 4740
-16149 -4841
2232 9960
-6371 5018
-2927 5544
-17793 -15699
-23172 5907
-8925 7209
-12624 15339
-24454 6142
-2686 9656
-24297 7973
-5186 6498
-27765 -11562
749 8191
-28115 -11270
-14167 10730
-17424 7907
-25618 -6123
-35794 -12485
-38039 -12384
-27784 -8134
-4920 -1110
-9875 15644
-25335 -7833
-4222 13779
-9780 2674
-13100 11257
-40029 -13979
-13573 3080
6496 7336
-17449 -6451
-17309 13190
-12190 16154
-29197 -13946
-24449 -8260
-27261 -13320
-23610 -12884
-8183 -562
-5280 10890
2124 3501
-4923 6982
-42955 -11708
-21087 1825
-11493 8413
-24433 -15660
-34536 -3535
-32007 -1010
-27816 -13951
-29728 -1756
-9882 4578
-17489 260
-16512 -6695
-25335 -148
-16927 -2777
-14695 14681
-7910 -794
-4634 9665
-3237 1493
-9443 16004
-28988 -8975
-29208 -8799
-5961 -1467
-7373 -1371
-23001 -13822
-29685 -9110
2279 3026
-23200 4861
-14850 15466
-16161 -12832
-11026 15710
-20804 -7566
2066 12090
-10109 5803
-16928 12750
-789 1036
-1216 -311
7332 9942
-16675 4746
-6106 -4741
-41616 -10446
-33150 -9134
-18664 1534
-13007 6542
5535 13012
-7958 -2703
979 13851
-34970 -15683
-37419 -5936
-24004 4972
-9630 -6442
-13656 11680
-29395 -13426
-39323 -13091
20
-18676 -1407
-305 5639
-10974 -6810
-9130 -4254
-30757 1145
-26208 -13859
-20808 1342
-2884 -2112
-37192 -13863
-39653 -10517
-34458 -8495
-25817 5308
-30483 -492
-9012 -5837
-24289 -15557
-12531 3412
-23150 -2800
-17264 -3891
-11102 2125
-5838 -3367
79
-39498 -14311
-27961 -8239
11292 13707
-35938 -13371
-14124 -12150
-30664 -10652
-1663 14866
-39965 -15690
6261 14477
-15392 -12674
-40589 -8962
-1358 8466
-18546 2175
-7063 7273
-17425 -6675
-19460 -15242
1448 11234
-5746 12468
-13693 15075
-15930 15363
-14121 -5157
-37351 -6478
-15793 8904
-6623 7901
-10301 -1611
-24091 -7431
5633 6120
-29393 -3411
929 2396
-31781 483
-41 10866
-22747 8736
-15814 -1053
-41993 -10736
-13409 -3335
-15805 870
6115 6655
-2747 14051
-8007 5366
-6948 -4429
-15999 -8567
-26661 -8448
-29678 -11965
-22700 -6974
-24947 -12032
-15640 6868
2602 10401
-29156 -15027
-9460 -4092
-22876 1805
-12017 3636
-23626 5526
-9834 11228
-8614 -8418
6751 10754
-11593 -10526
-8880 -3855
-38299 -9284
-21176 11127
-32833 -4872
-35855 -15791
-5585 8548
-6005 11236
-7295 5286
-24640 -7122
5682 16082
3187 8443
-23360 -5572
-15982 5724
-1542 15243
-15135 -8363
-19889 15
-15665 -8490
-4576 13909
-3262 11500
-8944 1272
-32915 -7111
-11697 5049
-18281 -7262
58
-3943 2271
-21554 10325
-28273 -2746
-6322 9293
-2404 10497
-3426 7920
-21190 912
-18027 4216
-31101 -16224
-12144 8321
-14277 -14267
-20990 6250
-19738 -11132
-40703 -11010
-4909 4116
-11045 -1196
-7634 4709
-20066 -2829
-21999 -8990
-5710 -2246
148 15732
1123 6656
-6696 14919
-19089 -16009
-36322 -5424
-11876 -8362
-37162 -7665
-20412 -12489
-15192 3601
-30235 -11715
-12659 12474
-7242 -4613
-24104 -10815
6189 12945
-9396 -5636
3225 11288
-32472 -10274
-23633 833
-30154 -12994
-749 4408
-26145 3673
-28169 -5425
-32454 -1509
-16744 9944
5399 9114
-14111 -7214
-5864 9444
-35859 -12087
-73 3834
12443 15735
-160 6940
-34012 -2641
-903 327
-35422 -5124
-6026 6141
-12380 -2171
-18971 8516
2752 10547
81
-21673 -6292
-18478 4087
-23856 -14380
6105 14834
-5629 12167
-21807 -10008
-13247 4653
-14565 10725
1944 8798
-35937 -5546
-2406 12305
-40942 -13795
-13516 -13481
-35250 -15387
-21890 -183
-43878 -12365
-1658 14654
257 9150
11045 12354
-23138 -2175
-8500 -7996
-23061 -754
-24490 -3953
-8937 1189
-26410 3836
-10930 -379
103 9573
-14321 -12542
-24320 -5156
-18564 10456
-17858 13853
-36701 -7745
-27078 3266
-14632 -2752
-24749 -6474
-10244 10694
-14590 5868
-22060 3064
-29269 -15791
-4012 13382
-33944 -3585
-13069 2754
-9763 5555
-10505 -718
-248 2689
-17208 -9373
-1777 -1594
-45505 -12864
-5358 9311
-16396 6690
-5383 -4584
-2155 10986
12356 15719
-20180 3150
-7200 859
-12939 -11280
-7954 -49
6447 9909
-18789 5603
-41623 -12076
-17683 -15187
2258 9261
-368 6187
-15860 4317
-3666 9852
-19720 11279
-30282 -4784
-8953 6420
-18381 9118
-14703 2231
-32107 -11371
-44777 -15670
-29944 -12076
-30559 -4603
-9663 -8483
-17402 2577
-17844 7111
-20933 -12321
-3486 820
-20309 -5058
-19537 7555
21
-23833 4653
-11858 -6118
-6013 9593
-8016 12426
-27567 -13513
-34431 -8835
-9555 -990
-27193 -10719
-18198 -14734
-30708 -2789
-11155 2469
-44206 -15759
3767 8063
-8292 1191
-8586 5712
-25723 -4824
-33389 -8075
-25908 -7192
-953 7457
-15898 13896
-14042 -8610
62
-29085 -8528
890 4638
-9304 350
-11066 -7472
-11203 506
-5630 6762
-24665 5785
4981 15058
-40734 -15249
-8099 2028
6566 11421
-25406 -9459
5822 6987
-24504 -13645
-19113 3319
-16906 -1421
-11956 7692
9489 10034
-21379 6327
-32027 -15464
-24809 5366
13720 14530
-40725 -8462
-8201 7991
-17480 6030
-20918 1054
-35198 -15552
-25566 3758
-13861 15136
2855 6629
11573 13374
-1300 5757
-13000 -11975
-20035 -14052
-34040 -3571
9837 14539
-7012 13869
-34007 -7767
-39412 -6958
-9911 -32
-15391 12178
-484 1753
-24988 820
-14151 6316
-37391 -9533
-26413 4571
-42942 -14111
-12670 -705
-20794 11102
-17636 1090
-6679 15625
-11524 12111
-10901 -1594
-4009 2695
-28244 2273
-2292 694
-20997 8610
-22158 3717
-18452 7714
-33239 -2063
-17504 12380
-14614 -9733
55
-23093 3179
-30042 -4535
10242 12559
-18195 9791
-42618 -11885
-44046 -13349
-34557 -14906
-32195 -3580
-6206 6496
-5669 -3903
-30025 -14272
6639 9119
149 4087
-36544 -6316
-17188 -1398
4553 6817
-26647 1652
-3764 9853
-7162 4075
-26914 -11921
-26761 -8348
-27268 -7620
-25710 345
-11372 -10814
-44857 -13494
-20580 11300
-10317 12802
-28258 4391
-20688 -10981
-34359 -7204
-18585 -7228
-25598 -7808
10717 16066
-26512 -2144
-27006 -1099
-7917 384
-2619 11677
-9139 -2882
-8287 5788
-43913 -16077
-2127 9982
-15252 -6118
-25033 -4746
-28383 3700
-35272 -9046
-16341 3755
-12156 2546
-17578 -12939
-29755 -13987
-20172 -10757
-34408 -13578
-23893 315
-10096 7493
-21115 11434
-3245 14616
54
-23143 -8165
-40200 -14877
-35235 -7807
-25996 -5440
-15604 1208
1241 8159
-20759 10629
-15356 -9140
-36073 -7836
9910 12427
-31507 -13024
363 12495
-19139 -1888
-14298 -12435
6322 10500
14659 15247
-30447 -12047
-5812 6189
3987 7976
-66 7993
-30668 -9378
-2846 1306
-12803 1352
8345 12380
-16294 -5643
-5586 6566
-3737 9056
-38620 -6164
-12988 13894
-14586 7397
-30113 -15819
-19909 -6720
-19769 -2074
-20015 -7149
-27012 -13876
-21938 788
-2366 2797
-7292 11531
-17813 -4111
-8357 -2809
-1238 9848
-11866 2256
-17435 -2383
-30479 -226
6146 9001
-26545 -10744
-17483 -1312
4654 13759
-35494 -11870
-23516 -13444
-20554 -11628
-39999 -12105
-23210 -7922
-25507 4762
72
-11997 7895
-13769 -8242
-6786 6000
-13573 9525
-39317 -14025
-24213 -4005
-11486 6878
-20239 -2018
-5917 -5672
-11412 -3527
-26861 -5276
-4670 7274
-18372 7879
-36499 -7980
8234 13528
-9460 6562
3829 4290
-16909 14317
-26351 -14842
-37701 -11809
5215 14271
-12589 -9191
6719 15658
-3315 4691
-20837 -4251
-37071 -11454
-25604 1143
-25459 -3137
-27495 -9327
-15998 -13019
-22429 7828
-18407 2811
-24551 7378
-24181 -1069
-45735 -15591
-18726 -5775
-41043 -11026
-14754 15408
-45414 -13546
-37295 -4702
-5964 -1189
-23453 3703
-26709 -4724
-26040 -7264
-5793 454
-28852 -8524
-37400 -13326
-24868 -2670
-34130 -14193
7198 7496
-40329 -12622
-30087 -5069
-19853 -7350
-15571 10088
-31663 -11863
-10275 16211
-2739 11584
-15841 -98
-11713 8362
-4078 -2476
2222 11757
-16920 -10681
-37670 -15364
-37769 -10065
-39723 -12928
-23348 -7661
2185 7383
-26441 -4499
-14638 -9891
-12192 2185
-24698 -11797
-19249 -12114
2
-104 5655
-7391 12026
42
-35060 -13787
5286 12430
-32648 -14169
-3750 441
-45559 -14439
-2899 6445
-32075 -7170
-16462 -10861
-7500 6246
-22804 -7761
-14060 7770
-43943 -16155
-9655 -262
-29052 1276
954 5861
-19304 4387
-10156 4441
-153 3633
-9701 7836
-26745 -3023
-16205 -5734
-28587 -13026
-13062 4303
-10225 5355
-18032 9831
-21282 -9530
-10131 -1116
-22808 1950
-4758 15233
-6302 -4637
-10791 6293
-868 1677
3340 4665
-29934 -161
-25104 5357
-13439 -403
-28269 -1544
-4624 16092
-5447 10831
-36414 -5399
-16788 -5960
-32055 -10452
23
-30069 -12888
-29630 -10294
-23201 -6088
-12220 6042
-39881 -9642
-13552 12828
-10211 2235
-38281 -6438
-10792 3403
-6639 -4596
-3515 10802
7695 9300
-10337 -3278
6923 7851
-15405 8507
-295 15003
-32816 -15299
-18858 -336
-24622 -14534
-17354 -8407
-9029 -1377
-17194 15090
-10661 6356
15
-16202 -1593
7517 10830
4730 14062
-10376 13788
-13013 -12676
-18010 -8460
-6495 12138
-10484 10243
-37494 -6104
-21945 -12139
-9223 -8385
-33662 -3304
-18697 -203
391 12259
-29937 -9808
7
-13617 4269
-9737 -4102
-35728 -3451
-6360 4438
-30253 -13686
-20596 -12131
-36703 -5894
85
-18013 9604
-14673 12069
-8949 8347
-42762 -11908
-10715 12656
-26623 991
-26656 -11742
2244 4112
-25253 3614
-15927 -4748
2031 11677
-34370 -5957
8773 14958
-23798 -4412
-42911 -15883
-23470 -326
-19276 -1932
-16872 1924
-3538 8585
11580 13404
-19639 -7688
-25960 -4931
-37346 -8533
-6264 2947
-25228 -13065
-6272 4430
-14644 -10207
-26988 -10713
-6794 33
-8942 -410
-13667 -10843
-4086 14034
606 14169
-8476 -1013
-12851 -2970
-8727 -3803
-15858 -1992
-8742 2454
-25502 -7291
124 2642
-9418 13963
-1495 9780
-21450 -3943
-4000 14752
-16553 -14128
-6827 -5785
-28944 -7125
-16255 10474
-21311 11453
-31693 -5245
9225 11834
-16356 1312
148 7097
-12057 -463
-30006 -7496
-33601 -8507
-14142 -4255
-795 13551
-11187 1548
-31677 -9617
-27126 -10748
-11533 15758
-2697 10638
-6441 12618
-29187 -10457
-9947 2227
-34557 -10226
-1801 405
-17156 10242
-19745 -15785
-36487 -11699
-10896 -4317
-22473 -12287
-15658 6728
-21711 7042
-24738 5084
-24658 7492
-29427 -9051
-25005 -10794
-31699 -16326
-12237 -5856
-10021 -9627
-24358 -4375
-614 3020
5477 11420
40
-36187 -12561
-29173 960
-750 8709
-11715 6464
-36885 -10259
-6699 -1278
11848 13920
-5819 9654
-23386 -3663
-18073 -11417
1842 4192
-24496 7086
2331 11501
-14565 -7130
-8994 2538
-18244 13599
-12901 11348
-14892 -14697
-16029 -4061
-26247 -9882
-35703 -13536
-12534 12472
-16914 12791
-9982 16320
-21417 -11379
-30524 -8277
-13128 7827
1898 8659
-38519 -15012
3992 4662
4877 13291
-18356 -474
-16209 11345
-24403 4930
-9401 -714
-13096 -5468
110 1717
-31816 -11172
-12593 365
-33332 -2275
100
-26583 -4001
8553 9015
-19989 4527
-10289 14926
-32050 -4107
5485 7627
9190 13209
-37264 -14852
-28314 2317
-17648 -16012
-19545 -6390
-38634 -12952
-17081 2588
-13711 -12967
-37333 -13984
-36667 -6669
-13414 10380
9724 16182
-41659 -13519
4562 12755
-166 11581
-25492 -7207
-42603 -15164
-25120 6288
-29874 -3840
-5426 14245
-25462 -9578
-12826 -12408
-15347 10522
-384 5907
4710 12758
9255 12908
-28159 967
-2259 16172
-5063 -2839
-29128 -5183
-23708 5301
-5933 7697
-3612 10215
-14596 -4769
-8645 4484
-8772 -3213
-27626 -13028
-1878 14581
-28064 -8628
-26489 -16101
-16814 -9848
-24891 -1916
-38019 -5609
-27105 2915
-5914 -1697
-22495 -6433
-23799 -9373
-12352 -5702
-5388 9354
-10013 2097
-3506 3234
-17160 -6364
-29588 804
-4991 12919
-15262 -10054
5540 12984
-10226 8702
-34883 -6654
10287 14213
-11281 8225
-21140 -2276
-30035 -2570
621 10833
-2475 -2019
4838 13878
-27978 206
-32859 -1951
420 6401
-14421 -2761
-885 14550
-14799 15211
-15624 -6349
5565 8385
-27087 -849
-6090 15384
-11842 3503
-39956 -16217
12541 16334
5551 7815
-11854 3715
2008 3185
-31852 -15618
-29085 -8502
-2849 9042
-43021 -12324
-13336 7385
-11284 7527
-16988 -4652
-644 8024
-20160 4691
7090 15320
-32595 -1963
-31100 -9080
-6608 16175
15
-15889 2080
-11143 7998
-15277 4826
-47605 -15379
-27935 1855
-28421 -15210
-12049 5176
-21539 -2670
-23008 -12286
-9261 14109
-6870 -2593
-28192 -16212
-11341 11276
-3782 13953
-7406 -6670
24
-18360 12007
-29888 -13197
-40638 -14150
-10512 -2251
-8051 1974
-25725 3695
-12257 -2818
-15075 -6929
-27733 -159
-24702 4776
-35921 -14813
-13904 13727
-21111 256
-14744 14856
2178 10606
-17985 -4693
-32799 -14045
-40014 -7539
-28167 4567
-38993 -6963
-15302 8779
-3796 1996
-5053 7306
-15053 3728
54
-36840 -7294
-8942 8824
-11216 9990
-17648 3463
-42832 -10668
688 11825
-14073 16221
-19656 -2052
-17625 -10000
4796 14431
-21922 -651
-24712 -14561
-3294 15837
-5614 4313
-32797 -7975
10483 12250
-35112 -7606
-11111 1847
-18221 1785
-25377 5147
-32496 -10103
-30897 -5797
-2560 7594
1658 2384
-1248 8847
-9667 4581
-27707 -6751
-30439 -4369
-22802 -907
-15747 1725
-35823 -15109
-1507 5360
2289 14073
3130 10125
-30620 -5704
-17670 -3503
4656 8702
-11088 -5051
-25652 -965
-11469 -5230
-30144 1799
-15321 13205
-8985 -7732
-13737 10550
-18103 13248
2043 8566
-22555 3863
-15859 -440
-11774 5238
3223 3490
-28542 -5462
-12284 -8493
-25681 -8550
-2189 535
34
-21243 -11411
808 3689
9603 12058
-22241 10365
-19107 -7175
-6366 2249
-11864 8147
-22161 -255
-29936 152
-9089 -4569
-17309 1023
-28644 -9902
-14811 6765
3943 11693
-39137 -7912
-33291 -4670
-15889 -14484
2515 8697
8089 9134
-15716 12891
-33004 -1313
-23159 3484
-32290 -29
-37247 -16039
-14969 3554
-16859 -6242
-17847 8687
-23323 3499
1678 6119
-23795 -2056
1927 11932
-21032 -6282
-324 5939
-46725 -15336
51
-14683 -10442
-24838 -14247
1546 4458
-39938 -13077
-31453 -6611
-11913 9551
-35647 -14232
-25786 -1327
-30649 -15385
-2973 4290
-27912 -10065
5809 6768
-12725 8338
-17461 11606
-26317 -3328
-10538 9103
-32648 -1248
-8369 657
-8190 -3041
-805 14871
-4821 -55
-39908 -12449
-34294 -13482
-19336 -14186
-15924 -2426
-22799 -4975
-29188 -3856
-8718 10941
-31530 -15978
9757 16217
-36709 -4930
-34785 -6174
-12330 -5123
2942 15311
-33095 -4971
-13720 -641
-46748 -14335
-2428 -2192
-18631 -5427
-12606 14769
-8406 7595
-31188 -13414
-27378 -6972
-9293 9658
-16410 -5812
-23804 2065
-22215 8537
-29103 127
5470 10741
2347 13693
-2867 1905
15
-27446 5318
-9817 399
-11995 5530
-22400 -15991
1993 9031
-36553 -11652
-8509 8597
-20295 7
-27421 -12356
-13600 -12603
-12464 -55
-15232 3790
-23531 -8893
-23937 -2176
-3662 1807
99
-19949 -3421
237 11494
-44767 -12492
-15414 -1543
-15073 -10870
-2056 5674
-28379 -15107
-15909 7622
-14026 3940
1545 7528
-21746 4929
-14184 15816
-34833 -14792
-10899 -7724
-8327 -7226
-32366 -5374
-13455 -3025
-10882 6116
-9066 16312
-3989 12541
-6030 535
-2907 -2093
-14300 -3544
-13097 3141
-14280 -3615
6750 15391
-30352 -1400
-25448 -3860
-23910 6435
-7884 12299
-11429 3889
-29312 -7931
-26625 -5225
-28480 -12770
-4528 12253
3955 4906
-25764 -10854
-10323 -4446
-15793 -14291
-20895 10487
7226 9902
-14923 1574
-24344 -7643
-21425 -2675
-3922 3065
-31323 -3075
-12488 -5973
-42162 -11248
-163 6851
-10411 -8003
-12307 -1525
-18559 3625
-22144 -5380
-13905 11456
-37561 -13706
-16102 -11643
-35619 -15948
-19281 -4442
788 5758
5724 15188
-35383 -13408
-3232 465
2226 9628
-12902 -6965
-34516 -6244
-8741 9448
-9457 -9046
3893 5026
-4485 291
843 10325
-14677 -8087
-36959 -5226
-28225 -1319
9195 11463
-44652 -14339
2399 13800
-10867 10498
-5371 -3664
-15000 -8340
-10492 14301
-29429 -9208
-5900 13256
-1707 -1502
-13008 6460
-10768 -1287
-13022 7048
-41957 -10896
-19306 -9517
-15742 11782
-8183 15280
-16889 2824
-15366 -8973
-15463 6406
-17099 8130
-9478 4995
-34259 -2577
-11623 9712
-12992 -5499
-23456 -10020
88
300 8336
-32919 -15382
-21569 -15184
-32040 -12869
5416 12363
6614 13407
-17191 -11039
-24095 3578
-40257 -10415
-31526 -3833
-16808 8608
10395 13378
-38214 -15882
-17536 -6715
6060 15081
-4612 15729
4017 10494
-22235 3727
-23785 -7827
-11704 -841
-30707 -4571
-21642 -2063
-16470 2832
-40683 -15333
-28666 2200
-11153 3979
9028 14186
-19643 -8971
-42074 -16006
-37796 -15218
-4969 5191
-28403 -12175
-46909 -16288
-19495 -1982
-35550 -3545
-11276 18
-12025 -6187
-6699 16003
-7371 2238
2252 3629
-17429 471
-34421 -4544
-1037 2933
-11846 5738
4278 15447
-23417 507
-19126 3559
2099 13895
-14206 -2627
-25435 -14261
2045 14437
-24838 -6764
-16329 -9886
-26093 -7075
-32359 -13198
-15321 7928
-38260 -13292
6478 7791
-27005 -1720
-15590 -10134
-15860 10390
-8928 1107
-19481 81
-22901 -13383
-34034 -13283
-20312 -9742
4553 10671
-25987 3845
-35397 -3372
-38575 -9785
-15113 2229
-29116 -701
-36853 -7079
-22312 -15009
-28397 4203
-27003 -4419
-34872 -4034
-41142 -14880
-34163 -2034
-28874 -15984
7304 14985
3330 7295
-26458 -4211
-615 12844
-40523 -10188
-15186 8968
-22674 9230
-19899 984
61
-20786 2855
-25941 -4335
-16008 -1374
-9030 3600
4713 10064
-42205 -12089
-21065 2633
-17606 10048
-8254 13050
3296 13415
7171 13524
-38950 -13982
1245 7493
-19940 11040
-7060 1512
-41187 -10699
-6572 5881
-2013 13541
-7536 3595
-17003 -1154
2378 7421
-20145 7916
-16481 13610
-9754 6535
-649 4832
-28919 -3537
-938 7444
7873 14747
-30942 -4781
-25651 -3602
-17662 5116
-23319 5259
-30430 -4947
-2779 10795
-13947 5883
3377 10541
-20773 -6298
-14932 3629
-38069 -7029
-25991 -7465
-10683 9372
-245 9981
-7340 7950
-29769 -12312
-17945 -14703
-44033 -11796
-16851 -187
-18966 -6081
-42280 -15061
-3503 3852
-9226 5850
-8664 -7230
-21827 -1933
-33573 -8270
-17829 8918
-11374 8409
-2612 13078
-14968 13562
-33122 -4565
-13989 6897
-29491 -4889
43
-7483 -6416
-27735 -15199
-32035 -16329
-6504 3654
-27557 -14487
-6233 9102
-15682 -5943
-26404 -3713
-4425 3368
-23857 -10237
-41938 -13980
-3264 -2675
-15011 10031
-38749 -10753
-7467 -5359
-25933 2252
-1894 -1104
-12294 -7591
-34772 -12720
-20370 -4950
-14445 -874
-15114 -13510
-17031 -6255
-11264 5674
-7627 3067
-21747 -3938
-31273 -5189
-39610 -8603
-17599 12463
-16635 7384
-14289 -4951
-31125 772
6729 6839
-18193 11531
-44745 -14936
-8725 -2361
-4692 -2101
-20943 2481
-19079 -10246
-26476 513
-9061 6103
-19584 -4329
846 5974
66
-23011 -14440
-15737 2149
-8037 1792
-28033 -3702
-19872 2283
-9951 -7011
-16750 -15912
-4285 8488
-23256 -12872
-1774 971
-11206 -10171
-15900 -11985
-15792 -8298
-14072 11580
-7755 1264
-12392 4748
-25404 -8224
-18621 -8673
-21705 1926
-32219 -15536
-28547 -14796
-15472 15367
4867 11064
-44573 -14031
-33657 -4363
2383 5997
-35990 -8903
-36938 -9208
-17157 14794
-30354 -468
-18226 -11454
-20713 -8108
-6908 14365
-19349 -8701
-17501 -15855
-20468 -11850
-18210 -5218
13397 14103
-9622 9189
-14038 15731
-6192 5309
-35127 -8594
-11336 3844
-20070 -13066
1592 4403
-35080 -12171
-8148 7221
-38129 -8117
-14465 -13702
-14433 4987
-29572 -8889
-5166 14500
-2016 13392
-8947 10804
-11416 -7288
2234 13016
-18523 -9416
-26848 5687
-34877 -10674
-24788 4575
-3417 760
-29882 -5505
-24975 6514
-32992 -9896
-25387 -10979
-29056 -4626
60
-23700 7022
-31879 -7446
9931 13455
-22363 3693
-10520 6446
-29815 -4587
-2625 5612
-36740 -12228
-36633 -4717
-5028 7326
-27992 -13990
-25062 -6470
-30716 -411
-6833 -132
-13367 -13172
-23100 -13800
-31067 -1443
-22516 -10183
-35791 -3484
-22771 4443
-41724 -14934
-25967 -5771
13760 14203
-12582 -5412
-3289 13932
-9940 5988
-23769 -6499
-34464 -6968
-9494 8508
-34697 -10164
2535 3402
-27613 1440
-15885 13730
-30881 -2808
-31664 -16329
-16392 13498
9148 10909
-11999 6535
-13437 12235
-19709 -3394
-17524 15135
-8373 13646
-13969 3234
-9543 -7638
-18819 -3442
-17481 11250
-5418 15373
-16930 8143
-23177 -14012
-36206 -10849
-20152 -9072
-24953 -5294
-20687 4367
-43944 -12397
1318 6755
-9193 8107
566 12722
-2088 7331
-14433 -11279
-27323 -1111
51
-26414 -4473
-29905 -9846
-20677 10663
-29936 -4006
-22087 5117
-39539 -8317
-26410 -11073
-30709 -493
-3674 8838
4289 6027
-14185 1537
-8185 -7115
-4801 13547
-27994 -9288
-18642 6458
-19160 5610
-11332 -10086
38 11749
-6951 -4071
-37474 -9379
-16158 14372
-2243 13873
-23705 -6990
-12882 -10177
-24825 -10817
-42766 -11907
-24521 -13316
-11862 8774
-12012 -10811
-15517 12273
-20938 2131
-14350 -6232
-25475 -9933
-13384 887
-12317 11254
-21765 9636
-11445 -6101
-2001 15935
333 11146
-17593 -4359
-16879 -5006
-34290 -7878
-15853 8342
-42647 -15763
-14855 15347
-22605 -9569
-8350 7173
-24573 -3768
-8521 13114
-18811 -2968
-518 2215
74
-2023 6161
-9069 -4249
-32730 -8748
-24671 -1655
-45331 -13709
-18883 -1755
-8959 -458
4121 7532
-8685 4974
-34583 -11824
-46592 -15178
-5642 13926
-17693 -14215
-10064 -2161
-20445 1460
-28100 -14121
-14714 1533
-19455 1821
-35524 -14139
-44736 -14859
-40971 -9254
-43623 -13238
-12822 -8913
-19290 -15288
-43529 -13856
-2430 8824
-12385 15985
-20126 2093
-26330 3159
27 9504
-15718 -14151
-31302 -9129
11753 14455
3600 12363
13292 15724
-9407 14921
-8583 10480
12380 12569
-14475 6049
-22307 -15650
11489 14948
-37556 -14787
-13849 12454
-11071 1729
-31498 -10264
893 12414
706 13434
5747 7925
-20895 -10362
-5156 4920
-14763 -6575
-26425 5455
-356 9918
-25691 1241
-14398 13588
-9248 7414
-46353 -14592
-31132 -4251
-21767 8158
-10444 6890
-25998 6708
-40969 -16141
-10566 -5505
-9337 -390
-26610 -205
-24952 -5075
1687 8701
-19217 -5683
-15236 15947
-17258 14548
-25361 -3826
3278 10842
-38846 -14914
-17684 -7111
83
-29122 -12371
-16557 13718
-8508 12424
-4401 -4321
-28929 2989
-48876 -16232
-22268 -2955
-16055 1087
-14950 9253
10004 13234
-2535 2152
-28950 2562
-16596 5628
-13467 3082
-2901 13227
-24692 -5377
-14748 -11907
-19926 -2744
-12816 44
-30183 2447
-4736 7384
-40043 -16360
-12370 -6916
11915 15953
-10162 1697
-31255 -5973
-10692 209
-36882 -6487
-14802 -6065
-18568 11574
-35199 -7035
-20901 828
-9202 -1858
10406 13426
-6157 -4715
-32514 -6538
-20885 -4435
-35356 -15333
11928 12451
-20465 -3324
2902 13121
-15947 1906
-31480 -3083
-37157 -5542
1132 9345
-29013 -6725
1640 14835
-43588 -13522
-18213 -6184
-9879 -5953
-26513 -9299
7196 16379
-41117 -13162
-3423 13130
5476 13139
4725 7551
4178 15983
-26345 1966
-18916 -10566
-9133 -3779
-45178 -14342
-11365 -8642
-17409 -7714
-5553 8188
-10642 9523
2833 3028
-42237 -11942
-19435 5191
-25080 -6662
-7059 -1971
-7249 -4878
-19874 -789
-22301 8338
-9554 -6905
-21224 -15862
6390 7036
3356 13346
-26390 -15510
-16666 11820
-12107 8911
-16796 6967
5185 7004
-17585 -1658
85
9658 13306
-19329 -2487
-25987 -9243
-7198 14416
-40457 -10233
-36795 -12437
-14528 -1525
-6155 -2768
-30341 -2084
13744 15251
-20503 1199
-27332 3594
-23817 -1213
-35597 -12817
-26032 -665
-11180 3621
-4115 11454
12179 12798
-38881 -8001
-30679 -3236
-33110 -513
-26011 5143
-14132 -11597
-12296 16031
-943 7280
-32883 -9757
-21598 6966
-30385 -11151
-14637 -10835
-8064 10974
-3657 -3410
4615 11624
-16657 -13307
-43006 -14118
-8202 7798
-13745 -10576
-9673 -1282
-17369 14460
-12010 -8870
-43356 -15736
-2806 3022
85 14781
-22624 9247
-24112 -5949
-7017 -1567
-10432 4202
-20 10745
7922 14153
-14108 1882
5356 7333
-24029 -15086
-13451 -11628
-24900 394
-44884 -15519
-19395 5897
-3818 9779
-28222 -10885
-14551 9962
-21501 2417
-22558 -15030
-29082 -2968
-941 12123
269 6734
6196 6927
-27671 2114
-25231 -7386
-24891 -1892
-33606 -5297
-14757 -2003
-23786 3984
-27038 -3896
-7057 8935
-16229 15616
-19672 -16078
4332 10548
-19294 -1972
-22947 1481
-15654 3193
316 11959
-38163 -9212
-2528 11335
-1871 9766
-27140 -12005
7998 14634
-25805 -1682
23
11698 15694
-8690 9211
-31175 30
-555 14896
-19587 -14100
-19737 5880
-12202 13025
-15515 1007
-13217 -11623
-10185 10660
-18366 -719
11230 12106
-5364 1442
-9660 688
-12167 -7091
-24179 -9101
-20410 -809
-39963 -11150
-16766 -2506
-17839 6786
-15137 -9972
-6016 10083
-19205 -6092
35
4289 14427
-16575 13282
-7867 -6506
-38752 -10299
-11293 -4925
1193 5400
-13180 14688
1294 2539
-21276 -3168
-12291 -2898
-18648 6160
-18639 -10765
-17049 -14214
-23547 -8330
-20930 -11511
-30597 -11174
3681 13487
9560 16053
-4316 6852
-19157 7759
-3562 10224
-29600 -2905
-5755 74
-16814 -11721
-23014 -7999
-43178 -14087
-32417 -14916
-17455 -6102
-19117 -6915
-17342 9550
-28420 -309
-37289 -10636
-26124 -13744
-9476 8635
-21765 320
41
9717 13487
-12817 -4295
-29524 -3552
-36370 -14033
-5920 -5645
-33337 -958
9560 15408
-19746 -5954
-27857 3249
5051 7034
-19027 -5604
-29095 3177
-16624 8469
-8336 11116
-29087 -12367
-309 12138
-33215 -13011
-39785 -9309
-11078 14816
-2128 12097
-23536 -13458
-2829 13104
-4977 10559
-24688 -9680
-12452 -4817
2647 10025
-23993 7303
-13817 3518
-19306 11565
-40796 -16092
-27432 -5353
-20032 -6859
-22600 -11771
-12338 -10816
-8248 12144
-3468 -2012
-6573 8381
-39465 -13539
-31442 -15945
-15635 10461
-24186 7996
27
-5030 -4465
-22641 -5498
-21212 -11279
-16478 -8496
-32138 -2479
-39543 -12458
-28287 -10207
-1426 13990
-38063 -11768
-3515 2371
-11810 2087
-16046 -2816
-28129 -15200
1729 12205
-31974 -9383
1074 6389
-17940 -1283
-3510 13191
741 3908
-15805 14708
-20592 6261
-41861 -12328
-13885 7209
-5111 7613
-17486 4945
-14525 -13764
-33537 -1670
85
-16577 -8050
-30427 -13178
-32729 -3449
-4530 12707
2014 15361
2935 8961
-10368 -7751
-16641 -16309
-18202 -296
-8689 -4833
-13575 -1012
-23705 193
-39162 -8995
-16588 7697
-20724 -2241
-43049 -14406
-27387 -13981
-13378 1197
-21694 -7725
1069 10446
3506 3518
-22255 5612
-19401 -15984
1493 2295
-33294 -4154
-37082 -14483
-47722 -15871
-34352 -16106
-12618 -6055
-11645 -1551
-9192 -3341
-31060 -12178
-16639 -5674
-29123 -3107
-20600 5882
-6521 7975
-16923 13986
-29187 -5188
-21311 492
-20209 -12084
-31611 -14425
-10249 8890
-20563 1892
-6779 9934
-36844 -15664
-18701 3882
-33465 -1727
-19275 -3329
-25645 398
-23482 5888
-616 13860
2813 6679
-17642 10070
-36392 -9641
-19011 -14347
-9649 9779
-19649 -14303
-19424 3565
478 4702
-23514 -5807
-2624 7915
-37854 -6750
3896 4431
-15470 12245
-26084 -11212
-3721 3837
5651 10104
-2255 775
-18459 -11134
7236 15271
-11317 -814
-21711 -1134
190 14044
12097 15342
-15158 -4841
850 9222
6746 13137
434 10563
-24949 1605
-23325 -5288
-18310 10607
-5776 8380
2456 5919
-16192 10077
-2317 14029
59
-9464 -5965
-29999 -3550
-4997 2555
-6598 10718
6391 16044
-431 5287
-17661 13740
-38857 -11735
-21657 -11598
-20098 -8339
-14654 -11351
-28106 1882
-20459 -6827
-15367 15483
-8102 -5320
-29183 -16382
-27890 -329
5682 14861
-24638 -5767
1840 10025
-12115 7952
7018 16148
-14788 -1573
7469 14536
-2145 16170
-5200 4020
-8098 11940
5422 11853
-5405 8422
5607 8645
-22515 -1683
-13251 15130
-7230 -4170
-20035 -16045
-22916 -3165
-5837 6407
-19494 12577
-20044 1310
-27088 -2296
-12617 -6949
-14568 1347
-2787 4891
1278 1584
-45757 -13609
-6729 14153
6678 13552
-18933 1285
-27361 812
-18874 7673
3986 15483
-48182 -16061
-6045 7808
-32866 -13272
-6320 14412
-32256 -13572
3320 8813
-21777 4418
-6174 -2009
-24638 7445
25
11686 14188
-7535 1044
-37609 -15651
-37354 -13228
-16973 -646
-22525 -1008
-23775 8767
-5701 -2986
-16815 -9795
-17362 -9644
-15284 -5174
-31437 -2379
5638 14711
-8755 7982
-14040 4930
-40574 -8621
-3608 16269
-14678 -12880
-33324 -15025
-28741 -10731
-36960 -12534
-23137 -13775
-13315 14845
-21761 3938
1891 9626
52
-9987 12342
-26191 4697
-32744 -14809
1084 4122
505 9555
-3022 14345
-4748 8275
-42591 -13266
-3732 14595
-29432 2540
-3869 10632
1004 6953
-9208 -366
-3481 8879
-8637 9951
-38472 -6191
-3764 7169
-31790 -6831
-6856 2144
11248 16257
-4727 3714
-27616 -6743
-15555 5514
-38957 -7511
-5152 16127
-13453 8415
-19046 -5681
-18196 9547
-34750 -6508
-14015 1521
-21657 -16107
-1256 8063
-40595 -15600
-31153 -12752
-18546 5175
-13180 11760
-13580 7032
-2384 9665
-15675 1409
-45140 -15779
-202 5252
-5175 9245
-618 7479
-21156 1049
-32411 -10976
-18865 5265
-28070 -10737
-43342 -16244
-8320 -1300
2118 3774
-26824 -1614
1816 11183
68
-17587 -9626
-1320 2071
-25468 -13034
-16080 10824
-24543 8077
-19332 580
-21768 -814
-20284 10113
-12838 -4818
-47661 -15706
-11426 11675
-19582 -16227
-24904 7034
-16625 15338
-21633 2180
-20121 4156
-376 2819
-45450 -13246
-10320 7746
-27269 -2624
-2902 10050
-26025 -11294
-19242 12718
-14373 13264
-4597 -1775
-9449 -9342
-15766 4679
-6225 7894
-14548 -14030
-19161 -13600
-13198 1710
-15053 -9343
-27112 -11578
-11510 12091
-43644 -14552
7089 11587
-19344 1494
-16559 4568
-16187 2079
-29820 -11052
-30366 -9778
-33118 -8575
-17425 5281
-11243 -339
5036 12284
-38484 -9727
-5819 -1825
-45599 -15986
-19555 -14826
-14541 10409
-13921 15535
9329 11513
13586 14513
-23030 -6962
-6556 11787
-12193 -6220
-26244 5579
-35053 -15031
15242 15248
-11945 -8629
-24104 -190
-39105 -11275
-40552 -8448
-22510 396
-26443 -8870
-1644 13365
-2140 6081
4187 5385
91
-13406 1292
-23823 -10164
-25999 -6135
-34018 -11634
-7690 12151
-16260 12921
-6839 9504
-4771 -2105
-31817 -5349
492 7909
-26289 -2064
-5820 7743
3190 7675
-35975 -14147
6267 8726
-2895 14733
-6885 9586
6445 11556
-34020 -6458
-33192 -5249
-23080 7852
8414 10159
-11827 -1209
-20554 -1900
-1998 -214
-43977 -12567
-22659 -14475
-226 3200
-18179 -703
-13650 8399
-15513 -2497
-32336 -12628
-42401 -14181
-9331 -171
-21737 -10713
-33445 -14669
1485 4789
-12307 -800
-7063 2500
-17694 4326
-33271 -6304
-11082 -1846
-2164 2115
-26669 -7479
-16088 -10944
-21344 3041
-20230 -4638
-10097 -8301
-38255 -6576
-24012 -15128
-23680 7283
14921 15538
-11020 -6053
-17974 13588
-5572 11231
-15106 13892
-934 1412
-23670 -13168
10906 10913
-41600 -11361
8214 11456
-4753 1786
-10668 11846
-26768 -1078
-23348 -13737
-35521 -6172
11642 13300
-14530 -9726
-18832 -12186
-25965 -14509
-32666 -12064
-11220 4663
-21944 3936
-20268 -4541
12742 13014
-46521 -14964
-24345 -8568
-20165 802
-34666 -3915
-21390 -6438
-6094 5240
-21297 -14767
-7646 10992
-31138 -8403
-25249 -12386
-406 7846
-27641 -1010
-16758 582
-28944 3770
-17229 -2580
-12750 14635
87
-28303 -5423
-10937 -1369
-2358 14654
-17073 5528
-30183 661
-23964 5274
-25211 308
14429 14615
-42965 -10507
-10280 12779
5110 6312
-13700 8820
3174 11712
-4010 8168
-20891 -10164
3620 6380
-9961 -1751
-27485 -9374
-8280 -7050
-20255 11394
-25570 -9655
-2674 10028
-7387 -2144
-37557 -11140
10472 13211
-6661 12960
9940 15592
-15089 7654
-44428 -13442
-19236 -12263
-2758 14990
-34073 -5618
-19119 -330
-14539 15226
-41105 -13191
-13156 15622
-15970 748
-36329 -3930
-6378 11953
-4853 7206
1288 14633
-27484 4614
-6037 6118
-16868 -889
-19249 4191
-36336 -8442
-15312 -7192
-46388 -15991
-2112 -2079
-13411 15000
-13891 -12755
-32477 -13490
-36805 -7706
-17763 -15953
-7944 15438
-21443 5436
-31187 -10743
-13709 -3643
-2983 6282
-20924 -7041
-3818 5068
-11630 -8362
6885 15426
-1422 1668
-32253 -15088
-28548 -925
-32205 -5509
-12525 8063
-21101 -16226
-32318 -4368
-26518 -9633
-20607 2279
-10762 -9054
-33271 -2170
-35264 -11843
7718 16373
-43799 -11989
-28414 -6222
-30469 -12412
-27012 -7128
-14918 10924
5233 10372
-33678 -14773
-47346 -14908
-28855 -13186
-30171 -12016
-6899 -6451
86
-2691 14552
2154 5466
-25463 -10515
-27753 4263
-37171 -10575
-10434 10750
-13012 -9535
-10774 -8314
-17159 -12778
-24072 -13159
-42493 -15224
-8149 11885
-37468 -15216
5949 7156
-17707 -8622
-9113 -2816
3901 13275
-37633 -13141
-22211 -10585
-15110 -11530
772 7782
-15739 432
-28000 -8961
-6511 4250
3850 5078
-15773 -2872
-13766 3659
-24025 -4278
-20431 1411
-31619 -4340
-1264 12650
-37110 -13829
-21466 -5384
-20473 4457
-42499 -15436
-25386 1459
-7316 13943
-8824 -4831
-26711 -10893
-43657 -11763
-7340 6515
-18222 -5048
4748 13924
-8406 14777
-18435 6421
-7415 2631
-14096 -3525
-24964 762
-33191 -3400
-27485 -9124
2795 7453
-10168 -8154
-18905 -12179
-32923 -5608
-5016 -4060
-19524 -4055
-44041 -12937
-36766 -10784
-2275 13790
-940 3842
-27860 -13616
-19968 -10899
-25452 1741
-23587 -2492
2036 5026
-21006 -1460
-38873 -10775
1138 11670
-36526 -11825
-45250 -13729
-36612 -13030
-40319 -13516
-13548 -11670
9272 10330
-29685 -1602
-20795 1132
-24612 6715
-16253 3142
-16865 -14039
2125 3618
-25830 -13761
-8427 3073
-37425 -10976
-33165 -12979
-42226 -11227
-15310 13244
77
-11420 -5414
-14909 1172
-12914 15369
-5120 3853
-5542 -4711
-29497 1956
-36838 -4430
-30315 -12054
-1842 425
-8995 -7183
-6419 11566
-19121 -5351
-42185 -12857
-26064 -217
-33914 -9347
-5982 14999
-9573 14292
-1540 5940
-12045 6145
-15600 -13851
-26990 -8360
-17271 4298
-4651 -508
-7124 10119
-20671 10234
-22733 -10784
-31144 -2000
-31336 -13177
-20641 -11255
-16796 -15311
1594 8980
-11004 4847
-18893 12023
-16489 11196
-9523 16294
3639 15442
-40556 -14375
-9386 -8893
-788 13756
-11007 2116
-2074 15336
-20677 -14132
-17657 9874
-12475 -9506
-11744 4354
-15 11298
-15588 3911
-33035 -3269
1484 8234
-19660 -11947
-4934 -1184
-9196 12797
-12547 4100
-30259 -8906
-15616 -14524
-20811 -4151
-17830 -8358
6550 11740
-12645 -3394
-22279 -7226
-28902 -103
-30854 -14046
-24631 893
-16108 6690
-1788 -172
-32396 -9433
-26532 -2153
-13496 -1394
-36242 -15167
-34674 -15156
-35409 -14334
-11289 -8515
-37314 -10185
6883 14905
-25934 -1254
-18092 14569
-15893 16054
32
7327 9149
-7440 -4804
-8209 1101
-19316 -11036
13490 14692
-9289 1378
-14267 7996
-25786 -6287
-36203 -7180
-771 5829
-28117 -7533
3630 13623
11579 12106
-30409 -1758
-6215 14585
-33759 -1267
-8605 9205
-985 1674
-35112 -15863
-35253 -3491
-19297 -13382
-21277 -15391
9023 16079
-3543 8616
-6834 1553
-20529 -9886
-34694 -12720
-13431 -768
-16735 11430
-34656 -9447
-9250 -1536
-31100 -10612
93
-21284 -12734
-27962 -6898
-35665 -11339
-17855 3455
-10821 1851
807 7728
-10956 2932
-25393 -4371
-24152 6040
-11598 6855
-12595 6761
-22857 -9557
-15789 2406
-23415 -4551
8626 12354
-16927 1746
4347 5268
-32803 -5901
-27992 -15920
-3767 14274
-10131 4470
-5645 7911
-43770 -15479
-19719 -12643
-8439 -1213
-16355 -503
-19277 -3065
-11763 -6198
-20292 663
-11844 -2863
37 13959
-19283 2419
10502 12274
-17853 10428
-19870 -661
-11755 -7673
-17164 5686
-1227 15563
-41726 -15175
-4978 5816
1318 5421
-10714 10243
-11735 7321
2933 8702
1993 11265
-6475 7147
-29041 -15398
-19150 -15854
-15715 -9278
-33641 -1263
-40068 -11666
-5822 -2188
-2832 6628
-19058 -8315
-7996 -3094
-9683 4965
-22113 -11586
-10387 12636
-305 12807
-39025 -10642
-32485 -1012
-38378 -13009
-30573 -12508
-10221 7896
-17568 14189
4474 15001
-14954 12481
-11407 10033
511 1254
-22626 -3395
-39953 -9723
-25482 -11059
-3563 1374
5778 14013
-23995 -2503
2812 5699
-39344 -13024
-3460 -2492
-17970 -3253
-14867 -11796
-32528 -14756
-44149 -14851
2129 11341
-17085 -7065
-2621 9126
-36861 -6630
-1501 9203
-7158 12056
-27610 -7563
-35273 -10034
-19412 -12520
10843 13988
-28406 -8795
43
-3308 8780
8163 12632
-21982 -9705
-8409 7947
-10875 4732
-21647 -11858
-41889 -15640
-30866 -2895
-12978 12263
-24271 7069
-14979 2279
-36413 -4616
3254 4927
-18000 -13719
-2451 1647
-5478 9500
-26666 -599
3529 9576
-7440 8849
-18503 -14673
-18792 -2750
-26454 134
-35946 -10863
-17869 14870
9906 12693
-1585 3266
-10304 -665
-12178 6667
-29265 -10202
-2299 -1872
-26723 574
-2019 -743
-21787 2282
-16794 -7947
-39377 -13576
-20410 3619
-13953 15053
-6046 4302
-19642 424
-25796 -2851
-36236 -6101
-17996 4746
-636 10263
48
-23977 -4691
-25407 -4917
-4508 10915
-23919 -10261
-17710 -6680
-16530 694
-14436 13422
-10327 -3371
-39908 -9408
-15876 14538
3424 11029
-42916 -14297
1398 14885
-13885 8189
-19523 -4037
-33528 -10344
-25036 6412
-11096 -7319
-13363 -3897
9116 9796
-41032 -8467
-23773 8908
-16967 -11421
-18026 -7893
-30860 -1594
-40391 -8954
-15683 14078
1540 4015
-1813 9494
-27264 -5475
-24797 330
-19577 -10726
-26705 -16286
-16096 2108
7239 15679
-26037 -14314
-7836 13748
-11313 -3793
-15727 2455
-13808 -13516
-14406 -4073
-12076 2537
-11396 5967
-11230 2405
-13706 -7652
-17915 6783
916 14380
-10909 -3196
40
-20026 2800
-7632 8035
-19207 -14142
-24662 -11379
-22361 -4753
4742 14262
1561 13935
-44855 -13916
-1550 2382
-31042 -7698
-32443 -268
-897 14686
7072 13354
-10094 -8806
-24033 858
-20626 -9981
-11398 2966
-4078 4574
9495 10460
-17010 9394
-38631 -15975
-14952 15856
-9875 3435
9246 14041
6115 14635
-7214 -1635
-19660 3115
-21576 -3904
-16108 -3396
-22085 1474
-25271 4596
-13763 -3329
-41549 -14162
-13150 -4908
-29858 -15919
-15133 -6653
-20328 -1066
-26079 -3239
-13324 -5756
4655 4750
78
-215 6036
6216 7751
-7820 -5210
-10789 3648
-20347 -10559
-25244 -2735
-30883 -6342
-30134 -8569
-14046 -9297
-5787 12685
-526 11835
-944 14205
-20299 -8213
-14922 -7690
-25106 6262
-20831 2159
-31866 -4568
-11056 4043
-7774 -5600
-11777 12333
-917 7355
-13250 -13043
-37142 -10672
-24771 5004
-24885 -10210
-37221 -11516
-7882 4482
-36548 -15388
8348 15726
-14959 12475
-11388 -3050
7919 13714
-27549 1260
-25637 2431
10852 11471
-27303 1655
-11463 -897
-18622 -7324
-25101 853
-20083 -11145
-22844 4657
-11613 1472
991 10931
-9555 9212
-19654 -4434
-10265 -6226
-9881 9177
-42005 -10639
-24223 8136
-9721 11916
3418 12315
-374 12487
-30576 -11530
-12527 15485
-30185 -11343
-7204 -3597
6318 8144
-30179 -12568
-32884 -6091
-24764 -1683
-31696 -7532
-2731 11511
-4810 16168
-28619 -589
-21986 9892
-29706 -6631
-37850 -11155
-33744 -11580
15 8454
5193 8321
-18184 4299
-38711 -16218
-17368 15075
-26199 -2139
-547 7280
-19038 -5664
-16609 11272
-22913 -5441
61
8922 9433
-22995 2964
3039 10029
-16673 -8951
-28239 -6713
-33900 -14549
-15698 7748
-25600 -15348
-29022 -6183
-11020 -10683
-13468 6273
-1683 14136
-22945 1371
-1882 15000
4896 8781
-16089 2860
-47379 -15122
6355 9423
-11954 3747
-1538 12220
-40542 -15864
1396 8456
-13910 1937
-26221 -15248
-13024 -6799
-25007 4949
-12737 -4422
-27051 -763
-6308 -4666
-31486 1084
365 3543
-18041 -10773
-34915 -14342
3823 15671
-10275 5937
-20169 6341
-12172 14288
-2221 13621
-9587 -2520
-7609 12524
-20024 -12189
-44748 -13033
-22326 -4177
-34202 -12308
-5427 15519
-18070 -9165
-17873 4813
-15849 -7674
-17401 -10299
-14175 3285
-8021 -1762
-20823 -11603
-1718 5610
-15026 2233
-30088 -10415
-19396 8457
-5188 15480
-27205 -2670
-15324 -8792
-43071 -15242
-35887 -5460
90
-6387 3974
3309 11761
-4616 8205
-47331 -14645
-5898 10665
-18460 -15395
-16277 -121
-23745 -2086
-19260 8470
3454 11722
-20155 700
-23407 -10402
-32804 -12601
-28073 -2688
11761 12966
-30732 -4305
-3531 3161
-44518 -13686
-7311 3110
-14757 -982
-12202 7822
-42625 -16203
2128 12927
11978 13488
-6828 12235
-4012 7829
-6481 12761
-16301 7974
-21288 -9573
4976 15360
-22980 -11841
-15337 -1933
-17130 -15318
-20800 -3951
-10699 -2142
10057 10885
-36651 -14646
-26817 4647
-18583 6484
-27347 -11571
-11923 11378
-15116 867
-14794 16269
-12012 -10050
-16189 -1734
-13059 -11731
1163 6250
-12192 5201
-40114 -14880
-25726 -6609
998 6633
-27514 1156
-13803 10823
-4673 16216
12118 13422
-15099 5590
-9042 14323
-29698 -15269
-10887 5441
-30349 -1843
831 1166
-15462 8494
-3458 -1779
-23696 2161
-28545 -15259
8446 13708
-17884 3683
-46928 -16178
-5196 -2837
-5725 4979
-7753 -6091
-17163 -14986
-1353 5942
-10733 3494
-21992 91
-21488 -2052
-13333 -1411
-29717 -10708
-22090 -13806
-15386 7802
72 5792
-10284 11471
-43379 -11144
3688 6668
-2731 -2400
-22648 7582
-12243 -751
2970 11603
12071 13090
-15406 -12437
53
-2656 2194
-13704 1896
6206 14987
-11804 -10302
-20997 4623
-23493 7091
-9455 -1743
9711 13694
-17942 -14130
-38069 -12649
-42056 -13128
-17014 7411
-35328 -11500
-19231 3457
-45777 -13567
-2155 -2055
-5085 13947
11780 16340
-18238 -3202
-17474 1691
-2682 8302
-12914 -11419
-16370 8118
-13174 -11364
-25425 -336
-14810 6399
-24832 -15419
-9914 -1811
-16527 -6187
-18362 -3872
-4653 -296
-12268 13368
-36623 -11322
-23498 -14534
-23786 -1099
-36892 -13480
7075 9281
-25586 -8014
-10846 8497
-25994 -16162
-7345 -680
-19017 -2332
-16729 4792
-39333 -10099
-14588 -4626
-17175 9438
-1120 202
-36620 -5153
-31958 -6083
-23250 9121
-28583 -13960
-3983 3710
-19595 2642
95
-20001 -9528
-17102 -3
-14739 15610
-42664 -15962
-43944 -12749
-24651 -8688
-19635 -4237
-33332 -2994
-9857 8091
-25610 6763
-18820 -14815
3752 7608
-4358 5640
-3889 7525
-13910 7440
-18671 13135
-25342 -11478
3115 7961
3603 15918
1592 10110
-4007 -560
1285 9701
-27000 -11311
-30368 -4042
-7078 -910
-10904 5357
-36507 -5330
-23076 7533
3304 16296
-43924 -13674
-3429 1763
-19700 -103
124 7345
-36802 -12533
-16986 -16018
-11162 -8647
539 14317
-22503 4796
-28777 -77
4971 15949
-5284 -157
-14779 15578
-14070 13178
-18003 14553
-10650 13628
-9699 2524
-18384 11759
-38194 -7835
2031 2630
-3572 14844
-23867 544
-381 15488
-26306 -14221
-27250 4027
-28647 -2174
-25973 -14792
-7640 3415
-32981 -8615
-11508 3181
-29508 2212
-23787 5293
5759 10334
-11256 2203
-39690 -15781
-4358 4818
-21964 -12780
6929 8110
-12499 7418
-10912 8008
-38395 -13302
6577 9127
-21149 -3166
-13222 12084
-24388 2451
-19191 -14481
-3671 10615
-9581 8161
11828 14149
-28730 -3759
-18396 4130
-32451 -11973
-16042 15738
5160 7550
-24314 -8624
-39390 -12203
-11745 15058
-16899 -12152
-5488 13873
-17002 4580
-9321 4783
-23389 6632
-13546 15354
-2943 15553
-10790 3000
-15095 9849
43
-21247 -3733
-5187 10771
-21684 -12731
-3034 5966
-36611 -15234
-35547 -14241
-42445 -14143
-29081 -12301
-34161 -16165
-25857 -4908
-31685 -7814
-12043 -2616
-7167 6453
-16936 15543
8789 11469
-20409 11531
-26260 -5965
7819 10588
-28605 3018
-26080 -5043
-13642 -12435
-8122 -3919
7826 12468
6037 9459
-25189 -8461
-13691 -4684
-7002 -3196
12041 15285
-24670 -10553
-13547 14584
-11603 -2458
-31182 -11998
-2013 12510
-18415 6436
938 6715
-15340 -9702
-9658 -478
-44570 -15501
-45205 -15595
-19707 2131
-18683 4851
-31406 -5067
-25455 -4930
9
-9073 8239
-21202 5242
-21828 -1555
-20953 -9052
-3173 9358
-27906 -5202
-20442 -15547
-16126 -14465
-18249 7515
22
-34009 -2834
-22819 5741
-5159 1244
-21779 -542
-12153 -11871
-42465 -16207
-13583 6896
10931 11725
-33316 -14850
-23527 -6216
-4446 14822
-45830 -15362
-39997 -9395
-33204 -15358
-12176 -5311
-21659 2812
-41691 -12953
-20728 -2749
-25296 -1706
11633 13512
323 6974
-25747 5859
73
-18058 -12088
-2659 7407
-25298 429
-28943 2836
-46147 -15170
-39570 -12885
-42581 -14319
-10632 -4958
-10267 1301
-31018 -4098
520 8230
-31860 -9196
-6734 -6561
9128 15868
-11565 -8784
-34033 -9149
-6920 6960
-20914 -8224
-35421 -11340
-2196 2409
-14442 -9568
-21572 -14713
-17628 765
4773 15272
-9343 5836
-8839 5619
-27374 -10086
4166 14721
-39749 -15531
-21602 8138
-12235 -930
-6290 -1443
-2217 11231
-12594 -4651
3689 12127
-29492 -1784
-28297 -9580
-17855 -9087
153 14968
-865 5681
-2739 3743
-47682 -15007
-8002 -4921
1203 2795
-48357 -15695
6043 14762
-21533 10799
-12694 -5329
-44235 -15489
-45378 -13131
-25566 2519
10415 14423
-12291 -10687
-4961 -4479
-7513 1193
-28155 933
-28699 -4300
-32957 -10705
8620 13268
629 8378
-20623 -2022
-29887 -892
-22917 8011
-35423 -6113
-5327 9909
-19009 9834
-7315 7235
-19272 2496
-17974 -7344
-20876 -145
10736 15289
-8073 -4244
9709 16182
93
8629 10910
-35558 -7057
-1803 13356
-27234 -11555
-5318 786
-18264 1854
-16968 7138
4967 7233
-13919 -4756
-26823 -5406
-12865 10534
-45125 -14867
-17148 -1326
-23088 3773
-26096 -7334
-26688 1866
-4144 15103
-2500 1379
-2305 7858
-18830 -5321
-34622 -13118
-5859 2330
-464 13496
-39273 -13178
-8985 16000
-16412 -8096
-20328 3273
1224 8829
-11878 16045
-4397 4709
-10117 -2923
367 7511
-16759 7255
-20744 -5235
-21651 -14174
-27965 4800
-80 6044
-12236 -11793
-21420 -4919
9933 14941
-6308 559
-13510 -5671
-12956 5304
5476 14913
40 12247
-27770 2633
-11744 -9106
-28109 889
3843 14064
-22163 373
-3745 12483
-8527 -383
-10969 232
-5108 10564
-18621 2013
-17369 1996
4640 10946
-21673 -13357
-22717 -5700
7598 15425
-14898 13719
-34292 -10254
-25055 -14161
-26068 5560
-19877 1808
-16453 -6748
-3085 10716
-24995 -10367
7747 14829
-30009 2722
-8675 7612
-41272 -13602
-10668 16001
-23970 -296
-28332 2204
-30268 -13436
-36949 -13516
-10111 4326
9117 15134
-18053 9245
-13902 7424
-25597 -5471
-20917 -9546
9702 15049
-12249 2036
-13694 9616
-20478 6701
-26931 3480
-33513 -10316
-15762 12143
-20806 -15838
-27192 -238
-25889 -9
47
-16348 2471
-733 12241
-35478 -11663
-16403 5856
-24454 7826
-26314 4756
-9296 -8204
-18754 -11181
-30911 1082
-7452 -3865
-37620 -11858
-47366 -15078
-27289 4218
-6511 2179
-25355 -11236
-23605 671
-9363 -1772
-25426 5668
-21647 10975
-20116 5777
-23714 1577
958 7178
3864 11071
-16600 -13981
-34085 -11069
-1453 14459
-24818 -14685
-32424 203
-751 10571
-9969 3134
-756 9498
-13466 11843
-41792 -11757
-13145 12577
-16552 -12330
-30257 -12916
-20938 6606
-36901 -16267
-9529 -5205
-33764 -3290
-36527 -13805
-23169 -5747
-13119 916
-20761 -5416
-9344 15838
-19851 6211
-31427 -7377
74
-21433 -4012
-35108 -7602
-28022 -11323
-19063 12414
-31907 -10940
-44087 -12474
-27346 -12465
-14847 14275
-8711 9098
-15224 -2737
-8362 14783
6205 15526
-18549 -4061
-11248 -440
-22630 -7973
-29801 -2018
-429 8382
-26976 2655
-34717 -9379
-36420 -11339
-23198 -4032
-13359 -10084
-7703 -2701
-12118 14859
-35173 -15550
-16249 16215
-5066 -4800
-6996 14164
-23382 -13170
-3851 -2883
-14048 -167
-7585 -5674
-25327 421
-5473 10063
-47535 -15543
-34640 -15764
-26078 -8389
-37284 -6557
-32958 -10226
4826 5382
-2820 -583
-11697 -9567
-12486 -8038
-9621 -1754
-18543 -2629
-23571 -12665
-31917 -12205
-1729 -1436
-4448 5264
-30214 1766
-13196 1939
-25726 6379
-17477 -8003
-6517 -5277
-36520 -16343
-20048 6649
-22720 -4487
-18172 -265
-16252 -13866
-3432 10339
-19870 1074
-16359 10350
-15789 5840
-25258 -15088
-22240 3847
-42032 -13588
-21778 6211
-1197 1913
-19380 -6324
-20612 11875
-29621 -5429
8783 11823
-21627 -6902
964 14367
59
-29836 -13624
-15227 -14080
-22008 -8895
-32565 -13661
-12679 1945
-19762 -12961
-24901 -14366
-1910 4584
-19161 -14459
-20565 2332
-11952 -9348
-21279 -2596
-13868 -11070
-17366 -7909
3880 13576
-17884 5172
3945 7082
-27038 3457
-13521 -287
3765 9001
-5286 1338
-35968 -14279
-22555 4935
-15097 10231
-12369 -7788
-1602 2931
-16042 11996
-16997 15710
-23298 -7555
-34203 -8161
-18652 13098
-34556 -5596
-2962 9696
-5167 15478
-2437 -1765
-19994 1937
-44620 -12215
-23699 -3470
-15333 13183
14066 14321
1305 14187
-12366 11857
-31151 -7798
-31509 -4842
-2704 7322
-19925 1302
-12547 -11949
-24413 -301
-11741 -2222
-26254 4872
9612 12886
-20227 -11902
-33498 -12370
6963 10801
4349 14322
-10005 3199
-19198 10482
3624 4320
-40481 -13332
63
-27846 -12485
11537 15672
-17627 -13298
-19022 -11109
-9883 -9396
-8349 12737
-26239 -12679
-19370 -11526
-4676 15372
-31900 -11006
-17884 3627
-7274 6110
-35673 -4425
-11072 11015
-13794 13448
-29435 -15158
-10144 13818
-31884 -14097
3408 9384
-14454 8857
-17682 -10633
-18996 -2707
-3990 8151
-26283 -5642
-22485 9029
-13723 6472
-9493 14868
-9745 -9244
-30785 -9618
-9684 -36
-16089 7830
-11221 10808
-12510 -11921
-34211 -6249
-2500 9282
10285 12314
-35939 -3652
-16764 -7555
-16869 12854
-4760 -1401
-25527 1338
-1409 1701
-24699 -3006
5285 8402
-27636 -11582
-15240 -4423
-35319 -8343
-30221 -4834
-1119 2724
-18705 2682
-15350 1637
-26950 -11035
-17519 802
-3412 16185
-15178 15904
-31825 -16011
-18894 -15119
-40752 -10145
-16881 4668
-1324 10350
-18001 -6212
-19260 -14362
-27931 2443
81
-29657 2759
-43578 -13149
-45566 -14184
-38659 -6720
-14911 -9615
-11296 -1592
-26004 2695
-13763 -9789
-26931 4160
-22099 -14485
-23104 841
-10144 8416
-22655 1251
-15117 -2915
-4102 4989
-10441 4523
-16867 15496
-24055 -6124
-987 8327
-23009 -12901
-26380 -667
-2602 -1366
-13734 13068
-30201 -11380
-30615 -2509
-26672 -11812
4548 9591
-18579 8766
-14097 -2898
-21506 -13747
-17761 -7560
-25504 -5420
7432 11286
-29451 -3520
6195 13184
-38275 -11435
-22714 2993
-2595 5153
-7460 8006
-40716 -14034
1100 9543
-37780 -12036
-36348 -10171
-10620 -7250
-23347 9125
-38167 -13564
13861 15163
-31877 -10615
-39030 -12005
-13783 -8178
-36150 -8789
-29769 -2986
-3242 11773
-5228 -3053
-18290 11356
-46937 -16111
-12011 5925
-23776 -13390
-24803 6617
-11447 5274
-14920 -913
-7852 -2389
-16594 -8977
-45524 -13004
-5054 10044
-25275 -13723
-4980 16177
-4242 4615
4037 4336
-33124 -5014
-20460 -1161
-13634 9630
-15003 -13963
-14452 -4891
431 11355
-42150 -14231
-14767 -4683
-33057 -3797
-15784 -13637
-12783 11068
2512 11811
23
-42995 -11194
-11179 1570
348 9870
-11529 1538
-25924 -13190
-4486 -3148
-31097 1124
-3449 13829
-34756 -12753
-29418 -15464
-8177 2605
-27011 -10010
-3207 -192
-41348 -12412
-7479 3136
-29101 -1371
-13391 2205
-20532 11487
-1831 6214
-38576 -13518
-33169 -2359
-266 4422
-15436 -581
96
-10226 615
-9788 8395
-27680 -1456
-24304 -6060
-16937 5714
-18028 -5315
-31753 771
-9745 -7966
-20916 2489
-13552 -4749
-28229 322
-3705 14408
-7213 14037
-16429 15476
-16485 -7351
-7753 1948
-21661 133
-36729 -9462
-4203 4920
-32652 -7427
3715 15562
-10523 -1981
-21191 10642
6592 8202
-17079 12105
-14404 15860
-18526 12222
-13906 11369
-18341 5068
-4895 12081
-13438 -3447
-27041 -3006
-17679 14529
-190 5846
-21225 -7005
-13817 -10047
-6961 10681
-16166 1538
-3538 4382
3304 13976
-23473 -5653
-18767 -7529
3110 7666
-16556 -902
-8108 16047
-23838 1467
-28178 -8581
-27730 -11871
-7594 2563
-16742 -5542
-13819 -2567
-38808 -13239
92 13577
-19441 -5215
-2952 2575
-7675 14387
1788 10887
-10096 4996
-11034 1348
-15080 -4829
-40099 -7834
-22923 -1735
-33665 -5754
4162 13666
-29388 -2253
-2263 12219
-11265 12962
-43464 -15299
-20279 -9567
-33496 -15287
-39498 -14131
-10311 15491
-26382 1541
-33286 -13084
-6270 798
-41574 -14581
-42731 -13864
-13254 1748
1234 14865
-11587 14636
-18646 10041
405 1316
-5979 -5626
-25067 -13500
-10826 14953
-34622 -4319
-30840 -6720
-17245 -8399
7632 13645
-30834 -12577
-22117 6375
-25733 -10533
-5858 -5649
-34605 -4172
-19317 -9594
-20034 -1368
69
11372 14630
-18762 -14782
-22030 -9737
-33505 -10905
-21963 -1658
7813 15316
-36386 -3646
-17603 4227
-29065 -5102
-29781 -2127
-20993 -9416
-2991 3042
-44164 -13189
-41254 -10203
-34680 -11259
-38862 -14439
-21533 6282
-3183 11824
-17153 -15830
-19829 -12621
-31593 -12135
-19935 518
-9672 7293
-33581 -7250
-14636 2071
-7765 10128
1110 8998
-4013 -773
-42456 -14840
-17889 8937
-6449 -6109
-6109 4482
-6544 13699
-18882 -8990
1639 10180
-7380 13596
-10793 9779
9624 10111
-7372 -3792
-18905 1304
-26918 -9001
-372 4727
-9576 7903
-33382 -6986
7748 13249
-4018 4024
-14007 7965
-12318 2479
-22220 2906
-19236 -6175
-4788 3214
-20701 -10069
-16618 2717
-23801 -314
2035 5796
-17576 4553
-3162 12184
-32657 -6161
-16411 14890
-23480 -13029
-5905 12270
-27770 -13543
-15593 -13891
-42099 -14553
4433 10584
-2676 6324
-22326 -14771
-31089 -665
-20107 8735
67
-7628 10708
-9917 13324
4259 10821
-21556 -2230
-32450 -2547
-37565 -7821
3809 14263
-40966 -10866
-23834 -4178
-3966 1395
-29972 -595
-17922 -6432
-24659 -8584
-7312 -312
-29493 -3638
-23024 -2322
-30304 -9074
-13166 12723
-11502 -9391
-33923 -12244
-18849 6392
-28039 -8584
-33557 -8786
-2401 6737
2328 10785
-27192 2016
-3060 4846
-36128 -14122
-33656 -4007
-29902 -5704
5817 13890
-6982 6522
-4863 2133
-27272 -176
-24117 -8576
5049 8897
-23970 -12886
-24722 6653
-42329 -14174
-27530 -3472
-26098 -4779
-2571 1943
-1724 12869
669 15379
-28399 2102
-24062 -14084
-44504 -15318
-1305 6007
-12811 -6768
-32108 -10101
-16277 3257
-43745 -12496
10968 13707
-22848 169
-12366 2681
7712 16148
-8343 -7245
-38999 -15808
-22988 -14695
-44588 -15682
-29978 -1674
-15745 -13509
-20808 -149
-10954 13325
-482 4265
-3449 -757
-32109 -7453
54
-3248 2387
-29326 -12138
-8455 -2027
-24564 1392
-32374 -8918
-20647 -5926
-14034 -6143
-23207 2136
-12709 2523
-20289 5083
-25623 -13357
-12924 997
-33770 -14820
-34187 -5395
-9564 7307
-21560 -2555
-13349 9301
-30045 -8006
-14170 5913
-28237 -8132
-20582 -2271
-26949 -13889
-25847 2277
-12000 -2016
-25582 1488
-4735 13516
-5452 -5049
-16834 10206
-25897 4328
-26356 4999
-39327 -10993
-36473 -8525
7239 9887
-16193 13033
-15208 11519
-13880 12659
-30318 -14494
-13489 960
-35407 -16308
-20961 -13562
-26949 -9646
-16193 13099
5589 6689
4087 11494
-11120 -3647
-5018 4898
7932 12571
11534 16291
-32077 -8263
-16666 -11541
-9489 -7218
4462 13151
-24171 6774
-4042 1958
42
-32856 -4103
-6664 5854
-22605 -5004
-38459 -7381
-11080 -5123
-27577 -7305
-6325 11215
-7378 1251
-22776 -1757
7031 11938
-15004 9707
-7485 -944
-16002 13763
-15966 -3451
-33554 -10459
-8474 -7767
-11886 -804
-15374 -5366
-1947 11195
-34295 -9173
-28344 -12146
-12126 -11168
7129 12881
-25425 -5993
-20167 -11104
-16133 14713
-12568 -8593
-12436 12210
-32117 -9989
-27815 -11636
-14655 -9472
-11041 -4925
-7948 -3027
-23257 -3179
-28637 -4907
-31811 -7144
-9031 11751
-21283 2768
-9893 -6880
-7993 -5759
9395 14719
-3063 12098
94
-20256 -6222
15764 15874
-44807 -12248
-15597 11759
4127 8836
-25897 6058
-31550 -11417
-37560 -5007
-4857 -3426
-12244 -3045
-22698 3398
-31821 -8106
-10259 -1228
-15219 9524
-13457 7060
-15628 15078
-22924 -15153
-12607 11463
-36325 -5197
-14214 6556
-27244 -14898
-6303 2329
-13131 -5350
-7033 15016
11150 15072
-25897 -11929
-16660 2006
-21462 367
-42506 -12406
-17575 8796
-24391 260
-46265 -13558
-8268 5799
-11534 -9572
-16276 1881
-26998 4803
-38149 -11548
-10887 10045
9376 11675
-8842 -6501
-1202 3904
-28009 -8120
3648 10533
-932 11207
900 1938
-6204 13628
-17780 -7577
11867 13102
-13377 -7934
-19895 10635
-39668 -10909
-24733 7660
4981 12942
-32450 -7909
-30303 -15823
-16840 4563
-35989 -8825
1932 15558
-6540 11644
-12699 15844
-76 13842
-45588 -14629
-16892 12547
-17840 11994
-22090 -1112
-23323 -4197
-9956 7193
-23258 -3168
-7644 8598
-10543 6589
-14118 -7130
-17175 4566
-34045 -6275
-26153 -2326
-38744 -6877
-45975 -13744
-46680 -15917
-15888 13377
-24507 -3550
3399 11671
2232 4705
-19738 -2348
-6725 13763
-17934 102
-1499 12483
4688 10282
-32918 -7488
-8275 -4050
-46794 -15638
-18026 4795
1531 13410
-3962 6035
-21377 -6755
-38925 -12681
22
-14925 -10082
-26469 -626
-8237 7441
-18388 2260
2010 11424
-8187 -6944
7898 13891
-35257 -10354
-25481 -14632
5165 11714
-5069 13427
-12841 8535
-35901 -11275
-38111 -9384
4701 11488
-7823 -6541
-5880 8041
-8575 9642
-17427 12495
-19398 9036
-17245 -3604
-35461 -13276
6
-17513 -6522
-10481 5893
-17945 -3589
-23058 -5815
-36362 -15483
-6530 3783
78
-5434 12080
-34393 -13546
-7764 -6398
-41240 -15769
-19133 -10739
10693 11661
-26119 320
-15714 15636
-45131 -15703
-24299 -5735
1960 5864
-40866 -13091
-25831 -8478
-21365 4376
-7363 -5702
-10015 -5488
-32257 -9475
-37082 -12439
-37935 -16100
-30734 -7745
-32126 -4064
15356 16370
-28407 -2919
-404 12097
-1964 13015
-20435 -11109
-8932 1629
-17351 -4175
-22862 -2669
-29460 -13232
-24880 -12869
-21932 -8722
618 15142
-11907 14723
-11395 12712
-11065 -7782
-17443 14665
5425 6311
-12024 -3267
-6996 11675
-30473 -5353
-24213 -2378
-20504 2105
-9682 -4452
12087 13199
-13411 10156
-2779 1405
1673 2445
-12884 4117
-28855 3337
-942 6542
-14843 -5601
-39181 -9487
-6141 -5037
-24168 5910
-34306 -7863
-21698 7631
-38034 -10862
-21587 3939
-15650 5062
-32184 -3010
-23749 6611
-2600 -794
-34272 -1900
-10911 -463
-22739 -11866
-9745 -586
-37810 -6281
-26265 -7551
-35051 -3169
-9639 7691
-11517 14196
-26422 -7831
-27432 -1320
3083 12995
-28952 -4778
-33402 -2296
-8600 7534
92
-30422 -15531
-13677 6260
-8262 12985
-7116 11067
-29364 -10476
-8149 -7799
-8872 2186
-5075 5679
-23078 -14564
-25439 3307
-24348 -10989
-27991 -23
-15570 -12126
1845 9865
-24668 4295
-13550 6499
-38922 -13966
-13318 14217
6699 15081
-20832 -3829
-5330 -3989
3533 6849
-33186 -11757
-4515 12100
-1502 3584
-1952 8510
2419 7347
1312 8932
-9617 -6984
-28108 1728
-22036 -15991
-22126 7604
-5118 -3665
-12646 13884
8607 12330
42 8435
-5354 -749
-41040 -8615
-38992 -9856
-29389 -9773
-3526 -1368
-14231 -10765
-13675 14408
-6460 -4614
-17336 14917
-20860 -12133
-11760 10642
-22842 6146
-22931 -6060
-37741 -7403
-7882 5444
-25359 5114
-36314 -8619
-39947 -10279
-26514 -6504
-16178 -9245
-47295 -15524
-28965 -11373
-34966 -11111
-7243 13363
-2600 -881
-44474 -13917
-16593 -1366
-23856 2134
-34728 -4695
-28667 -16227
-27631 -16129
-26347 5928
-19074 2425
-34630 -6455
-8266 5410
-11954 -4228
599 12900
-25130 -2395
-36078 -3473
-2028 15512
-7105 -5409
-15465 -5282
-6040 15000
-12849 -7497
-27935 -10763
-3311 1371
-15024 -8669
-10058 -5243
-17859 1991
-13279 7858
-41814 -11033
-43309 -15706
-868 9735
-26758 -12367
-36691 -6510
-36865 -15824
68
-16244 -7199
1943 2748
-24803 -4535
-8758 10059
-35198 -11688
4236 15362
-10929 -9368
-16480 -2522
-9750 -7931
293 10963
-3106 11079
-21152 -531
-29152 -3746
-9329 -2728
-3476 9839
-41027 -13204
-19059 2207
6538 7075
-850 9837
-7168 10389
-37973 -12732
-35228 -3545
3171 7248
-31232 -13057
-250 6802
-1797 9275
-15519 10031
-1502 12898
-5321 5390
-16964 -14694
1416 15009
-14500 -5604
-27927 -7421
-32598 -1562
-11572 -10940
-3786 2223
-17961 -6655
-6321 7456
-40657 -14537
-7737 8257
-16694 2648
2764 4146
-2366 2207
-27724 -13541
5535 9633
-15922 1637
939 8230
-33740 -14805
-32449 -6858
-21867 -5909
-999 6519
-19187 7042
-29275 -13130
-35601 -13993
-3504 3011
-39273 -9002
-46630 -15230
-37830 -7136
-3934 12351
-36426 -4608
-15878 14402
-16027 13090
-27790 2211
-9757 -8321
-18129 -15008
-27411 4124
-7372 5549
-37084 -9996
31
-4441 5592
-30538 -6575
-25709 -4298
-17822 7063
-14600 100
-27691 -10614
-1506 7959
-23780 2354
-15877 12593
-41129 -14055
-6847 -446
-28847 -13064
-144 14927
-17151 -4721
4326 11731
-14803 11733
5098 7940
-26137 3665
-22845 -8105
-19667 12232
-9530 10310
-8084 2328
-18333 5713
-6115 13412
2103 2371
-26041 6001
-3811 10934
-8422 -5296
-33988 -11303
-11653 -6338
2073 12145
92
-42725 -10696
-5561 11641
-19975 3032
-24713 -6256
-31482 -2338
-35220 -15932
-45193 -12597
-15712 10953
-44808 -13314
-27265 4876
-24846 134
-5053 11313
-16162 13109
11966 15552
-23143 -3851
-12503 -9189
-15951 -14241
-9480 10932
-22861 -7286
-13146 -9604
-7299 -3039
-4469 7071
-624 9657
-24925 -16018
-11428 2657
-15515 13212
-18541 13690
-15980 -82
-27272 -1847
-15609 7853
-4562 -2102
-24959 -15586
-246 1351
-20355 -15564
-7964 -214
-35585 -3261
-4000 7312
-19866 1144
-12473 -7650
1335 15304
-12590 12440
-25359 5414
4858 8623
-1571 9977
-16693 10011
-33828 -9779
-1616 8170
-28104 -14264
-25146 -10216
-41866 -9376
-8406 9823
-29663 -2356
-17332 7248
-43107 -13896
-30916 -861
-12805 6077
-10245 -5172
-9280 3600
-18487 3791
-12098 -1798
-10887 3156
-18722 -4728
4801 9214
-13839 15235
-17788 -12295
-8061 15266
-20440 9426
-27222 -12801
-38940 -7284
977 7368
-34800 -3600
-8049 -2249
4981 11556
-13964 -10044
-17252 -13697
-28200 -3943
545 15004
-7765 15686
-27649 -15699
-2742 4278
-32285 -16366
-12731 4193
-36229 -13781
-23237 1476
9157 9834
-4960 4878
-31646 -15700
-19308 8221
-18974 10697
-16469 5032
-14313 9833
6345 11454
58
-34231 -13641
-43028 -10613
-2355 5781
-45987 -13336
-23293 -12536
-18277 -7509
-14773 -10931
4990 12431
-31089 -4990
-9526 3656
-10152 5294
-12338 -5457
5597 5890
-24341 -9953
-2289 10079
-28631 -8417
-4946 16152
-22845 -15039
-4010 5368
-31300 -4278
-42607 -10617
-7321 -110
-14362 1673
-14846 -13906
-19992 9416
-29893 -10163
-22200 787
-13111 2656
-7197 -5241
-19980 2942
-26156 -1011
-16851 11142
-14205 -9436
-21354 -9850
-5452 10721
-38758 -14885
-19049 -10445
-19594 -4198
-5410 14444
1741 8495
-12351 2813
-15304 8260
-42724 -15487
-15917 5349
-25486 -12802
-15407 -5151
5639 9063
-3320 14451
-11287 -10139
-40828 -9951
-27130 2390
-23016 -7195
-36040 -14441
-19480 7563
-27822 -5122
-9472 90
-29123 -3413
-23329 5622
25
-25720 1036
-28276 -8070
-25035 -4795
-37633 -14990
-14462 8366
-26380 -683
8583 16226
-1842 5167
-2233 10484
-8156 -3493
-4738 -2647
-36343 -14256
-9105 -7964
-13978 -4930
-17737 14305
-17855 -7974
-5858 8358
-33772 -4363
-20638 -13001
3353 5972
-17907 -4342
7834 16188
-5826 -326
-42429 -10676
-16255 11263
44
-29757 -10848
-32139 582
5429 8273
-40421 -8499
-19049 6288
-5711 -4693
-23752 340
-33652 -14279
-21865 -3488
3480 5367
-21394 7112
-29212 1836
-32572 -7503
-6094 461
-12546 15192
-26228 -7776
-38162 -7082
-2351 12961
-14622 -6366
-20669 -11099
-30026 471
-25574 -11459
-40991 -8649
-4844 -2851
651 14832
-15870 -15042
-22635 -7137
-16037 7936
-14416 13331
-17459 -1900
-41114 -8877
-4921 -1959
-19405 -15134
-6128 5125
11916 15297
-15278 16199
-42762 -15690
-27985 -4693
5136 15180
-19638 -5187
4009 10779
-26913 -11407
-26422 -4535
-693 8130
73
-24083 1414
-14219 8823
-3920 6305
-18970 -6222
-29980 29
-8014 1001
-10516 -7450
-40225 -10861
-15483 5183
-13932 -11219
-19561 8887
-8341 14034
-25855 -11431
-20546 -5876
-25493 -8924
-27913 -15894
-2026 -1861
5090 12626
-25684 6237
-33283 -10343
-23792 -9194
-6973 15185
-26065 5687
-3066 4450
-12336 -3067
-42699 -13475
2399 7854
-27218 -8180
-6204 -6015
-30185 590
-13010 -9635
2719 14881
5097 13674
-13218 5121
-6618 15624
-33899 -9615
-31024 -8955
-13556 3543
-9380 19
-13224 3724
1687 10873
-7885 11572
-7050 11528
-27196 5451
-18710 1105
-19466 -14847
-11349 14357
-8253 3400
-23798 -12547
3208 14635
-16447 10891
-25776 -3231
-30779 -8367
-3542 -1246
-37359 -8863
-9100 12601
-8839 -764
1072 10843
-33666 -15441
-11188 15287
-24043 -2766
5115 13774
-46208 -15053
-29951 -15995
-7401 15579
-257 4984
10270 10447
-9779 -5742
1934 9058
-14145 1755
-18962 3849
-23301 8592
-9703 5391
1
-31193 -15697
61
-10778 -905
-11548 -4723
-24377 -10403
-8115 -2913
5368 8448
-24144 -9620
-8602 6546
-20774 9147
-15444 -14293
-34868 -12896
-12951 14505
-22894 6642
-18804 -13382
-28140 0
-35420 -13001
4574 5504
-20685 -15180
759 968
-7943 13397
-12878 -8895
5707 14819
-17290 -6376
-35494 -14818
-3179 11062
-35443 -8619
-9699 -6541
3786 7221
-15457 9990
-20025 -8225
11019 12096
-9892 -6083
-12682 -3973
-31535 -14955
-1041 12877
-38095 -9634
-8368 14849
-18538 -8621
-24313 1607
-24963 6087
-23054 -3286
7185 16184
-16349 -9661
-21631 -16090
-24395 812
-14516 -11739
-9569 -1992
658 2354
-14722 4961
-29854 -3005
-26773 -10366
-39408 -9438
-36667 -5689
-20100 9338
-13051 16225
-15251 4402
-31345 -11394
-35881 -15877
-13444 -1672
-11729 15141
-7822 8012
-18500 -9545
83
-18140 -4639
-38721 -12070
-25438 -6522
-45935 -15775
10882 14023
-11111 1043
-25782 -15927
-25577 -9756
-35145 -4160
3877 5950
-7095 9743
-16433 -1976
-22312 2737
-12262 8296
-7907 5847
-32484 -7673
2377 15570
-2302 13204
-7791 9524
-15829 -2613
-16450 -14542
-17101 -4297
-8767 -8115
-12288 8437
-19138 3890
-22569 -10052
-2020 5598
-2966 9242
-18918 1797
-17946 2304
-16548 -7499
-14327 10113
-11270 -6601
-6614 10455
-20337 4918
-15281 8103
1998 12834
-16070 15750
-34543 -11305
-27270 443
5088 5754
-35971 -15034
-1907 12708
-21347 -14302
-23104 3523
-5328 9160
-31997 -5443
-28264 -14604
-18347 -9770
-12713 -8533
-7492 3795
-35557 -12163
-18990 -13217
-21298 10760
-26025 -4177
678 10685
-9795 -8350
-36294 -15129
-39233 -7765
-36214 -12568
-11543 7601
6166 9670
-32464 -13258
-9240 2023
-23172 -9353
-26710 -2279
-24263 2644
-14671 -13098
-13079 16049
-25586 -7227
-16716 6940
-33373 -1405
-25098 6064
-3029 13220
5071 8761
-24495 -10507
-5962 2457
-15175 14340
-8442 14442
-35558 -6685
-9586 740
-1470 2088
-6876 3073
68
-29653 -11766
-10263 9646
-16060 -11606
-27509 -8672
3034 3334
6142 14724
-15232 2070
-20502 8889
-9599 4801
-24973 -10756
-16974 -3504
-11632 8958
-42688 -10973
-18087 5433
-36991 -8798
-34730 -2429
-22843 -9865
-40749 -8220
-26845 -1797
-37847 -13147
-22195 6893
-28397 -7255
-27042 106
-15871 -5375
-10071 -743
-7075 6586
-8822 -2137
4327 15353
-14282 -12685
-37630 -8885
-27252 -2934
-4870 -4810
-36638 -9515
-12444 4628
-30246 -1647
-24222 7713
-17619 3584
-25609 -9518
-11651 -8098
-21928 7784
-14043 9751
-38595 -8250
-16887 -11209
-4311 15487
-32664 -2526
-21049 9524
-33882 -9083
-17361 9245
-11228 14476
-9670 -3611
-31477 -2218
-33580 -13125
-12518 -3674
-19640 -14938
-46980 -15397
-19054 -2024
-8811 -7646
-37966 -8249
4818 15594
-16907 -16200
-10378 2456
-33205 -10852
-18063 892
-17770 14432
-13782 14596
-14345 14592
1106 14640
-10463 5788
22
-7222 -3434
609 11559
-25707 -11571
-12981 -2325
-17243 -11767
-28573 -9464
-15780 11046
-24411 2785
7186 14142
-4439 10752
-34395 -15156
-18508 -423
-31482 -5615
-29749 -2605
-26419 -10569
-18245 9476
-31802 -5963
-21967 9020
-5759 2162
-12599 -6202
-12315 4141
-28138 3178
-1