7 9
7 36
12 24
5 6
1 27
23 34
3 34
11 19
30 34
1 41
36 41
1 2
7 20
18 27
5 27
5 7
7 26
2 14
25 28
23 26
1 3
11 22
2 3
21 24
18 32
15 24
17 20
16 17
8 38
7 8
28 32
1 3
18 31
24 29
5 16
27 31
10 41
8 16
11 14
1 7
2 6
11 24
13 21
2 14
14 18
2 9
16 20
3 8
7 16
5 8
12 30
2 37
10 38
24 32
15 21
10 27
5 12
13 17
3 10
23 25
24 33
3 4
11 39
14 20
13 22
3 8
15 29
8 21
7 16
20 40
11 30
2 9
1 2
1 2
6 13
30 33
9 17
6 17
15 25
5 8
23 31
3 4
1 37
31 39
4 25
5 29
10 11
19 28
15 16
2 3
7 36
2 22
12 36
29 33
3 10
17 19
8 12
1 5
11 15
4 26
-1