10 20
23 57
21 25
9 35
22 37
1 13
32 59
14 37
15 20
27 28
7 8
17 36
24 51
26 38
11 44
11 28
12 17
3 7
5 59
25 36
26 55
35 41
14 21
28 49
29 56
7 15
27 43
23 26
33 42
12 16
1 4
8 18
12 38
2 4
19 40
29 46
25 36
24 46
16 36
20 39
13 21
55 57
15 39
32 45
23 44
11 55
38 55
17 43
8 18
5 37
10 11
2 13
51 53
33 45
12 18
4 28
7 56
5 47
46 50
13 17
5 49
7 13
1 15
8 18
9 10
41 54
45 48
27 36
4 9
25 26
7 13
5 16
40 48
44 49
9 16
22 30
1 22
34 48
1 35
9 21
15 52
25 31
3 15
17 36
17 20
18 29
22 49
1 26
1 10
49 54
19 23
14 40
1 6
3 4
3 12
4 6
32 39
4 51
32 61
41 42
21 27
4 38
1 24
9 16
10 36
14 24
42 57
19 54
15 61
19 23
17 20
8 14
45 51
2 12
24 25
8 19
45 61
5 13
1 4
7 48
52 56
5 13
1 2
2 10
23 28
4 32
23 61
39 49
19 29
19 44
40 56
5 14
24 38
1 21
28 37
1 7
33 38
5 14
31 56
3 14
17 18
23 38
2 7
1 2
8 28
21 24
5 12
4 42
21 35
1 3
47 57
21 41
22 48
28 47
20 21
16 27
1 3
1 2
2 4
24 38
16 24
53 56
5 27
2 6
12 55
5 15
17 22
6 14
23 32
4 23
3 12
5 32
8 27
24 32
6 30
18 38
32 50
3 39
52 57
5 7
18 46
18 21
10 23
1 2
26 42
7 12
1 2
2 15
17 39
28 60
3 37
4 8
13 57
10 15
2 28
2 5
10 40
20 57
6 9
4 20
3 4
6 24
4 6
41 58
5 58
39 53
20 27
31 48
25 53
2 34
1 2
3 4
10 14
3 6
31 38
51 57
11 16
12 40
31 40
6 14
11 17
34 52
24 50
9 28
21 35
32 49
8 55
2 3
34 43
7 13
7 29
4 49
3 17
18 36
31 36
36 51
2 23
46 49
19 26
5 19
37 45
9 48
8 49
45 56
29 36
12 46
18 31
4 24
2 36
18 40
6 47
55 61
31 44
3 4
24 53
10 48
42 58
18 58
25 30
4 5
14 36
36 49
11 58
3 10
21 56
15 16
11 56
7 12
6 60
16 17
20 29
18 56
29 31
5 49
13 41
9 11
31 39
22 30
40 61
19 22
2 5
19 23
3 15
6 15
3 8
2 12
8 13
14 35
24 34
29 43
7 27
1 2
19 21
5 24
10 52
7 10
23 39
38 50
1 5
6 11
21 23
11 16
11 14
19 24
2 10
13 17
32 59
4 5
4 7
27 29
7 12
1 4
2 3
2 17
17 29
7 33
5 17
25 46
3 7
4 5
1 3
8 59
16 21
28 50
4 16
40 51
7 48
57 61
9 28
2 36
1 15
30 58
8 51
1 34
14 28
6 40
22 46
39 57
3 13
2 7
26 40
58 59
3 4
17 20
1 55
6 35
4 12
19 33
14 20
8 60
3 37
18 30
10 54
1 2
5 8
7 13
9 16
6 40
7 25
8 31
3 10
15 53
27 35
13 45
1 56
19 28
32 55
17 19
33 36
2 12
8 29
44 48
30 55
1 4
14 42
7 24
39 51
3 59
51 56
4 9
44 56
23 41
4 9
6 7
13 46
13 49
15 41
23 24
42 53
8 37
1 3
2 8
6 22
23 57
12 16
20 38
1 7
2 45
7 16
1 17
10 26
41 46
22 34
6 20
27 30
4 8
49 56
14 15
4 9
6 11
7 34
4 44
12 13
1 2
33 54
11 15
6 16
24 43
50 54
53 58
2 3
36 37
10 14
15 25
1 6
22 25
18 26
23 59
22 47
19 25
13 21
5 11
1 34
1 3
4 33
7 16
17 20
5 24
50 60
1 50
8 17
15 18
8 28
3 10
4 7
34 41
60 61
10 18
8 46
3 32
34 41
5 7
7 11
3 17
25 27
8 49
2 8
11 24
49 61
16 38
9 24
12 24
53 60
1 4
22 55
25 56
17 56
1 2
1 2
6 7
5 38
2 7
23 29
7 61
2 16
49 52
30 31
1 8
18 56
5 20
15 54
23 32
51 58
23 35
10 12
2 15
10 13
47 52
21 23
13 14
1 18
46 58
10 22
20 42
21 49
23 32
36 38
15 48
52 57
16 56
-1