26 37
54 68
44 76
8 16
14 60
6 26
24 60
74 92
46 50
53 79
9 78
3 13
9 76
7 62
68 79
24 69
32 52
37 91
66 98
1 23
27 42
28 30
53 60
2 6
42 58
19 39
41 67
3 26
25 44
3 23
33 75
4 49
5 41
40 58
13 57
42 70
9 47
3 6
8 55
75 80
46 64
12 25
6 20
2 5
4 27
37 55
1 30
4 48
5 24
60 100
4 19
3 15
5 9
84 95
38 62
10 14
79 86
26 58
73 75
2 63
4 6
13 36
62 85
39 76
16 21
11 29
84 97
16 28
18 54
7 10
29 44
2 24
12 41
23 32
9 23
18 38
44 57
8 12
22 27
9 60
32 44
6 19
34 54
9 10
3 13
31 34
4 10
45 51
25 41
3 9
45 95
83 88
2 57
1 5
41 88
40 53
3 4
11 24
93 95
73 78
3 4
5 25
5 18
11 58
61 96
20 29
75 77
48 92
56 75
1 7
17 50
7 28
3 12
8 65
66 78
68 75
9 49
1 11
59 71
11 29
2 12
90 97
83 92
12 53
50 82
8 81
4 39
74 78
36 68
19 40
1 3
3 64
42 64
45 90
17 21
49 69
81 92
11 98
9 18
86 95
1 41
43 66
8 30
6 22
68 79
4 11
2 17
17 28
20 63
30 36
60 64
1 8
9 39
23 82
10 75
15 64
3 15
10 66
32 43
70 96
4 41
10 19
3 15
4 73
56 57
51 93
14 45
28 91
7 46
6 73
12 33
17 27
10 62
46 65
17 47
49 65
45 50
7 73
32 41
29 31
31 53
47 76
6 56
84 95
1 12
47 68
1 7
51 72
28 39
4 11
14 55
7 9
84 98
40 57
75 83
27 50
31 55
37 72
1 34
8 11
4 22
4 35
27 57
10 14
48 96
11 29
17 31
30 31
12 75
3 24
22 77
1 4
2 63
40 42
16 65
51 54
40 68
7 13
73 95
36 84
38 86
12 13
57 81
52 60
13 68
84 97
1 6
49 84
43 76
13 16
39 80
15 61
18 34
14 16
34 78
17 37
53 54
18 33
9 62
27 42
33 58
78 79
89 99
10 11
53 89
47 97
53 59
35 92
1 2
23 24
1 8
24 51
28 42
12 26
69 75
2 48
24 27
24 36
28 32
16 19
59 94
43 61
6 26
25 28
8 47
71 95
18 32
12 25
79 91
1 4
44 71
49 70
16 51
6 11
20 30
41 68
27 78
3 55
53 55
48 70
11 48
3 56
23 50
41 77
2 38
8 50
9 44
18 22
1 3
12 15
17 60
30 42
15 27
38 97
23 65
10 45
54 74
3 8
2 6
44 53
9 17
6 18
25 39
3 37
48 54
27 37
20 44
42 43
20 25
65 79
2 22
52 98
86 98
4 19
44 87
13 17
36 59
5 35
31 43
66 76
45 72
29 31
29 41
67 96
39 50
51 61
7 39
18 99
48 84
1 35
28 35
5 55
25 90
46 98
66 94
12 18
11 22
15 27
22 65
14 51
1 76
59 81
47 76
1 38
83 93
1 68
10 31
19 73
15 36
11 80
75 76
11 61
56 63
22 26
21 72
61 74
67 78
19 43
16 41
9 25
39 87
7 8
1 7
3 6
11 20
13 24
5 18
29 32
10 54
42 100
15 67
24 58
23 27
24 26
46 87
80 95
7 21
2 10
2 41
1 2
17 56
17 39
50 98
20 72
28 51
70 95
2 3
15 16
18 87
12 78
10 15
3 6
8 50
2 8
55 57
23 36
2 62
11 16
15 41
32 53
3 5
17 28
47 75
80 81
11 24
20 24
12 71
4 33
13 23
2 3
25 30
2 4
9 50
11 12
3 17
7 59
6 65
70 84
15 32
5 12
71 95
38 56
37 51
33 78
83 87
34 67
15 74
19 23
5 28
17 53
36 44
3 4
42 76
4 26
47 63
23 87
2 61
20 41
88 96
25 60
3 86
11 50
21 58
9 34
1 2
45 46
53 85
9 18
76 81
1 85
4 9
2 5
50 75
15 16
63 94
20 26
17 63
16 69
33 92
47 96
68 74
56 61
5 55
43 56
6 19
47 66
50 54
55 90
79 88
65 88
2 81
10 39
12 53
6 13
7 38
7 95
23 45
1 45
10 11
3 95
9 26
15 45
18 33
35 86
23 47
27 43
37 38
67 85
86 91
1 44
96 100
25 35
7 11
1 14
39 57
33 34
28 36
55 67
11 23
31 58
24 97
13 32
24 93
43 75
1 12
15 95
17 32
21 43
23 63
7 57
37 46
36 90
42 77
13 55
23 52
2 94
50 81
45 78
17 23
20 40
32 40
15 73
12 33
28 67
2 93
24 38
13 78
6 8
33 79
10 99
2 93
5 6
10 37
57 80
22 50
27 32
1 2
27 54
34 50
78 80
23 88
66 86
30 98
34 49
57 64
30 62
47 66
4 24
62 99
2 8
3 43
14 27
4 20
68 89
70 77
39 72
16 33
7 8
11 99
58 100
26 52
19 80
13 38
7 100
1 2
33 100
13 19
9 19
11 13
49 97
28 54
22 59
5 6
10 80
3 22
35 70
28 61
54 60
8 24
2 13
70 72
64 70
23 41
17 28
94 96
44 74
16 69
15 77
81 86
32 51
34 51
60 86
4 5
19 80
69 82
35 58
18 37
2 3
6 18
15 94
5 85
35 83
23 57
24 85
8 48
20 42
14 22
71 99
4 95
81 92
14 25
26 56
13 20
16 55
3 9
54 80
52 87
32 60
85 96
36 63
56 63
22 43
5 15
14 85
20 40
16 18
45 100
40 45
18 40
11 52
2 15
6 70
6 9
4 15
5 18
6 13
67 98
14 20
15 55
9 36
44 45
26 53
15 16
73 90
8 15
56 97
83 88
8 69
41 53
28 29
49 94
30 58
15 21
6 7
12 18
2 71
4 11
19 63
15 18
33 77
11 56
11 62
11 29
2 6
17 21
40 52
6 50
31 43
65 91
4 15
22 26
7 28
35 38
22 88
88 100
5 12
5 75
16 88
54 76
6 28
10 11
10 11
2 52
35 39
66 69
11 21
3 43
26 66
13 20
8 37
2 6
4 22
54 81
63 93
14 25
3 10
5 15
52 100
5 15
6 32
2 10
56 77
16 87
26 70
22 50
58 90
15 23
35 58
58 75
36 64
10 12
3 43
13 24
54 89
1 2
20 36
55 64
4 9
5 21
20 43
9 17
2 5
18 88
78 92
53 60
5 61
19 23
34 43
3 27
1 17
22 23
22 82
37 85
6 10
13 48
7 12
1 9
3 5
81 84
1 22
7 35
13 15
84 88
26 48
1 9
4 95
6 33
20 28
6 16
21 47
27 29
18 25
5 6
15 89
26 42
29 58
5 90
16 27
8 89
15 17
37 48
4 9
12 37
2 48
2 3
18 61
17 63
6 50
3 90
19 27
10 35
25 43
13 23
56 76
45 51
3 29
4 27
8 12
50 81
14 43
37 83
44 61
68 99
11 81
15 39
45 59
80 87
29 35
2 18
1 6
32 43
79 89
6 20
10 31
45 66
3 32
44 95
17 32
14 36
10 33
9 24
12 98
33 71
8 15
61 62
9 37
30 89
17 22
34 96
34 68
4 35
52 59
15 73
10 27
5 13
8 38
12 17
31 32
1 3
45 86
22 38
7 58
24 52
56 71
19 29
34 93
5 75
19 89
24 48
10 73
1 23
9 55
9 85
9 16
8 45
26 77
21 24
33 36
37 47
6 9
26 81
16 50
26 27
4 8
32 46
7 70
61 98
33 66
1 93
15 78
2 9
31 32
35 95
33 99
28 33
14 23
10 16
14 52
51 74
22 24
36 91
61 86
7 28
22 69
1 2
14 22
41 52
7 21
24 27
12 59
7 19
21 27
27 94
84 86
38 47
32 65
5 7
10 65
35 38
42 88
47 69
2 19
38 80
31 36
56 87
91 92
31 54
22 53
24 71
1 12
22 24
68 86
8 11
14 21
6 8
64 67
41 50
3 12
36 44
10 88
19 45
1 48
17 44
28 59
1 2
53 60
6 30
36 61
12 18
4 39
1 60
51 76
81 97
14 21
29 41
1 15
51 60
45 50
25 34
22 23
11 34
24 31
28 38
60 84
26 40
31 76
63 67
59 100
46 59
19 31
11 19
23 70
68 95
4 89
12 19
22 44
15 18
1 2
51 64
24 74
18 84
49 65
2 46
46 53
19 81
4 5
47 67
14 35
2 10
10 33
28 40
18 42
27 93
9 17
46 75
57 69
53 60
1 6
51 62
51 65
1 5
33 72
23 25
7 8
48 54
19 20
52 84
31 62
1 6
54 95
55 83
21 32
39 68
60 71
9 26
81 92
59 70
27 38
17 80
10 12
66 79
6 58
43 87
9 70
59 90
12 25
26 48
36 45
1 7
3 9
7 96
2 9
8 14
70 80
47 63
32 92
30 37
27 29
11 33
17 51
-1