78 91
33 36
4 9
37 98
54 55
16 18
62 76
6 55
41 93
26 89
2 43
59 75
48 64
10 19
37 61
4 31
22 42
44 56
20 27
18 66
65 69
68 93
42 66
73 76
44 84
9 42
1 10
52 57
24 30
67 78
48 50
6 54
48 66
73 81
28 92
69 94
11 59
55 62
73 89
1 5
7 61
26 75
37 64
23 24
52 72
6 18
10 20
77 90
5 7
23 24
29 39
6 30
7 20
10 36
15 70
20 26
19 48
53 70
61 98
67 73
8 23
15 69
4 7
20 24
30 72
36 37
18 23
22 23
6 18
61 67
26 60
17 24
36 45
20 59
17 31
99 100
51 84
11 13
43 70
19 37
16 49
5 26
13 21
5 15
58 91
22 60
8 26
6 79
20 21
14 16
77 99
18 97
8 31
45 73
54 91
7 8
13 91
32 37
29 30
38 45
20 53
57 63
51 60
63 65
11 18
41 64
24 62
39 52
1 10
2 23
4 74
6 11
4 27
33 71
5 74
45 52
54 86
49 71
74 76
41 59
20 49
28 75
1 4
36 51
22 41
20 82
29 41
5 20
36 55
66 70
33 93
37 68
31 44
20 29
11 12
23 30
73 97
9 66
23 25
43 75
10 14
6 16
34 40
2 3
36 47
4 24
30 53
1 27
51 54
12 24
1 23
15 47
6 25
49 99
1 51
2 5
39 92
33 39
5 40
18 24
11 45
30 71
18 39
51 52
10 16
16 94
52 89
34 72
15 55
25 87
11 31
5 14
7 10
1 10
17 28
26 48
60 65
13 95
44 61
39 71
41 96
20 24
2 12
20 67
29 92
8 86
21 33
35 78
17 72
19 36
8 21
34 36
62 93
24 27
38 48
2 4
4 42
31 43
10 12
17 91
3 9
1 2
18 49
1 65
36 59
49 72
43 49
9 41
21 89
32 46
16 54
25 69
16 64
4 26
12 39
60 99
38 47
6 85
15 92
24 43
4 20
15 18
61 70
8 20
20 82
43 75
5 49
22 81
10 50
3 100
1 56
36 42
12 26
28 35
3 96
14 75
64 76
18 20
43 62
5 21
21 76
25 87
13 32
43 54
31 57
27 37
20 53
66 67
4 34
39 95
11 19
3 22
2 23
41 73
13 25
78 90
16 44
1 2
5 20
28 94
15 16
46 51
16 41
3 24
7 30
19 60
6 37
6 40
8 24
3 22
50 78
50 73
29 33
58 81
44 52
6 10
18 26
1 10
52 53
21 51
35 45
31 66
29 54
6 82
9 19
29 50
61 66
2 12
23 58
19 41
22 89
94 100
37 63
17 24
36 42
56 90
73 86
97 100
86 89
1 4
4 15
84 95
42 55
8 42
12 14
6 40
4 16
32 69
55 70
43 51
80 83
5 77
5 29
56 95
33 88
37 49
19 96
5 39
22 32
1 98
16 59
25 82
29 36
8 10
15 68
33 98
12 77
1 44
8 18
29 31
7 19
1 64
10 13
3 9
3 6
9 15
26 28
7 24
14 76
1 15
25 43
9 17
2 45
21 22
68 74
4 34
18 65
54 90
48 92
19 81
2 7
4 18
11 27
58 62
67 88
35 77
12 57
4 6
12 25
32 37
69 90
15 76
39 40
20 66
5 31
35 79
55 87
15 32
1 33
6 46
18 40
59 83
8 43
2 11
41 81
11 13
19 29
7 79
66 73
21 28
71 97
2 71
13 24
39 81
64 94
47 66
8 26
5 15
3 6
1 26
1 2
59 70
6 26
4 9
17 21
6 7
30 31
70 74
4 12
67 83
3 34
48 65
25 59
32 53
2 22
57 88
30 92
16 28
46 86
6 80
42 56
28 32
13 47
32 51
51 69
41 54
41 43
2 31
36 77
40 78
28 39
17 88
44 84
79 97
33 91
45 53
74 77
22 30
4 27
1 13
1 38
7 9
19 87
48 95
6 38
43 62
23 77
16 56
20 27
85 92
49 91
31 37
2 4
20 24
26 30
3 14
65 78
42 53
2 5
8 41
3 21
49 77
2 32
10 74
71 92
2 21
3 9
83 85
21 75
4 34
63 82
27 61
46 75
39 95
2 3
84 96
11 29
83 92
16 64
22 69
1 79
82 85
32 39
85 98
12 57
39 75
28 85
3 4
23 36
32 40
30 61
31 37
81 85
9 71
3 12
14 15
26 100
11 90
42 46
22 26
28 31
29 62
10 11
3 38
42 86
71 85
11 35
68 82
36 37
46 75
35 80
30 31
31 98
31 33
5 71
45 63
4 7
1 6
37 100
9 10
75 76
4 31
36 45
1 3
1 50
61 66
23 53
53 88
24 31
5 10
8 23
6 51
5 11
3 14
65 72
5 11
24 78
37 69
27 90
9 12
12 15
37 96
36 78
24 98
51 82
7 13
11 84
77 79
11 95
20 87
5 14
41 78
36 85
54 90
4 37
32 74
6 42
5 21
72 81
24 25
49 54
19 31
8 9
29 84
24 32
1 31
31 83
36 97
5 13
61 84
21 26
56 97
37 67
18 89
38 57
4 76
33 77
46 52
14 22
6 48
9 14
8 41
5 13
96 100
54 97
3 33
62 69
20 39
7 42
12 46
61 72
5 7
13 95
56 57
16 22
53 99
44 59
10 12
4 5
24 66
10 99
19 21
42 49
1 3
14 46
1 36
62 66
11 21
77 80
24 27
9 78
6 16
2 4
27 36
1 36
1 20
78 97
9 24
2 24
1 36
52 78
48 97
48 52
5 63
10 25
24 38
18 32
18 21
8 9
2 3
22 51
29 35
3 96
10 19
17 18
1 36
53 58
29 69
2 10
9 35
17 41
2 65
53 98
4 83
7 54
1 95
55 71
22 29
17 21
29 77
26 33
43 47
10 28
80 86
34 94
62 75
56 66
36 78
32 60
6 23
6 47
96 97
26 85
7 69
7 17
59 66
1 38
26 60
53 54
6 75
4 35
26 76
16 56
39 45
57 76
46 100
3 10
20 88
43 56
21 70
3 52
29 57
3 76
4 12
17 22
53 67
4 27
65 72
63 90
12 29
46 74
11 28
30 89
1 44
6 20
52 89
3 18
3 7
18 65
5 86
18 39
21 85
40 44
6 49
33 72
63 91
48 55
14 64
36 58
22 36
22 81
13 36
8 26
4 78
46 89
10 16
26 38
51 52
14 26
32 34
9 23
14 92
44 93
7 13
3 5
11 36
2 19
20 61
5 12
15 27
4 8
6 77
8 67
63 83
18 87
5 8
2 87
57 83
21 31
10 24
13 44
5 11
57 82
37 69
1 29
1 7
18 51
30 96
1 4
6 96
6 14
47 92
16 33
11 20
17 86
3 99
2 8
13 23
49 92
5 6
11 56
47 67
16 23
20 43
13 42
3 4
17 65
11 59
2 49
39 47
7 48
38 80
12 55
13 32
36 47
18 64
68 93
33 55
60 94
23 38
17 98
10 12
3 68
8 27
29 45
10 14
65 74
59 61
31 63
38 96
2 9
70 87
57 63
13 16
1 15
9 46
5 16
6 28
24 28
29 58
40 54
31 61
54 99
72 81
4 35
51 71
2 15
35 62
2 7
85 89
46 100
48 80
18 53
36 54
9 16
38 66
12 30
24 27
15 25
17 24
42 90
5 6
53 76
23 25
8 90
14 15
6 43
90 97
73 93
16 90
71 77
2 10
49 51
24 50
24 30
10 25
50 74
10 49
30 72
3 56
2 3
10 25
2 3
6 7
27 44
19 33
17 29
35 93
8 12
25 62
42 59
3 61
48 53
4 45
14 60
4 85
15 51
14 52
3 13
30 60
16 30
33 75
25 62
4 69
19 35
65 92
19 34
57 61
14 15
22 36
27 60
22 89
55 66
15 25
73 80
39 56
81 99
2 6
4 37
1 38
42 62
55 70
35 45
56 97
55 68
37 61
13 72
14 89
2 3
58 68
7 83
30 43
7 27
12 14
26 85
2 42
32 57
4 17
2 56
12 89
4 46
3 54
36 64
9 55
24 33
4 5
54 69
2 14
52 100
14 81
2 13
6 78
3 5
17 53
2 3
2 6
1 2
38 48
41 77
1 2
8 55
41 53
44 58
6 10
1 38
88 91
46 94
73 83
5 13
33 98
66 90
11 58
5 10
27 73
12 24
85 94
67 87
14 29
5 46
13 17
44 73
12 20
46 82
22 46
9 10
9 65
33 100
2 11
2 70
51 55
59 88
14 41
34 69
42 45
55 96
58 70
63 67
26 41
6 93
33 98
24 48
19 64
6 82
12 67
58 99
3 16
18 26
71 100
5 64
6 12
24 47
30 51
85 98
20 26
1 22
4 22
1 2
2 6
34 59
19 85
34 39
22 74
25 66
19 75
40 55
34 35
4 5
71 86
9 70
17 45
9 31
14 43
54 64
23 92
15 25
57 64
11 53
5 50
8 9
6 17
12 48
3 18
10 51
42 53
1 5
33 61
1 57
15 36
34 51
13 29
40 47
49 54
15 25
15 54
19 27
9 22
33 72
50 61
1 40
19 71
44 47
7 38
7 8
8 22
2 5
9 11
34 62
1 49
9 64
88 98
58 61
3 37
38 76
26 62
55 92
3 11
37 68
8 33
45 62
20 67
47 83
17 35
81 82
20 92
46 96
17 89
11 32
3 50
24 31
6 16
2 8
76 85
53 55
2 3
54 73
60 89
64 68
26 94
76 90
57 71
24 71
29 33
11 22
1 2
2 31
5 10
48 51
56 59
2 21
41 99
24 65
20 49
32 67
25 78
23 38
7 23
19 65
25 28
50 92
53 75
17 90
1 35
21 64
31 39
46 97
61 73
12 31
38 52
4 5
19 72
43 51
10 29
31 70
65 72
25 77
2 5
28 48
43 75
12 59
15 85
2 40
47 70
12 40
7 57
1 28
36 59
2 29
1 19
1 2
61 63
12 76
19 67
40 61
4 11
8 19
11 96
9 25
5 33
25 30
49 65
2 9
15 20
10 41
28 71
57 97
28 89
34 66
20 90
10 13
18 22
25 99
3 25
53 54
1 2
4 12
20 26
3 37
5 32
23 28
5 6
7 19
35 41
64 93
17 43
1 4
27 83
18 28
18 67
14 45
12 15
11 69
31 35
14 28
10 66
3 4
43 97
30 47
3 4
70 76
15 48
28 59
63 65
3 4
15 65
2 41
2 4
8 58
6 34
3 18
29 95
44 52
50 58
53 84
6 59
6 7
48 71
25 27
19 40
8 96
6 13
2 9
68 100
2 3
6 13
50 61
27 87
28 33
30 56
4 59
67 86
34 46
3 24
35 74
70 72
7 51
36 44
17 32
32 34
2 3
1 11
3 40
5 6
23 73
71 98
1 16
1 62
17 30
53 67
86 91
1 22
80 83
9 45
12 21
2 27
18 28
4 9
20 55
3 11
34 74
13 47
11 25
16 59
34 64
5 9
52 91
2 53
74 77
17 46
2 5
1 2
2 21
17 38
26 30
44 61
4 9
1 2
51 76
33 47
23 27
68 100
4 7
6 19
44 94
5 26
21 35
37 75
84 96
71 75
6 8
3 13
12 20
2 18
71 85
16 91
34 68
40 45
27 96
4 75
55 62
4 9
52 86
62 64
33 40
26 45
20 57
10 17
13 28
5 92
16 84
36 58
4 10
38 89
14 34
68 71
23 86
16 66
41 54
25 79
4 10
8 18
17 65
21 23
10 17
5 69
17 33
1 7
15 45
2 28
1 22
26 53
18 39
11 18
27 57
29 31
21 35
6 13
38 44
65 74
20 50
40 42
5 7
54 92
31 41
60 100
48 82
23 66
61 66
18 28
6 34
18 23
10 18
71 92
5 27
5 15
15 58
47 50
4 8
19 72
24 35
6 97
30 56
37 51
70 86
6 11
23 45
44 59
24 31
47 70
60 66
33 83
8 45
15 77
37 56
18 96
16 36
16 52
10 11
13 45
20 90
5 24
39 75
3 39
11 20
3 5
27 39
15 18
43 87
39 58
87 100
4 12
14 25
11 47
22 33
26 82
12 39
71 73
7 30
9 58
1 4
41 98
20 43
17 50
19 33
9 72
2 3
19 65
18 55
4 12
5 31
53 96
17 66
7 12
28 35
9 10
13 68
6 9
88 98
1 9
83 99
20 43
29 53
46 95
37 53
13 21
35 36
12 15
39 78
17 42
21 39
29 86
37 77
2 30
31 48
11 23
68 81
8 48
42 61
1 44
11 14
91 97
1 2
11 61
15 52
1 8
12 15
20 71
15 64
5 10
11 55
5 16
17 39
2 5
22 58
6 45
1 8
7 11
1 2
45 60
31 36
2 4
16 52
48 51
5 31
24 41
2 4
5 6
1 11
37 81
11 96
11 30
43 73
6 76
30 33
23 30
16 52
44 70
33 68
4 5
24 56
59 64
1 4
5 14
1 2
77 91
21 55
28 29
12 26
27 59
13 15
11 84
57 92
36 94
20 98
9 12
82 87
26 65
20 82
39 52
70 90
52 95
11 28
48 67
15 48
29 68
42 84
27 40
2 24
2 12
17 99
34 45
32 46
47 77
26 92
27 31
21 29
1 2
19 35
54 69
52 96
3 59
4 9
1 3
72 82
1 3
31 54
68 77
7 23
71 80
6 7
46 60
8 40
1 64
1 19
35 54
30 99
28 38
18 68
8 81
74 75
81 94
10 63
4 74
52 83
2 4
7 20
11 45
12 18
20 85
14 40
25 37
24 58
45 55
33 70
13 78
30 84
52 62
48 50
3 4
50 64
11 19
3 49
71 85
27 28
3 12
32 85
29 35
17 43
4 6
41 42
36 94
33 63
19 28
29 62
3 28
39 71
28 48
29 32
19 83
4 10
32 41
7 61
7 54
37 98
14 37
16 33
11 27
12 33
26 60
33 65
3 4
80 85
48 59
18 31
3 31
24 74
11 13
47 95
3 6
28 40
17 38
10 17
40 69
61 92
62 75
15 50
79 86
37 57
37 66
18 28
20 22
1 2
4 17
23 39
19 90
43 55
7 49
35 84
6 12
4 9
32 35
23 27
15 31
6 12
30 32
3 27
4 45
34 48
21 90
5 64
7 13
2 4
18 53
13 52
25 44
9 22
7 48
23 30
64 84
6 44
6 65
31 53
20 87
30 37
7 14
65 66
29 68
12 17
39 83
13 57
30 49
14 43
65 71
13 15
72 95
4 20
15 19
18 57
29 33
29 68
10 19
8 59
4 52
71 97
12 18
8 58
1 9
46 57
3 8
39 57
5 7
43 79
27 97
4 8
43 59
4 10
44 80
72 81
17 56
9 21
70 82
10 37
1 3
7 19
1 7
53 57
3 57
33 35
18 49
44 95
42 45
2 5
4 22
80 94
50 68
32 34
4 51
53 94
5 6
21 56
26 65
32 34
82 84
60 68
55 69
18 37
42 63
41 65
4 15
28 79
44 76
26 56
9 42
28 57
16 87
44 67
6 26
30 33
3 23
9 33
2 3
24 64
63 83
75 76
22 73
6 38
27 60
17 77
2 20
18 71
8 21
12 25
4 82
13 16
2 4
42 57
16 37
11 39
46 76
89 96
47 65
64 98
31 98
49 61
1 2
4 6
43 68
50 70
11 68
58 70
39 52
5 39
8 10
19 36
2 3
16 54
91 98
1 6
57 69
24 41
8 43
37 50
17 95
19 20
36 70
2 5
41 94
9 49
2 5
7 60
15 26
8 49
24 33
20 31
16 45
15 23
3 54
11 16
45 60
45 60
9 19
2 48
43 52
23 29
5 51
22 33
1 2
27 55
6 71
14 63
2 95
44 85
29 88
32 37
2 20
3 49
51 91
44 54
19 43
11 93
8 28
32 99
28 88
5 16
21 65
2 17
65 87
31 79
43 45
28 71
11 27
13 18
11 13
74 96
49 82
26 28
23 57
5 28
14 35
18 49
14 15
27 28
21 82
8 26
51 71
82 96
14 32
49 69
11 56
17 69
17 82
66 91
1 13
4 5
73 92
9 43
35 63
17 50
21 44
19 20
56 63
10 11
51 83
8 76
4 39
90 92
23 50
2 13
6 9
34 41
3 5
22 56
2 4
36 63
26 28
13 25
37 62
31 35
5 24
39 86
4 27
3 4
34 93
40 93
8 12
22 71
2 15
16 23
37 73
45 69
63 87
1 81
17 55
13 16
52 94
11 16
21 33
63 66
2 15
1 8
5 35
25 49
33 61
29 45
18 59
1 89
58 75
23 96
20 78
4 15
28 33
38 57
6 16
41 61
7 13
92 100
8 34
30 49
38 81
1 2
38 95
35 66
10 40
6 51
5 12
5 22
13 73
25 70
20 80
42 94
75 84
86 88
14 16
34 71
1 8
4 37
56 61
32 68
1 23
1 2
37 86
9 44
17 49
83 88
1 81
84 92
5 22
26 63
13 32
18 34
41 70
36 72
72 79
69 82
1 69
38 70
47 76
3 15
78 87
19 20
2 19
1 7
8 17
17 82
14 83
5 80
91 96
6 98
11 28
16 20
15 16
18 55
4 5
34 83
6 13
33 39
1 39
5 6
52 55
7 80
10 13
12 74
2 10
50 79
19 24
9 11
24 98
18 25
20 41
8 29
7 49
2 97
34 35
24 82
10 21
57 63
14 16
12 99
2 29
10 50
18 37
1 9
5 49
10 20
63 100
35 45
13 15
2 14
2 48
16 51
74 95
2 5
10 30
15 66
71 74
11 18
23 78
12 89
21 97
17 52
16 49
38 49
4 24
59 83
52 65
49 50
52 55
50 56
13 44
1 2
54 59
50 61
9 11
9 50
9 70
5 9
32 93
25 85
9 90
17 70
14 20
2 35
73 76
14 36
73 90
1 58
23 93
12 32
36 40
8 11
69 87
32 42
90 92
6 12
17 26
4 11
13 95
20 87
2 29
16 38
18 50
3 9
53 85
13 52
1 24
8 13
29 72
7 83
47 50
8 16
29 36
8 15
7 18
4 10
40 81
14 25
44 49
25 47
37 43
3 16
34 60
2 17
16 40
2 31
3 15
1 2
8 21
54 61
59 62
1 25
33 98
3 34
58 62
2 92
6 64
39 90
34 99
5 11
4 5
16 59
29 87
42 96
57 85
4 5
32 51
20 79
9 43
64 71
2 10
47 81
18 51
1 14
34 36
91 98
68 75
5 9
5 10
30 51
16 23
58 67
34 52
37 40
35 73
14 19
6 61
42 76
60 96
85 95
12 13
6 11
31 60
35 98
64 73
4 38
2 30
9 47
28 82
69 96
16 46
17 27
28 30
50 58
48 93
1 20
5 18
44 96
7 64
1 14
11 18
47 48
55 96
9 10
1 4
47 61
1 12
9 20
9 77
19 33
5 32
23 39
72 87
18 29
71 87
5 13
3 28
2 97
6 10
9 97
13 24
57 66
15 23
55 92
7 12
17 25
83 98
17 78
3 5
1 2
22 27
27 31
18 34
4 26
22 56
10 21
79 100
63 67
2 23
4 13
60 90
51 83
69 75
36 38
29 97
25 32
39 80
7 68
3 17
63 89
5 16
36 63
2 35
11 42
7 56
8 18
9 15
46 78
5 43
36 84
32 44
56 57
6 36
14 100
81 99
13 69
26 66
39 81
56 80
19 87
49 64
1 20
4 32
1 2
74 78
54 62
15 67
33 36
36 85
47 75
23 57
15 70
20 85
2 3
18 30
21 28
55 82
2 3
11 40
25 66
48 54
66 82
23 36
41 52
2 12
8 12
3 9
2 15
35 43
4 26
26 29
1 2
33 44
13 21
48 81
4 9
13 42
7 31
57 68
4 8
78 98
50 98
11 19
18 51
7 9
2 21
20 68
61 76
60 81
91 99
25 46
81 86
6 10
28 66
24 30
22 28
5 25
87 99
1 2
25 46
33 49
1 32
21 84
33 37
14 22
17 38
64 70
57 79
1 19
8 15
9 29
26 61
21 66
47 50
17 18
56 91
7 27
49 74
57 62
13 91
79 88
3 8
20 37
30 86
6 35
23 79
6 25
57 76
79 96
36 56
15 74
49 98
70 100
20 36
18 33
26 71
1 5
11 49
33 76
32 34
5 13
8 32
1 21
39 65
49 84
70 93
3 23
1 2
2 28
53 73
46 73
15 28
81 86
25 77
18 66
49 63
8 9
14 17
41 68
15 40
46 95
12 15
40 66
8 57
41 61
16 17
2 10
27 35
1 52
48 79
21 32
14 45
47 73
5 52
54 67
6 35
73 97
26 42
37 52
40 43
31 51
39 70
4 14
8 88
7 11
5 11
21 42
46 65
6 57
8 24
42 61
5 8
12 47
62 67
21 73
36 57
25 46
3 8
1 2
5 6
51 72
3 4
3 16
11 35
1 5
22 94
34 43
29 36
1 2
18 58
63 72
9 23
52 88
57 74
36 43
4 28
39 42
17 58
12 18
26 88
24 59
86 94
42 51
9 22
4 18
3 51
16 37
19 82
5 20
60 88
7 47
2 14
4 22
45 48
39 59
60 78
4 58
14 27
26 72
2 86
3 45
28 55
1 2
1 3
17 78
33 42
73 74
23 48
1 14
15 19
81 99
70 80
37 40
55 71
6 39
14 73
27 31
37 53
23 49
49 69
40 96
54 94
6 30
5 36
5 13
86 87
9 43
14 94
32 36
53 72
21 29
13 50
4 21
87 96
5 8
27 92
3 10
13 79
34 68
4 5
8 11
34 44
42 43
21 41
41 76
18 50
41 70
1 4
26 57
12 13
14 54
1 3
36 42
1 4
39 88
1 2
28 98
23 48
12 97
29 59
41 89
23 96
22 37
20 44
18 76
9 96
5 9
20 51
2 22
29 45
36 38
10 99
58 65
9 34
39 51
5 14
79 98
31 74
36 48
2 3
8 16
5 17
23 43
6 16
12 70
39 52
6 9
80 89
59 92
3 6
39 100
60 92
16 22
17 21
50 71
24 35
3 8
1 15
15 73
40 90
1 7
35 44
12 43
2 87
38 62
16 41
21 82
97 99
43 80
36 40
15 20
12 15
18 80
1 4
51 60
4 94
41 46
9 17
10 27
22 30
22 51
12 86
2 85
17 68
36 85
3 13
12 55
9 39
36 60
4 67
5 17
47 69
43 100
2 34
61 95
70 73
16 34
57 63
17 40
21 46
23 50
14 90
28 83
1 28
41 70
6 62
8 98
67 75
65 82
9 34
12 31
74 98
12 81
33 64
28 30
1 7
24 81
22 94
6 62
2 22
26 30
10 16
8 9
9 96
32 96
22 23
48 58
4 9
62 63
31 52
2 80
20 47
36 85
16 21
29 89
53 85
30 55
16 30
54 98
34 41
33 47
26 82
3 55
17 27
15 43
34 65
12 66
6 83
44 62
3 34
11 17
38 100
5 62
36 75
63 66
31 34
16 33
62 65
40 42
58 98
3 85
8 11
5 8
22 53
1 14
67 73
26 36
13 76
3 59
24 95
11 56
18 28
33 52
12 95
13 86
7 92
9 45
25 66
71 73
9 19
18 31
29 49
61 92
6 41
1 53
5 6
47 58
67 91
26 98
53 69
5 8
15 95
3 80
2 85
26 77
8 61
6 11
22 44
49 73
15 44
1 50
64 95
9 12
3 21
60 63
8 54
31 63
12 24
20 45
53 91
13 83
36 85
15 39
9 12
2 14
13 59
32 50
2 23
16 100
20 28
7 34
55 91
14 66
1 6
73 85
42 79
20 95
8 18
1 5
5 76
66 98
31 78
43 50
10 20
6 58
5 53
63 95
48 91
30 70
53 98
36 51
13 17
47 73
4 6
83 88
4 38
39 55
7 21
30 47
57 88
44 62
18 54
16 29
33 38
16 80
8 79
8 82
34 43
15 17
7 21
22 71
34 65
26 62
11 23
14 31
4 5
30 40
4 12
4 13
67 87
30 45
29 48
4 22
50 68
54 76
41 53
3 32
4 100
28 41
23 43
64 90
4 16
36 61
11 30
8 22
10 67
59 62
7 23
1 6
3 75
12 47
3 18
19 41
23 56
27 62
26 64
11 12
1 40
12 47
21 32
6 30
66 76
26 74
4 48
49 66
18 20
30 72
48 50
28 70
13 18
9 44
33 91
74 76
4 69
8 65
34 64
2 5
20 85
67 71
62 88
16 37
23 29
6 40
6 7
34 86
20 42
6 48
18 48
46 65
37 64
20 25
28 95
1 12
4 38
38 92
15 31
3 42
70 99
32 90
33 67
8 56
37 57
76 87
53 83
47 51
49 60
23 90
12 18
14 16
42 49
17 21
7 80
8 10
1 4
1 4
18 34
29 40
55 66
1 20
51 63
9 10
34 63
11 65
38 42
14 73
2 5
25 88
67 72
25 58
63 82
4 12
2 30
51 93
31 41
41 49
65 82
5 11
17 52
4 7
95 100
36 43
23 65
22 72
42 54
5 8
10 50
32 90
42 98
40 73
17 25
13 26
29 53
1 19
39 76
1 13
39 52
50 77
26 58
23 97
1 2
7 73
58 91
40 66
2 8
23 32
18 36
4 48
4 8
56 99
22 57
29 31
4 73
2 29
13 90
15 37
8 10
49 65
21 68
1 8
43 47
1 18
37 62
56 63
1 7
8 12
14 91
17 56
15 63
6 41
1 32
1 8
90 96
12 94
5 7
3 34
22 26
71 75
60 63
2 62
16 25
13 15
32 41
14 31
5 44
54 61
4 32
44 75
2 4
14 65
1 9
2 10
73 76
33 48
38 71
22 83
42 64
56 61
37 46
39 42
1 59
10 28
3 6
21 53
55 89
15 80
7 50
33 46
18 53
22 75
43 90
3 14
34 48
1 2
11 16
11 24
27 74
35 81
38 45
93 99
29 38
11 41
34 74
10 100
25 35
91 93
64 97
81 85
2 21
67 86
5 29
40 60
23 76
23 53
1 12
1 22
32 56
10 41
23 97
55 80
8 16
16 34
11 38
17 77
16 46
39 57
33 43
77 78
64 74
20 76
29 39
4 71
9 68
70 75
3 13
12 39
10 19
5 28
26 34
11 17
11 14
31 58
47 79
12 55
13 99
16 80
5 32
22 50
18 25
28 33
2 77
70 71
12 84
3 4
63 75
35 76
31 34
21 26
25 37
6 13
3 4
10 88
43 69
2 3
38 97
2 3
5 26
1 26
59 77
50 82
16 27
58 77
22 37
80 98
31 83
13 20
31 61
21 24
44 99
5 25
58 76
5 66
53 62
35 95
63 82
23 85
11 22
79 85
35 77
3 6
35 61
56 92
21 70
2 6
3 43
38 55
13 78
4 5
37 63
18 21
2 7
4 30
54 68
5 16
4 30
58 77
2 80
45 96
46 49
34 50
33 94
75 81
17 37
39 96
38 79
79 86
48 79
24 32
8 46
24 29
76 93
20 39
13 28
20 39
36 37
60 68
10 18
22 38
2 15
10 17
1 28
3 26
36 54
2 3
1 6
8 33
2 85
13 16
1 57
10 77
3 97
59 71
10 49
1 8
21 88
14 36
2 3
7 21
1 2
10 47
20 69
22 79
3 47
13 26
66 99
1 17
8 13
18 66
74 99
8 16
17 62
6 23
18 68
96 97
11 19
32 73
17 31
40 73
30 43
59 85
40 54
3 7
79 90
5 55
33 46
16 39
50 57
28 41
24 60
29 31
5 20
10 81
36 58
11 63
34 56
1 9
35 90
4 44
7 57
10 39
24 45
43 98
11 21
19 53
20 85
4 41
19 46
40 71
60 88
36 41
10 95
6 7
45 55
11 74
19 63
11 15
12 17
15 63
9 23
13 19
13 25
60 96
36 57
22 37
6 33
23 51
53 87
53 86
21 64
19 89
35 80
20 75
59 61
40 48
42 49
18 93
13 30
5 12
26 35
8 72
54 74
54 83
11 83
11 50
2 4
23 27
1 3
5 14
16 42
1 16
7 13
26 29
4 24
47 48
52 84
49 66
17 65
21 70
15 54
1 2
8 33
58 72
28 43
13 16
3 4
74 75
27 47
1 76
2 3
14 16
3 32
5 6
25 31
32 97
81 96
5 38
80 83
43 56
6 40
10 67
44 55
30 83
4 8
77 81
4 34
35 67
12 25
26 72
56 70
33 94
12 25
46 52
19 59
29 57
31 53
39 50
28 81
29 43
25 70
19 86
45 54
5 6
29 35
36 46
13 53
3 35
73 78
1 39
3 35
1 2
49 63
34 42
7 38
1 3
30 35
13 31
55 77
6 81
20 52
3 6
14 20
40 45
13 16
28 84
25 57
23 63
13 72
15 18
34 51
31 61
3 21
54 55
31 84
78 89
40 91
15 23
22 85
65 93
9 19
19 75
42 45
23 60
5 7
2 50
21 22
1 61
66 73
33 90
30 32
65 73
44 88
57 68
9 35
39 98
88 91
54 93
30 89
7 59
10 11
6 9
6 19
21 91
35 54
46 67
22 46
11 22
4 98
7 10
4 23
8 23
14 60
2 18
52 53
51 72
20 54
4 57
18 86
49 92
31 52
5 15
18 24
42 71
3 4
3 14
66 81
66 77
26 70
18 26
28 69
17 61
6 28
29 61
24 41
15 48
33 74
13 56
27 36
2 7
2 5
22 38
3 10
7 20
14 91
3 87
17 46
3 32
4 43
57 79
36 67
56 86
20 50
9 13
4 27
27 57
8 23
21 44
26 80
50 56
1 17
68 75
33 59
35 39
1 34
43 66
8 26
2 88
6 32
4 5
6 9
19 100
5 6
8 84
14 38
5 37
54 56
46 56
33 61
80 81
42 56
71 77
34 44
64 78
67 94
41 45
34 68
31 61
13 19
3 11
1 2
28 59
12 47
23 91
64 73
3 8
17 87
37 63
19 29
17 28
4 34
13 47
9 62
6 10
21 50
64 72
47 55
23 70
38 45
4 42
78 88
3 12
10 28
3 69
34 50
25 55
49 67
11 18
14 22
17 62
12 13
3 16
56 62
25 61
13 29
63 66
5 73
31 37
99 100
17 42
40 57
3 25
17 33
62 65
11 48
12 86
32 36
34 82
46 54
54 70
69 98
9 19
17 66
58 69
2 46
16 19
34 65
18 51
13 92
47 91
14 15
49 91
17 76
4 13
23 34
26 85
24 76
17 49
20 74
20 45
19 31
22 41
64 67
73 92
3 32
79 93
26 66
7 38
2 10
27 41
67 79
3 37
5 8
2 5
20 81
17 45
34 43
37 41
20 23
54 55
9 53
60 71
2 22
19 30
6 34
1 2
35 36
2 5
18 58
14 33
30 38
58 97
24 91
26 52
47 66
33 92
21 85
8 17
21 68
9 20
30 68
18 25
23 24
6 17
2 15
48 72
53 71
53 79
3 5
74 99
3 4
3 4
32 76
8 18
13 67
2 7
46 56
19 36
7 36
33 46
69 88
3 65
66 77
11 15
17 39
8 13
5 13
20 35
48 97
50 65
26 53
25 37
49 61
40 60
33 35
7 11
9 11
23 44
15 26
9 69
5 66
6 10
37 42
2 82
34 40
2 40
16 30
1 3
46 67
3 19
38 54
44 79
33 34
6 42
52 55
20 62
36 85
5 13
7 11
77 83
18 20
19 25
9 74
38 44
56 84
23 26
2 4
12 66
18 37
81 87
71 81
1 55
5 13
16 37
1 16
23 28
40 74
87 95
2 34
22 47
34 39
81 99
19 60
15 32
5 13
7 9
5 86
14 59
54 89
15 93
15 19
30 49
2 58
20 27
1 30
10 46
34 84
8 49
6 76
18 84
70 83
23 27
1 27
18 30
4 78
10 93
22 59
17 27
49 56
62 91
39 54
9 23
33 93
28 83
4 74
62 77
56 88
58 61
10 32
57 72
4 63
29 43
11 44
59 90
34 67
32 57
55 70
28 99
39 61
5 6
2 48
6 13
77 91
4 29
1 2
33 36
41 49
44 46
6 54
10 16
5 16
13 88
10 16
3 56
2 4
17 20
47 63
30 39
42 78
20 45
3 7
13 21
46 64
1 3
11 42
19 23
43 48
37 47
23 98
2 11
11 60
3 23
5 60
8 51
12 54
16 19
41 91
11 68
49 59
6 9
22 32
7 81
5 30
77 93
10 96
9 31
32 91
1 13
43 48
49 90
27 48
35 57
8 71
68 71
3 4
3 59
9 21
4 7
12 55
77 81
43 62
6 33
8 80
31 79
1 10
40 47
11 12
31 64
15 35
14 67
37 92
10 46
52 74
38 59
19 31
31 64
15 20
61 75
15 30
2 14
74 99
1 56
9 15
10 43
32 42
11 42
12 41
2 55
13 35
15 52
61 92
13 92
29 64
22 69
34 68
15 100
22 41
33 100
35 54
4 88
8 23
10 26
24 85
42 72
10 14
6 38
73 94
7 12
2 62
30 70
5 41
23 24
31 33
9 12
19 44
1 97
33 79
26 99
71 86
29 79
62 93
9 22
11 14
60 65
53 54
73 80
16 21
42 65
32 46
28 62
7 24
52 61
46 88
20 88
12 25
6 53
21 31
34 52
46 50
28 92
14 50
34 47
7 97
95 97
14 21
4 78
43 53
7 68
19 97
6 64
49 100
50 70
28 53
6 27
18 24
20 32
32 33
26 67
38 86
67 98
23 71
28 29
6 13
2 3
8 24
4 47
3 41
1 4
6 60
5 89
5 76
11 16
8 56
44 84
13 22
12 37
30 82
3 32
3 8
41 49
21 59
1 2
56 92
3 20
8 21
10 29
71 74
10 74
10 50
23 88
60 62
59 78
5 11
28 50
50 61
80 85
36 66
24 43
3 23
65 85
11 79
61 85
1 2
29 38
6 10
12 13
43 86
60 90
43 85
81 95
20 22
2 88
10 78
18 30
1 23
25 65
27 52
32 41
63 69
19 29
6 8
22 46
51 95
31 33
4 9
2 25
17 59
16 30
1 3
49 71
1 4
6 16
9 24
5 27
4 6
7 70
63 84
13 15
6 14
53 64
27 51
4 43
62 64
5 80
12 18
6 18
4 100
77 97
33 55
21 22
38 63
1 78
21 55
76 96
9 84
4 40
1 58
2 3
15 49
5 6
64 72
28 72
11 68
37 60
49 74
32 51
9 18
59 69
3 5
7 17
69 76
5 10
7 47
90 99
7 51
60 71
86 88
18 82
85 86
19 55
13 85
22 85
18 61
24 54
60 93
1 46
18 75
3 23
4 6
66 81
6 24
34 36
56 62
7 42
23 53
7 31
22 62
21 44
6 14
24 44
32 49
1 2
15 95
16 27
32 93
7 40
25 47
54 56
50 57
30 91
86 89
22 30
10 51
69 91
1 15
12 42
70 73
31 49
57 67
44 62
16 43
11 12
16 22
66 89
1 11
13 21
31 42
7 92
42 69
28 41
7 26
41 52
3 41
23 99
45 46
42 70
47 59
46 85
9 70
9 83
16 34
7 62
61 72
50 59
2 8
29 52
14 29
10 74
19 96
6 12
1 6
59 84
14 17
33 92
24 36
7 87
6 7
1 2
12 69
34 62
18 28
27 31
19 30
2 4
14 56
67 89
2 48
13 40
11 64
9 12
34 84
21 47
16 83
44 64
30 42
18 34
59 63
19 31
9 55
20 34
2 12
50 87
5 90
60 66
11 20
6 71
3 6
2 3
74 87
22 28
8 20
1 3
7 20
27 49
32 55
26 55
1 22
2 3
47 75
24 89
73 77
39 43
8 9
87 92
7 18
10 14
14 58
79 93
68 74
18 36
95 99
48 54
6 20
79 82
54 67
4 35
42 98
39 48
16 25
21 54
4 42
86 91
3 31
4 29
47 76
62 82
69 81
6 16
5 12
11 19
35 50
6 22
17 18
41 52
5 8
16 17
1 2
31 78
16 34
10 28
15 47
15 30
14 16
8 20
48 71
34 53
14 34
55 67
16 44
44 71
25 33
12 13
5 7
12 37
44 84
2 7
65 79
3 65
29 38
30 44
23 51
16 70
3 45
55 87
32 55
1 65
26 97
10 65
16 46
20 76
19 26
61 76
9 39
3 25
6 7
5 63
49 68
2 4
12 37
59 91
2 4
39 42
1 21
26 99
37 72
13 56
18 19
11 48
9 62
69 87
1 2
30 49
11 17
18 34
49 82
39 88
1 10
25 55
3 44
24 35
3 15
54 76
16 47
23 28
32 57
23 82
15 25
30 68
36 61
13 89
36 75
71 84
59 70
3 7
1 31
52 86
15 74
24 90
13 17
3 20
2 5
54 84
1 2
14 87
29 35
41 43
6 35
25 78
1 50
16 44
6 65
7 69
13 22
15 94
38 55
18 23
38 58
14 15
59 76
65 68
2 48
6 15
11 96
51 71
45 88
9 65
3 53
63 93
1 2
16 34
5 12
15 36
3 41
36 42
16 18
63 69
52 79
31 75
4 24
8 58
84 94
6 9
13 25
24 67
9 30
81 99
9 60
17 51
35 49
21 81
10 14
43 46
13 81
4 37
60 97
14 32
44 52
6 66
24 30
90 92
2 92
26 30
6 92
58 61
8 49
4 96
71 76
21 52
67 77
13 63
4 23
72 81
3 15
3 72
16 42
13 71
25 51
8 9
21 24
31 53
69 85
27 95
3 40
17 36
12 62
29 61
4 25
54 91
1 7
8 10
30 52
3 4
13 35
11 70
62 91
5 10
6 65
3 35
46 59
18 44
1 4
71 85
13 54
21 48
8 27
2 8
36 79
18 80
33 50
19 90
37 54
11 16
15 74
6 18
6 11
8 21
13 40
1 40
26 78
13 30
27 45
36 44
32 61
34 96
19 68
38 97
32 93
30 48
34 68
87 94
19 92
1 5
27 83
55 74
9 90
11 12
1 3
18 41
56 57
30 39
18 38
51 62
5 13
5 81
27 74
5 60
16 28
7 34
10 17
50 82
3 4
13 70
6 14
61 68
26 47
55 94
35 78
5 6
20 35
69 88
67 91
15 60
19 57
32 41
15 93
6 8
23 53
71 75
11 62
39 44
15 38
24 44
21 80
38 92
3 9
24 38
32 91
13 84
23 46
25 59
19 41
23 40
83 97
9 92
2 5
12 33
24 52
46 67
3 5
17 36
16 100
26 96
14 16
67 70
72 80
2 14
19 58
16 17
5 16
54 88
26 71
34 43
5 39
4 40
9 87
63 97
91 100
20 27
28 81
1 2
6 68
11 29
14 15
8 20
1 10
3 23
25 63
30 34
42 67
27 36
12 35
56 82
3 24
14 86
23 74
1 9
23 41
23 28
29 53
12 82
24 100
6 56
2 53
6 10
11 28
17 24
16 25
44 46
1 2
31 36
17 53
58 72
18 49
12 28
60 88
46 77
9 35
16 40
54 83
20 23
24 35
7 71
2 7
65 88
62 90
6 25
46 47
1 16
46 67
30 44
2 6
3 33
16 80
6 28
68 74
1 71
13 20
26 40
3 5
32 56
53 69
5 6
55 61
1 10
60 92
4 88
22 62
7 19
17 23
38 68
9 11
64 97
10 43
20 92
9 10
25 45
10 37
21 24
17 67
4 75
16 39
15 70
84 89
27 51
27 75
3 8
29 55
95 97
8 81
24 86
66 88
41 94
7 14
4 25
5 14
26 75
39 50
10 94
46 87
1 97
2 70
17 87
37 39
2 9
21 36
59 73
36 80
66 95
40 45
23 49
10 16
22 24
72 85
59 64
7 30
39 67
50 62
43 48
36 64
3 16
23 29
4 8
31 92
28 80
86 96
13 35
18 67
71 79
12 28
34 79
44 63
10 19
24 25
12 23
9 11
17 52
1 4
28 35
5 8
12 32
46 54
15 17
19 26
27 48
66 83
35 36
4 5
39 59
6 59
32 48
16 24
42 98
20 28
84 99
29 77
16 79
24 26
6 24
9 28
63 84
76 78
12 27
15 41
2 41
6 84
43 53
19 23
59 80
49 88
29 45
15 30
17 98
2 45
66 87
5 78
56 87
5 62
23 43
2 36
42 59
26 41
44 63
48 99
60 71
7 95
1 9
36 58
2 12
26 62
23 33
37 54
1 3
2 6
18 70
20 22
36 64
16 94
1 4
5 18
86 90
47 79
3 27
18 34
15 87
6 54
37 80
1 6
1 24
1 2
52 92
2 4
3 47
16 30
8 95
9 13
5 7
19 96
23 31
59 95
7 43
15 16
23 50
48 52
73 93
7 63
44 92
2 57
1 48
11 54
47 54
49 90
21 31
18 20
37 51
10 58
6 42
35 67
3 57
3 87
34 96
26 29
16 44
28 30
14 53
45 98
68 94
30 32
14 27
17 47
1 13
4 5
38 93
16 47
9 16
52 78
53 69
20 56
1 26
44 46
31 96
9 12
13 29
55 86
2 3
13 98
15 37
36 91
33 54
3 18
1 35
58 59
67 91
21 24
6 8
47 93
23 57
34 67
17 65
55 77
3 12
12 16
25 47
20 47
8 29
36 64
7 20
34 40
47 91
9 36
24 56
2 37
9 64
38 62
4 8
35 99
7 54
16 60
49 58
36 71
10 67
17 93
73 76
8 99
7 45
10 15
18 39
13 16
1 89
6 12
1 57
12 18
71 79
7 17
36 83
15 37
13 67
9 30
1 2
62 93
10 72
3 8
5 16
22 36
8 56
49 55
7 15
22 72
69 82
58 92
26 34
67 86
57 73
4 26
49 94
3 43
22 44
58 81
17 47
68 76
15 31
1 52
45 74
62 72
1 7
2 17
10 16
19 37
36 76
27 52
20 51
40 46
15 73
20 25
73 87
40 88
10 29
48 86
10 29
48 100
9 39
7 40
9 35
8 74
15 16
1 2
47 59
29 68
9 25
14 51
16 90
27 97
7 12
14 62
53 68
4 11
5 17
20 33
43 90
23 60
3 75
31 90
7 8
42 53
3 6
55 91
2 6
40 98
13 87
3 5
6 78
12 29
16 22
31 90
18 82
23 24
73 87
46 56
29 80
2 11
14 74
2 3
74 78
46 57
9 12
56 63
27 41
17 52
70 84
21 30
1 3
4 69
6 31
9 56
6 60
12 24
24 31
28 59
44 53
4 15
6 86
1 8
15 39
16 51
10 80
31 88
11 46
18 71
18 30
66 72
1 25
19 49
6 28
2 64
42 69
73 80
58 60
12 29
14 46
60 65
14 33
9 25
52 100
38 78
7 60
7 9
40 49
7 14
32 60
20 35
13 63
3 38
18 31
6 41
12 37
7 11
8 14
11 23
23 50
5 7
1 38
46 88
2 7
6 18
3 72
6 16
18 69
18 43
28 40
4 80
53 82
6 72
33 37
34 83
10 77
14 49
8 32
33 58
4 65
1 30
13 56
59 70
7 19
16 20
45 77
3 4
12 51
1 5
14 69
32 34
47 62
66 68
17 53
35 87
13 90
3 95
44 46
74 85
34 39
25 69
4 80
5 92
2 7
32 38
17 20
10 23
38 81
56 96
8 63
10 64
19 45
6 29
25 28
36 69
33 55
31 60
22 31
8 44
7 9
71 74
5 47
10 17
1 5
11 42
18 68
3 4
15 90
8 18
12 34
23 53
42 87
3 36
7 60
61 83
8 17
7 85
27 56
5 8
1 6
67 82
17 23
10 37
27 81
6 19
8 39
50 86
24 53
1 10
8 45
54 57
5 85
10 16
53 97
5 9
34 49
57 67
7 27
21 22
16 72
38 63
43 72
22 45
53 70
48 67
1 11
15 30
46 67
18 82
45 70
12 55
75 98
6 19
25 28
15 37
3 13
3 55
1 2
14 25
48 49
41 68
9 27
30 92
9 10
18 72
3 18
3 4
5 15
16 33
3 20
48 79
38 50
51 66
21 48
7 42
70 98
25 41
7 13
10 53
55 59
19 48
13 35
8 32
50 54
11 71
39 46
7 72
12 28
26 45
66 75
35 38
5 25
53 87
28 32
14 46
38 57
33 40
29 59
40 41
43 73
38 75
64 92
24 59
57 88
6 7
53 98
6 72
9 29
36 81
91 95
12 24
31 44
5 52
49 75
48 53
17 21
41 52
63 95
2 5
14 68
21 45
59 74
16 30
10 13
37 67
22 64
54 65
8 57
12 61
15 17
6 14
9 45
78 82
21 35
36 97
1 2
7 18
4 9
12 15
24 70
5 63
11 41
27 66
26 27
10 14
52 65
52 86
88 91
3 23
43 44
1 45
2 22
25 62
2 56
21 54
79 97
1 59
42 78
17 48
83 85
28 31
1 44
26 60
2 3
55 95
82 93
38 78
4 56
71 80
2 17
49 96
19 81
14 15
56 77
14 53
53 57
1 3
5 28
40 46
8 15
87 97
7 9
10 51
6 29
19 53
28 36
3 15
3 12
44 63
22 82
34 43
34 68
51 94
28 37
12 75
27 64
52 99
54 57
2 37
12 64
22 28
4 8
69 99
17 71
7 10
65 86
1 6
1 38
-1