85 987
9250 30388 31630 14845 4010 13290 3781 16660 21622 656 18930 8042 31256 32514 32469 11093 23258 17008 10670 22691 8613 31025 32326 8587 24353 13146 17966 31716 31262 9104 29771 11925 32563 16410 4499 6989 5028 31290 26385 20596 3977 32702 2351 30561 813 15058 10292 29389 11189 1048 18956 16775 6914 15099 20808 31082 5848 14400 30053 28301 29503 20189 4177 23225 27689 20239 25899 6432 16982 16295 17482 19019 8053 16804 12418 29781 1420 20999 27042 29527 19865 24035 65 20003 31098 
32 916
17205 23818 25841 13174 8678 25229 28389 18538 17379 28238 14778 21472 15070 9606 1751 15993 1667 7296 8044 23155 26286 12283 22602 10280 7643 3536 2041 17367 14302 12500 8964 24743 
52 677
29336 29929 22617 8399 6477 31646 27899 7400 23108 28473 27631 6909 22130 24998 259 13043 13371 21898 724 1347 25923 15565 1857 19872 32385 16470 7199 2266 22165 13589 30766 12802 24155 25159 14412 23247 26560 31989 31977 9024 20180 31934 31675 21635 14625 11735 22963 8982 24380 9296 24879 23596 
73 225
26737 594 419 21828 31824 7506 17420 3596 9005 16727 26978 22551 19497 4435 30692 4984 16021 16542 31123 30200 7595 22496 15756 5910 21627 16688 17300 32076 32295 24445 1525 4244 7763 13613 5513 5675 15832 24069 15380 6549 16312 24649 6358 26337 599 6436 27489 31278 8424 18505 169 2158 26917 32475 30298 1386 22851 30091 18542 19207 14885 3584 23806 17863 10704 891 600 19090 10783 3771 4947 31159 1975 
86 151
21294 11582 6922 26592 24608 14024 8587 20029 5544 22930 30525 31283 21724 29683 15469 6384 11271 22927 14971 16733 15673 12238 7810 21563 28162 28301 18235 8817 17530 22803 10783 19876 5508 838 5068 5897 26708 14110 18346 4215 13103 20059 17102 25537 21874 21619 9759 9282 29398 1231 2999 24249 5106 31030 19340 23384 12290 7306 29519 17943 998 13746 30100 12622 23150 7895 21556 9859 10708 31955 18927 14720 10890 2790 14166 20905 19254 20139 22249 7565 9724 18507 31868 25787 23291 29425 
-1