429 800
23747 1615 13584 22030 7428 30023 9274 29337 11914 7040 28784 25496 9190 1686 24811 17200 8001 15970 21295 22953 25931 23585 1432 3514 7285 7379 28726 10758 3168 29410 8155 7142 29077 23300 18289 3945 14710 30818 31633 3225 14965 15354 19538 31232 15491 6978 12639 10347 26059 6670 31821 19438 24481 11187 17707 1576 18357 12141 1370 26056 16781 3070 21663 32592 15410 11928 31862 794 16425 28925 21929 29848 22948 10981 9250 26335 29434 29344 25853 25191 13141 20732 17122 22540 13738 27753 9362 17753 11247 28507 2495 28166 17032 11760 10785 20159 22530 20179 2758 11560 23811 31584 32170 26909 28801 23305 16263 29502 3123 24056 10222 3243 21829 6901 8087 13324 25936 17547 20726 25557 8073 31078 18190 1480 26169 29696 28298 16315 17517 23933 11530 32155 24558 18387 699 23729 18291 4909 27178 23588 28950 17042 27226 30399 32005 961 3860 2549 4218 28256 15230 11810 23789 15958 2799 25620 10120 3446 13314 15306 25819 20573 8681 22651 15569 6813 14340 30171 2786 28187 29618 21145 11915 6581 24680 9260 16379 27432 4608 30671 32016 14385 6483 9418 641 755 9993 13300 9565 15769 20656 24694 180 28988 11276 5585 2963 19463 13486 3875 19254 23193 12232 31654 30074 28842 576 19577 6033 1266 11523 4003 5369 1094 25500 31829 4783 24581 28933 5231 8864 23474 24253 32582 17248 24034 4634 420 2078 18521 21473 14097 31960 7024 30228 28753 6859 26810 3083 23342 24878 22758 26822 22392 26143 18663 22402 7497 29662 16979 17034 6285 1593 21257 15440 7618 15431 2071 7868 23549 4697 4059 13508 12334 30766 18280 8765 15780 5990 14122 32241 28628 24121 17102 20977 18774 8809 4188 30253 9264 28789 27302 31041 18263 23312 8934 2962 30067 24273 13731 8346 22755 11820 14036 14976 28929 31137 18760 5100 25767 2099 9541 7193 24050 13340 29296 31020 21317 8127 30956 1220 24977 14046 28102 30418 7124 20493 24209 12971 29664 615 77 27227 8286 895 25998 3132 9234 8602 24538 11976 23137 11803 4178 28332 11536 27710 27540 29469 22350 22537 13537 3183 23029 22912 13435 8420 1293 14361 11601 23490 14994 25199 21982 21160 20086 24122 22607 5409 10218 29823 7652 23162 2010 28164 27032 16849 6326 29703 1540 22639 11128 26927 2689 23128 17891 20163 31629 24863 26120 2586 19056 29951 7951 7763 30751 13352 29492 11846 24416 1111 3856 23225 27183 681 18970 20696 13920 9649 4205 7391 28039 17864 6604 5402 21525 32676 4579 28943 21443 9517 5583 24826 1332 12427 10977 14713 31957 28036 4767 1929 24329 19717 8204 8369 32643 5886 29226 893 
82 786
14268 7214 8676 23505 24656 16816 32740 20862 24189 32460 8678 24243 24426 31647 16614 1166 7055 6987 19915 24931 9408 8684 20369 9812 21863 30414 27815 2849 17681 22237 9110 13377 26156 2908 30436 16177 12558 30938 4152 26892 58 6754 7870 860 479 15603 29901 11055 25250 3887 10440 30318 5533 22871 15682 2923 23976 29047 5221 22201 31703 16350 12948 21312 10052 26577 5199 6288 12814 26753 6999 9078 32673 19002 22291 3277 12344 11228 11315 8855 9633 17551 
83 539
17728 11699 18530 15219 6999 2326 11651 30062 17285 22378 4659 27546 14988 4854 30189 5272 32087 25227 19338 8677 6459 30906 11181 30897 4477 29508 1630 11502 15892 20178 6133 12967 1969 17126 9530 14739 9469 6674 17098 26346 15649 23144 11197 24951 5004 21041 27525 25583 8432 23778 24345 18817 15758 29771 20820 18606 16564 25106 13975 20571 14724 9568 19382 15140 9462 24794 7186 19700 17697 25811 13058 11986 32182 10687 31864 23806 22989 20203 6369 15165 7908 29036 10316 
265 972
28502 20687 620 19687 27438 1062 22278 22904 9121 18590 10093 22809 29557 2354 189 31307 3521 12531 21713 3657 19033 5549 19032 26838 5773 30151 21291 27960 24083 3435 31966 27781 65 1767 12180 14621 9599 19027 20248 4984 2301 28788 29226 21538 2721 23777 9239 30467 7492 17252 25741 27620 25885 7331 22956 20527 6781 19968 26720 30198 1213 2237 9967 23607 8565 9316 24014 31839 19439 30822 2745 4364 30940 30978 6658 14871 23109 7016 18986 8658 32708 17695 28078 1934 18163 19108 32547 21345 12325 16724 15237 5926 27476 10379 14029 8388 12635 11790 7873 436 15717 4518 8208 12221 31398 27662 8606 8962 14921 23823 18973 5439 1449 25834 989 18000 24771 27894 29413 27123 4332 17290 4418 8910 15295 3869 26015 11956 29274 31916 2070 10276 31946 11613 26950 274 31171 10081 4006 6890 9876 19998 16152 8147 25435 9614 16066 305 18293 25826 12569 16237 23097 7276 12862 24312 17382 29371 12430 11917 2777 15624 13173 17079 12548 30417 1154 19092 17819 23747 28353 8664 16144 11997 2117 17428 12610 24019 14852 1337 13298 10160 31208 13144 3446 26560 27426 1451 30129 7597 22722 31961 1346 28648 16004 6262 9468 11594 21485 1481 4502 4604 19863 11219 18340 21396 18634 14476 27590 14464 5451 4976 800 16040 20857 22842 4106 5455 3221 17648 26376 28218 25442 10783 20476 27157 19182 25704 18330 9234 32175 24635 29981 8403 16081 8419 10296 9354 26575 26563 29520 13407 29761 24799 13800 18194 32757 30878 11101 26849 27456 16078 20947 22188 6550 31464 15727 21591 32345 21909 11207 17008 27631 15218 27542 
97 303
23824 27829 7688 4221 28736 3142 9270 32396 5773 28978 29237 4483 3337 3287 31294 24523 2381 5114 23881 2184 26555 1027 11125 622 3846 2153 939 19669 11509 21611 22142 14096 12387 17665 20566 12795 9355 24338 11982 24532 20866 32231 1370 22092 17925 17888 13613 18141 11893 12133 7258 349 7456 15904 16441 1236 10178 14441 30476 4747 32332 29442 21730 30565 24291 1285 24508 32626 2860 30746 20207 18370 8903 18669 22985 25207 1817 19424 22903 286 11343 18941 16934 6464 31647 27182 14185 14131 10961 15024 16347 29494 11519 28357 23557 15550 8345 
385 922
28682 24235 18376 21344 27133 3939 25390 23754 3629 26574 30783 31460 29496 29922 11688 4343 10583 6081 27285 2510 20277 5948 12837 5472 26881 27286 21274 27055 11713 8587 16342 2799 16106 3473 8835 24299 32302 4190 401 4005 30102 13226 2149 316 1488 28214 18511 24339 20170 14861 1469 1072 1664 24586 26031 17122 12818 7322 3947 20391 29977 451 5746 21324 27451 14950 16562 26710 16381 4801 31997 1953 30937 27191 7610 10311 9617 29268 11227 5827 27330 24332 26127 18263 6844 27715 16440 10155 20625 23699 30495 13238 16748 21833 3174 20961 14372 15280 16063 14954 28433 30611 21084 28167 15391 16125 15783 32717 17184 20291 3634 13903 8807 14148 6641 18442 19858 5872 20647 14081 2727 30727 16798 4004 17763 9251 10651 3830 11470 7161 7441 29679 20243 5084 8853 31 10127 6531 20882 27541 21288 18187 18750 20479 24288 10047 5068 20243 25769 12056 18916 30765 27260 28800 2640 12601 14245 27227 6648 9939 5217 6600 16400 1965 10154 12452 12944 3889 26450 5457 9956 9064 20047 4021 23269 2587 19798 18309 10761 31032 10667 30659 726 1654 15927 31621 20637 14908 21211 6137 11620 18880 32260 10150 28708 15468 17535 2804 27445 133 27535 495 28422 13070 12605 21320 25873 7914 24304 25756 5902 14146 27197 10233 30311 4390 6144 671 30701 8311 21932 4355 22473 15364 15583 27674 22965 11507 30010 21459 22892 19811 26735 25318 16222 31311 31899 12236 11689 23733 18647 32526 31045 19960 30729 27331 17278 23428 19969 9044 18344 11696 705 11651 12558 21992 26651 16812 3371 18443 3458 12362 11805 786 22042 28604 4438 11507 13585 14154 7829 9668 1074 19299 21268 22052 10423 24360 11523 15575 31327 12079 27446 32688 8385 14720 29979 948 23264 14052 32494 20604 25855 14688 15920 17115 28855 5116 16981 21185 25414 28616 17853 28767 20010 12833 2789 15500 21999 6193 6623 8296 31557 11189 29183 2111 31317 29955 984 17840 13397 3659 1894 23822 22362 31773 653 16902 14446 28459 5058 18306 5091 21329 21769 18126 10215 20434 27423 16889 23896 7397 5368 1407 29401 21104 20332 3364 24101 5139 24877 12323 22435 15976 25340 22664 17467 31113 6172 18907 29033 21715 11015 15102 22415 20458 8801 18264 22160 29949 8746 31540 8346 26700 19767 32611 18243 4327 23267 10281 7896 16056 13570 27479 27633 
-1