85 100
23440 348 27696 3068 27891 9576 21673 15609 25091 22632 1626 17424 896 11754 15661 18897 716 20632 31920 30949 32764 16385 26309 18930 13871 7068 27291 18111 16926 7945 24540 2201 14069 13211 25128 30197 30050 15124 195 854 30955 30639 5770 31601 3972 13668 24108 4751 12129 6247 5782 18740 24329 13554 19375 25086 25516 21572 5958 28367 10678 2794 28232 14639 7076 1085 20023 2539 23318 10028 24279 5122 4134 30779 23595 1730 17145 23756 23711 2863 29587 9117 18311 12452 25584 
55 92
3261 18512 6582 1749 4723 20946 7036 23518 25737 18244 23114 6980 10024 8250 824 16975 5318 22109 28181 15139 23116 24838 31403 21744 32375 3852 21315 3178 22654 13018 14444 14457 23030 21700 14841 28465 12275 24475 329 14084 32625 31614 4299 22582 16626 2804 7360 25234 32616 32312 24899 15196 32340 28884 6535 
10 52
17777 31841 1574 32267 13294 25094 12072 11635 32175 30485 
16 85
15416 8408 29219 21165 32250 30407 14327 24210 9580 30029 23304 8624 15966 19919 2236 3877 
55 71
6345 9250 24173 26621 31141 29328 4949 3816 16703 16122 15290 1811 13804 13735 5329 4785 25508 31494 6239 20294 4462 6992 15820 16998 11033 7528 20856 9152 29485 15622 22098 2140 4385 4116 9638 21281 20430 7000 16694 3738 8228 6740 2957 5114 13340 32362 23184 9053 17901 26948 6230 20816 24451 9843 26169 
52 53
26710 30253 18207 28310 19518 3665 29028 23798 27087 27332 28372 5513 29098 29114 25765 24897 8009 28111 15314 27320 553 17051 21347 14184 25135 20358 10222 16670 17221 29917 5214 17324 19524 28454 4083 4830 5398 31921 3466 3248 8220 368 24607 31678 717 7432 18576 32252 416 26408 4259 17319 
4 4
22347 14972 32398 5016 
-1