90 669 392 361 496 470 946 160 534 49 295 3 655 523 725 529 691 62 13 279 63 34 84 311 149 120 743 506 89 668 427 448 19 601 281 157 495 646 697 568 711 167 852 135 351 502 545 721 318 808 385 301 492 469 155 244 526 806 718 9 79 710 464 87 522 819 546 599 585 133 245 832 528 736 169 609 602 439 641 865 71 88 715 790 231 537 248 418 158 254 371
41 961 832 77 481 448 412 668 421 815 786 730 565 581 598 766 900 883 513 773 907 166 521 148 243 676 964 237 349 181 764 740 357 882 480 431 790 58 822 780 11 472
15 716 626 508 208 72 90 959 507 613 441 334 338 628 279 598
44 244 722 543 754 870 745 476 69 583 66 591 699 427 809 249 486 498 246 77 290 844 396 399 198 254 563 883 92 65 484 517 665 909 137 219 508 67 818 832 732 2 387 499 390
15 200 189 163 124 600 706 673 926 48 710 561 215 90 818 300
88 657 773 697 614 658 449 686 255 99 498 444 865 2 945 747 378 817 91 27 139 84 667 266 979 430 416 137 864 923 791 514 607 662 469 359 20 365 585 248 768 421 404 485 284 217 884 907 533 411 329 521 128 854 649 616 25 396 597 96 590 742 375 783 336 206 448 196 159 460 474 787 892 929 481 673 490 626 249 245 811 641 86 888 781 37 456 487 68
30 196 692 912 389 990 99 66 913 717 122 17 950 185 812 421 797 491 523 880 150 875 251 862 117 606 991 601 10 659 943
64 877 78 382 17 69 781 851 629 795 185 817 553 711 251 850 410 764 680 623 597 63 239 776 132 107 52 556 592 541 511 587 200 602 445 937 116 803 234 428 771 426 196 548 98 739 997 971 657 638 522 974 579 497 369 51 773 286 668 163 113 796 26 722 653
82 445 191 663 598 425 705 461 960 231 540 510 955 974 618 575 496 537 777 559 467 770 64 526 513 189 321 958 481 877 458 452 51 427 583 498 818 939 953 89 771 382 175 574 856 109 368 111 963 90 367 911 141 734 360 609 39 388 769 267 370 239 214 692 470 174 517 105 875 485 161 137 139 518 727 218 616 802 217 772 854 203 182
2 204 351
66 685 764 997 761 557 103 138 373 472 754 368 852 183 949 680 524 810 681 792 600 143 234 548 341 394 577 815 299 855 468 156 772 239 244 714 296 713 214 877 793 202 258 870 795 683 348 433 480 837 574 757 887 532 704 410 924 888 732 611 206 378 489 330 510 602 384
38 703 797 667 732 772 438 818 211 904 993 159 235 44 351 629 979 130 712 252 727 635 509 78 798 908 913 303 709 420 192 116 946 373 671 861 983 10 226
46 415 509 440 273 782 118 757 958 726 4 22 789 617 704 80 550 809 325 265 490 569 799 616 230 220 56 571 414 769 394 648 677 308 653 139 272 208 680 904 814 700 556 156 751 660 703
10 1000 215 968 137 331 631 881 218 460 489
76 258 292 104 378 137 728 787 757 363 636 869 138 299 191 356 694 121 502 432 168 417 29 548 995 185 454 437 652 43 83 883 320 201 986 189 485 510 542 228 563 305 574 410 145 79 609 271 583 297 125 949 438 656 868 249 561 306 383 627 224 820 855 712 272 184 538 762 618 754 781 651 525 194 100 826 398
29 699 256 250 936 255 93 2 847 905 133 488 178 612 63 951 552 585 944 394 269 712 319 395 181 415 212 156 308 949
100 508 688 983 849 359 535 126 850 394 15 161 360 692 667 580 911 547 344 924 755 762 272 197 55 245 886 53 595 436 159 318 832 502 271 374 305 893 118 343 696 825 244 275 660 560 201 258 721 279 461 225 326 840 705 791 125 180 853 915 624 514 795 788 116 563 530 36 742 352 411 212 792 75 220 211 897 128 454 627 968 148 497 190 622 615 452 651 278 584 193 566 706 834 232 66 313 805 396 241 139
63 239 621 680 505 807 492 777 15 885 967 129 83 496 144 782 961 151 25 617 764 173 88 321 687 131 788 254 610 465 907 69 404 770 567 896 433 724 195 793 582 740 71 668 779 200 130 19 208 327 431 282 657 308 355 432 311 372 870 629 776 209 765 408
54 651 782 250 180 458 297 898 61 542 619 493 579 188 815 855 775 235 490 95 982 730 506 406 89 684 540 939 724 900 990 270 376 797 312 426 441 622 159 803 146 924 372 923 745 890 634 640 107 278 751 896 603 888 844
80 309 161 986 23 343 369 945 303 617 21 754 181 991 751 156 544 436 885 8 562 871 364 443 543 655 212 573 914 237 385 31 844 236 624 97 636 905 495 944 141 950 602 339 18 640 261 575 132 890 765 304 488 779 292 569 128 370 82 169 262 474 552 46 118 900 503 278 922 87 988 533 464 921 964 747 133 773 95 155 373
79 365 326 975 751 549 774 456 67 590 701 155 314 938 434 159 120 136 148 423 95 704 806 506 455 831 840 989 216 60 210 979 385 444 856 509 761 130 941 239 607 270 411 680 231 348 920 205 770 640 221 967 825 841 377 175 923 111 932 96 394 343 665 910 373 800 659 308 396 282 299 960 31 226 760 882 78 236 149 892
83 464 855 781 133 530 65 818 997 912 987 197 995 322 76 153 498 869 584 445 26 573 343 674 69 889 792 215 335 744 884 394 196 114 534 949 945 286 929 402 176 356 621 917 373 364 813 309 795 688 51 617 931 243 652 920 367 501 117 223 241 887 978 745 23 493 707 503 523 937 519 315 637 278 131 692 734 255 890 562 11 669 786 738
42 543 966 15 773 781 614 369 885 879 699 797 166 597 82 306 150 500 399 200 43 531 400 942 328 376 37 230 800 562 954 660 546 40 3 79 493 905 275 112 55 427 600
13 828 726 555 91 763 210 501 859 810 983 302 699 923
36 201 180 41 127 179 929 686 3 252 396 964 285 424 885 394 374 229 823 602 707 947 749 685 526 384 253 54 763 37 737 839 779 56 774 530 561
21 961 427 612 696 581 810 157 276 767 156 880 844 816 222 523 585 308 184 478 832 978
99 703 937 948 82 552 333 461 240 105 228 237 682 91 16 472 328 431 426 184 991 183 971 809 514 869 122 694 125 268 848 692 690 57 106 192 609 103 145 465 210 155 580 12 850 730 134 631 865 360 608 503 310 359 90 131 839 740 923 497 579 139 823 852 728 391 362 305 780 719 554 356 936 110 95 783 212 607 959 769 791 304 164 755 266 760 238 161 33 960 102 731 876 264 712 575 208 413 473 79
93 476 428 188 512 528 761 986 159 813 880 489 83 160 870 129 216 389 212 845 701 97 947 926 896 842 442 561 7 651 829 4 493 728 377 98 982 391 393 795 990 380 588 110 838 757 233 26 458 395 230 267 635 647 930 145 501 331 484 429 115 455 607 527 642 3 345 821 975 653 865 663 763 689 367 536 974 339 177 299 90 378 951 577 77 44 310 590 405 648 312 123 769 78
44 436 956 992 459 849 102 595 871 944 837 519 747 692 945 461 791 790 685 186 888 984 158 73 342 359 657 113 929 191 329 410 863 412 223 293 5 171 634 194 112 549 53 177 485
93 676 596 982 58 807 362 225 164 634 306 588 682 900 291 240 326 260 161 375 42 656 112 738 742 939 259 191 105 208 398 777 507 463 851 670 199 292 754 896 99 244 858 268 5 744 617 867 637 816 943 168 535 354 730 654 68 519 36 582 430 902 755 224 936 322 27 249 579 271 356 183 852 361 935 1 53 72 616 182 4 235 317 545 333 732 480 649 95 502 990 15 77 145
62 554 743 83 38 769 410 985 49 362 111 632 673 110 865 220 702 40 369 64 28 136 447 640 152 453 896 438 56 960 221 592 73 47 839 998 645 676 925 906 858 634 774 836 898 354 236 404 442 890 446 165 969 742 139 910 633 913 586 403 487 712 805
29 331 652 903 200 696 456 449 845 232 173 808 585 890 445 258 622 763 229 884 215 565 281 53 775 16 125 67 520 126
55 71 831 723 236 223 549 276 958 895 579 516 335 156 635 242 587 542 194 623 316 433 215 757 788 741 712 939 133 368 424 24 607 430 751 39 940 6 956 347 904 491 225 614 890 380 515 665 962 377 332 970 47 447 868 828
35 718 282 503 330 116 562 818 346 710 640 457 94 804 176 80 337 781 879 585 715 211 869 886 546 793 808 172 473 998 414 696 723 676 642 366
25 674 105 886 880 786 685 561 217 936 646 268 39 317 711 143 591 307 609 358 442 323 438 436 215 567
26 203 965 128 809 269 138 927 537 668 380 933 351 821 561 762 540 709 411 431 248 38 872 63 595 396 708
14 201 519 104 411 497 612 298 482 401 333 557 829 98 529
75 416 398 18 777 428 924 808 32 501 667 934 597 517 488 980 916 841 475 744 632 713 20 558 444 134 883 386 912 277 52 940 194 151 562 365 403 331 280 635 741 958 852 520 304 747 13 244 544 706 524 142 224 796 86 607 775 156 687 866 341 456 952 815 183 847 780 209 395 426 89 792 930 599 753 17
95 210 981 929 670 265 240 250 944 149 337 97 977 601 102 640 852 150 591 958 500 409 567 440 227 825 358 665 533 584 850 836 491 814 881 856 676 588 452 967 940 544 328 180 78 654 34 786 413 196 308 971 778 938 948 524 616 154 785 436 497 613 911 873 962 33 64 237 417 458 655 91 251 547 806 312 44 65 260 651 157 208 982 433 483 420 684 523 925 891 812 363 738 902 767 817
70 737 13 872 126 416 963 442 820 336 327 470 68 261 974 86 311 720 604 833 751 877 655 20 67 732 583 111 753 918 226 728 599 178 638 424 76 673 212 981 185 322 66 719 201 337 120 472 343 882 38 836 333 125 357 657 253 348 689 525 417 456 767 160 204 213 457 389 848 270 77
97 760 565 910 703 896 850 755 347 387 443 321 332 688 38 841 247 224 877 57 25 641 28 525 902 134 939 142 345 502 355 714 996 650 383 995 759 884 444 27 276 495 320 965 479 84 745 76 708 467 929 428 694 34 77 961 87 822 418 602 794 876 316 785 559 973 552 698 359 74 459 4 209 832 39 156 375 14 687 767 915 270 812 878 496 590 233 830 314 20 729 670 570 503 647 131 950 846
34 743 511 62 493 558 45 305 652 814 689 868 264 346 561 839 654 909 772 541 150 124 795 161 962 61 888 919 713 135 902 376 319 982 672
40 931 118 698 732 132 447 537 776 386 510 252 191 147 942 678 483 796 906 452 89 40 669 865 420 333 179 292 835 728 142 738 630 127 470 213 395 741 721 428 345
75 590 882 844 298 101 958 627 633 215 322 935 178 481 953 733 698 855 582 777 749 712 220 269 60 837 273 510 856 277 886 25 16 944 505 912 745 629 479 95 477 829 325 137 641 703 848 397 854 351 680 72 847 832 772 734 347 840 791 37 802 432 142 686 613 443 354 765 121 221 27 917 679 251 960 36
49 752 168 170 913 543 821 364 774 188 887 125 298 53 85 921 167 1 235 550 957 866 802 602 735 687 87 740 6 464 282 529 976 177 737 31 837 714 275 612 522 811 719 764 271 813 310 139 97 62
75 568 414 72 799 674 98 971 678 791 812 920 481 234 567 813 181 257 834 300 275 779 708 724 212 711 973 401 118 967 61 948 732 934 841 932 222 642 284 449 34 550 290 452 733 200 207 228 149 534 384 129 342 894 335 424 175 159 48 405 640 778 518 116 623 988 801 138 765 270 279 753 687 272 496 890
15 687 345 691 318 309 819 1 914 933 398 651 930 945 472 441
73 252 900 638 160 401 924 251 837 366 844 833 176 611 20 597 573 193 925 546 24 678 4 609 172 17 102 96 923 593 455 192 19 730 845 985 548 639 402 977 506 675 965 395 539 862 408 103 21 819 404 894 804 590 61 470 174 659 131 739 302 526 285 615 341 705 211 85 118 201 30 661 458 374
83 591 137 590 424 121 475 627 314 205 588 811 279 473 742 886 575 153 502 592 520 966 336 406 263 672 558 390 748 69 95 343 315 927 266 898 364 133 743 921 604 670 30 753 717 935 715 688 998 262 103 368 875 112 718 102 126 73 229 418 42 291 119 576 24 577 683 777 136 681 914 658 220 201 959 749 840 526 990 940 568 846 374 941
82 447 220 905 718 213 393 202 309 661 195 882 442 448 79 9 291 467 717 350 548 264 572 912 842 150 659 710 381 300 486 326 113 101 380 721 181 96 808 48 144 170 615 51 374 364 384 517 938 973 674 684 262 527 396 413 739 257 13 104 459 931 645 828 735 86 820 197 301 507 635 92 279 534 461 435 64 6 378 999 99 713 749
14 406 43 38 358 421 944 198 504 816 679 338 528 704 391
51 718 38 234 803 385 772 640 206 122 838 939 721 466 706 526 588 896 195 654 503 678 339 105 541 546 348 133 250 777 94 462 507 97 212 633 148 852 983 427 731 558 898 201 716 879 809 233 379 481 464 705
1 595
18 195 591 247 103 351 607 777 882 863 929 965 909 360 228 841 376 299 114
48 987 921 880 436 401 360 251 266 21 337 972 82 419 505 638 172 263 816 252 920 329 264 435 826 232 43 139 375 308 512 305 285 701 797 157 637 15 126 411 54 891 358 365 686 123 879 690 108
15 588 332 768 72 780 573 349 783 785 403 714 414 872 654 15
33 183 672 887 155 962 858 298 865 827 220 787 871 826 225 701 760 550 363 525 182 879 688 848 566 289 124 724 475 636 423 463 33 27
11 824 586 202 206 441 658 608 46 284 327 4
37 321 43 375 687 94 819 438 44 136 768 148 13 600 368 392 595 371 346 807 589 173 482 182 32 85 961 567 706 450 67 568 246 16 261 736 168 288
75 893 577 877 576 734 263 363 741 511 287 322 380 922 729 768 566 161 103 275 640 343 238 326 761 509 947 319 520 648 568 43 664 810 71 679 9 14 831 106 842 942 941 420 930 476 390 663 328 329 815 466 543 931 863 742 909 841 170 940 344 206 490 209 618 656 164 552 814 669 202 968 834 962 340 281
8 703 571 228 444 814 645 120 724
88 559 783 450 225 139 523 946 609 326 704 681 168 447 833 964 95 359 314 606 357 304 219 383 434 291 876 246 244 162 608 72 996 768 874 741 498 97 567 968 230 260 519 228 585 751 864 673 525 645 908 910 804 969 657 167 344 306 407 482 431 618 197 740 773 296 527 785 5 257 999 254 461 939 309 884 428 331 706 474 857 393 983 22 941 101 970 819 245
7 612 643 512 436 161 494 954
7 97 585 171 191 276 947 770
64 1000 584 395 60 305 934 352 438 257 37 380 819 255 124 434 531 622 894 962 194 342 799 456 77 653 691 252 563 969 345 836 411 941 421 754 426 72 154 758 132 104 310 67 226 449 552 759 714 174 903 519 571 337 288 349 271 236 392 628 932 30 157 101 637
82 843 1000 561 967 899 135 376 762 453 436 825 105 832 102 728 807 862 438 850 655 98 310 270 297 266 796 911 152 919 912 347 177 760 249 549 260 254 708 219 151 360 833 860 200 888 584 818 987 879 957 114 168 299 384 358 301 445 56 974 14 802 157 816 857 329 69 441 512 12 641 749 385 771 510 673 893 675 296 275 625 262 136
22 19 242 385 979 845 298 640 828 742 26 397 789 579 827 865 455 852 586 543 92 310 29
69 307 277 846 899 924 411 260 409 419 764 245 374 565 904 840 450 121 170 455 329 773 618 676 107 809 392 471 338 69 768 544 880 24 200 808 658 20 95 594 786 469 451 168 520 158 759 905 489 64 877 123 280 181 271 636 937 198 979 666 156 87 251 267 317 641 530 252 647 812
16 416 185 275 350 564 311 38 641 74 632 769 900 772 277 680 788
3 789 771 668
3 789 771 668
3 789 771 668
100 741 16 685 289 448 967 581 517 610 756 813 432 69 918 13 334 350 770 441 443 393 637 108 981 991 520 116 459 652 26 819 93 163 563 375 614 383 149 346 219 119 878 613 172 865 924 75 427 66 481 101 235 580 22 264 204 358 362 414 899 566 209 784 371 550 962 758 158 31 823 538 137 763 669 451 426 665 855 19 291 531 51 77 44 726 808 207 944 996 364 468 236 338 212 237 983 999 562 410 401
100 741 16 685 289 448 967 581 517 610 756 813 432 69 918 13 334 350 770 441 443 393 637 108 981 991 520 116 459 652 26 819 93 163 563 375 614 383 149 346 219 119 878 613 172 865 924 75 427 66 481 101 235 580 22 264 204 358 362 414 899 566 209 784 371 550 962 758 158 31 823 538 137 763 669 451 426 665 855 19 291 531 51 77 44 726 808 207 944 996 364 468 236 338 212 237 983 999 562 410 401
100 741 16 685 289 448 967 581 517 610 756 813 432 69 918 13 334 350 770 441 443 393 637 108 981 991 520 116 459 652 26 819 93 163 563 375 614 383 149 346 219 119 878 613 172 865 924 75 427 66 481 101 235 580 22 264 204 358 362 414 899 566 209 784 371 550 962 758 158 31 823 538 137 763 669 451 426 665 855 19 291 531 51 77 44 726 808 207 944 996 364 468 236 338 212 237 983 999 562 410 401
22 862 418 82 394 734 358 387 735 678 268 283 7 733 355 506 416 531 868 79 429 926 901
60 943 895 96 42 813 209 963 826 228 833 146 541 115 299 392 900 694 638 344 85 723 292 233 696 644 445 200 710 607 997 680 408 145 54 55 765 915 29 640 244 876 423 522 892 273 341 970 276 548 609 720 989 112 381 735 264 704 272 332 824
22 862 418 82 394 734 358 387 735 678 268 283 7 733 355 506 416 531 868 79 429 926 901
84 675 737 161 957 693 1 258 206 891 457 236 944 112 383 231 960 926 563 154 201 384 535 360 824 666 903 900 316 248 549 438 924 303 126 966 64 190 538 772 144 444 517 24 129 452 658 672 643 307 751 241 628 222 361 713 524 195 454 312 461 922 339 483 709 171 630 644 820 948 75 88 504 565 998 205 289 17 773 137 403 60 147 836 685
85 193 313 489 159 170 213 529 910 339 486 678 247 687 551 552 823 697 716 963 700 224 38 356 318 121 495 878 401 137 949 181 194 664 514 506 710 7 377 304 29 303 119 657 499 724 562 273 557 571 88 751 522 769 841 245 570 425 907 560 124 319 241 125 390 824 953 599 603 723 991 469 759 891 360 329 981 561 25 426 964 982 285 198 931 152
84 675 737 161 957 693 1 258 206 891 457 236 944 112 383 231 960 926 563 154 201 384 535 360 824 666 903 900 316 248 549 438 924 303 126 966 64 190 538 772 144 444 517 24 129 452 658 672 643 307 751 241 628 222 361 713 524 195 454 312 461 922 339 483 709 171 630 644 820 948 75 88 504 565 998 205 289 17 773 137 403 60 147 836 685
1 464
1 210
1 422
1 181
1 34
1 350
0
0
0
50 401 500 2 479 759 944 871 1 339 471 885 635 610 433 943 98 849 875 194 326 92 734 921 116 661 9 269 312 294 238 183 145 414 804 340 624 282 998 108 201 438 783 622 207 774 395 291 356 454 346
54 326 555 948 130 998 427 159 162 1 835 608 157 616 331 378 86 483 808 726 711 981 875 288 127 663 660 102 487 560 546 647 196 69 265 47 113 310 553 182 230 457 993 668 578 793 35 704 979 340 67 959 96 217 370
0
26 729 175 786 511 854 489 796 325 218 970 223 817 722 660 20 634 445 840 679 491 808 38 19 718 695 769
33 667 863 14 974 600 185 824 531 831 573 47 685 241 674 253 232 324 250 586 791 307 846 197 223 249 723 696 406 879 48 954 596 760
0
0
89 192 379 506 644 507 625 52 168 224 630 256 947 226 904 749 581 259 328 124 15 142 813 765 403 939 857 129 486 449 634 868 167 710 882 114 963 995 346 76 252 327 538 720 931 477 828 631 588 874 120 348 855 918 313 704 292 408 64 166 812 357 911 649 12 977 260 844 396 539 378 790 488 437 410 160 165 75 502 369 201 164 990 802 626 955 86 85 674 330
0
0
26 54 539 397 733 993 321 96 706 303 260 881 185 677 369 999 412 178 681 732 88 967 729 15 410 587 370
0
69 111 306 82 204 390 477 207 456 163 557 715 144 504 172 703 932 462 48 264 319 877 11 706 776 13 117 642 54 62 627 998 414 672 731 250 191 854 212 5 51 393 517 330 260 761 853 227 712 311 829 405 799 552 562 647 651 466 387 368 454 982 890 458 73 840 28 229 472 1000
59 33 492 442 243 682 574 737 196 658 92 404 961 801 263 847 251 78 40 301 528 283 30 710 530 904 916 832 377 97 17 149 9 373 361 335 795 772 412 950 779 116 5 389 753 559 392 945 326 226 258 73 712 866 754 266 106 724 849 746
78 102 829 722 965 790 194 173 187 794 561 560 868 531 164 474 954 130 544 210 40 333 853 539 12 717 660 506 4 54 157 277 214 254 678 756 697 188 55 872 316 867 82 233 318 583 430 664 340 944 718 70 99 827 360 845 947 17 855 125 126 700 124 393 642 443 363 461 924 881 148 913 422 412 185 866 62 206 1000
20 689 214 354 87 15 372 883 270 341 518 870 538 215 780 311 120 401 734 467 1000
57 448 388 380 881 248 616 484 221 957 897 31 421 270 517 475 464 24 167 837 493 763 942 848 274 858 760 706 26 595 118 989 295 562 413 192 440 266 423 756 98 896 321 219 703 409 770 691 852 94 37 16 835 369 392 364 705 333
13 72 668 957 288 679 168 377 851 147 720 184 517 1000
12 708 234 690 886 371 576 396 284 231 186 923 1000
41 425 40 838 69 742 797 628 58 75 116 238 812 711 778 217 607 644 604 385 60 45 144 244 690 414 304 443 442 533 949 716 884 673 795 557 109 152 488 279 295 138
52 835 574 694 660 282 836 363 672 860 581 455 466 50 976 327 880 107 896 159 554 54 978 838 552 962 180 150 973 575 286 789 418 823 129 690 79 728 411 194 778 539 317 572 387 857 754 547 109 151 119 732 1000
9 921 968 960 941 937 952 924 964 985
56 970 934 961 986 920 903 997 998 933 936 982 976 918 945 901 996 921 949 999 932 939 959 935 915 944 991 914 911 968 938 929 913 967 971 900 917 979 954 963 957 941 980 919 956 940 926 977 951 909 924 990 978 964 922 966 973
85 925 917 927 957 988 939 947 963 982 981 984 902 983 931 935 990 986 945 930 932 955 979 940 942 938 929 969 913 943 992 909 910 960 964 967 995 993 905 970 980 998 977 950 914 954 923 908 948 972 966 900 956 906 949 901 936 912 933 907 903 994 922 991 953 985 941 928 996 976 958 989 915 959 968 919 952 975 926 962 921 971 937 911 951 944
20 981 996 927 983 975 980 941 934 955 987 918 929 909 942 908 920 976 958 969 972
89 921 927 922 931 987 954 960 966 977 938 929 984 997 980 902 981 996 995 991 958 967 907 998 937 965 904 949 971 918 986 972 923 976 928 982 959 974 912 963 988 975 919 953 983 999 985 946 968 940 905 914 943 930 992 978 911 964 969 908 970 989 973 950 945 941 993 917 947 994 944 932 906 957 925 924 910 915 934 933 952 955 962 900 948 936 942 979 913 903
78 993 905 944 982 934 984 955 917 953 928 927 942 916 991 989 978 907 932 985 969 996 959 919 945 903 941 926 936 915 997 958 930 973 954 960 906 924 929 994 968 901 983 908 914 948 937 975 979 992 967 963 922 943 940 946 947 956 933 981 909 918 986 949 964 910 980 951 921 966 998 976 904 939 974 957 900 965 977
84 900 945 932 916 988 965 969 931 985 989 942 971 929 928 937 909 984 992 998 987 962 913 990 974 956 991 951 907 995 964 939 996 973 924 957 926 960 925 953 936 902 981 967 983 946 943 970 982 975 904 930 927 941 994 978 922 997 999 919 921 917 950 915 986 933 958 940 905 910 918 976 911 972 954 966 901 920 908 979 912 961 993 948 903
12 929 963 960 988 949 903 915 924 981 944 996 973
12 924 929 913 949 984 983 907 947 931 904 946 916
100 903 949 925 974 979 967 920 924 965 996 959 947 960 905 910 928 921 968 926 988 987 923 900 990 942 919 913 934 982 939 950 971 954 901 997 936 998 963 945 937 906 956 951 908 984 962 977 976 914 953 978 957 973 915 966 964 992 918 985 929 944 930 935 958 994 911 927 943 946 995 981 952 975 922 916 999 907 980 912 938 972 993 933 941 986 940 904 983 970 917 955 909 931 969 989 961 991 948 902 932
100 928 994 927 953 938 959 970 916 964 954 931 922 910 946 975 979 914 972 936 949 991 921 913 996 988 937 973 990 929 933 981 998 987 956 962 976 941 947 917 952 901 950 940 943 934 986 925 942 945 944 948 906 983 977 918 971 997 920 902 951 968 915 993 905 912 989 967 965 907 939 935 900 963 909 978 903 966 904 911 908 923 961 992 919 969 960 985 984 957 999 980 924 982 930 926 995 955 932 958 974
99 969 962 902 955 996 944 922 973 909 974 995 977 924 952 994 990 956 976 921 982 904 987 945 912 925 940 968 960 900 971 929 989 903 959 907 936 993 997 939 947 948 965 931 966 984 978 991 905 998 964 943 915 914 923 937 949 911 935 942 970 979 983 986 926 938 906 951 972 941 980 961 908 934 928 957 916 932 901 918 985 975 933 963 913 958 953 917 927 920 946 930 967 988 950 981 954 910 992 919
100 935 982 942 999 987 951 924 936 966 928 954 927 974 920 961 946 911 910 950 975 963 945 944 994 991 990 918 978 996 998 937 925 941 993 968 973 979 989 957 981 903 922 964 912 958 932 907 901 952 917 909 930 923 921 962 926 900 902 904 959 992 943 986 980 939 948 938 955 940 983 969 970 915 931 933 997 908 985 976 956 995 953 984 977 960 967 914 929 905 965 906 913 988 972 916 947 934 919 949 971
100 913 917 950 998 903 910 960 943 912 933 904 985 999 932 989 975 959 911 936 919 990 956 942 941 993 938 969 939 957 949 968 963 902 952 955 937 974 964 905 929 926 934 995 994 958 966 984 918 951 920 945 948 922 976 909 991 908 915 977 997 987 970 978 971 962 947 927 954 928 914 967 931 965 979 986 916 921 900 972 996 940 935 907 992 944 930 973 906 980 983 923 925 961 946 982 988 901 924 981 953
100 905 974 949 910 946 965 960 937 958 922 963 942 901 966 970 985 995 914 934 967 947 932 971 919 990 961 930 928 907 900 964 951 969 983 915 997 980 977 959 988 991 902 950 986 945 993 978 935 913 924 996 941 925 972 962 904 918 994 957 923 936 908 982 956 939 987 981 933 929 999 931 976 954 927 953 973 998 940 979 952 917 975 943 992 968 911 916 920 912 903 926 938 955 909 944 921 948 906 989 984
100 913 960 941 967 990 902 909 900 927 956 965 920 934 928 969 972 989 937 925 943 982 978 997 987 980 903 949 926 932 961 901 988 973 914 906 981 915 959 964 938 910 984 918 977 974 955 948 904 999 993 951 911 953 986 947 931 992 979 985 929 942 952 919 991 917 916 907 971 983 905 966 921 963 958 912 935 995 944 908 936 946 939 998 996 930 922 933 957 924 968 940 923 945 950 976 962 994 975 954 970
100 917 902 997 941 921 922 988 949 995 936 983 984 963 930 948 973 928 933 998 962 978 920 956 955 972 990 909 985 987 947 904 912 951 927 945 918 971 926 919 942 969 968 931 999 965 929 915 994 976 959 961 991 993 935 964 914 907 916 938 937 932 992 940 908 952 986 925 950 903 982 900 967 970 939 943 913 980 966 989 944 996 924 979 960 977 974 905 901 954 911 953 906 958 981 923 934 957 975 946 910
100 956 973 999 905 975 928 946 900 966 921 959 997 907 971 957 901 955 986 979 949 934 904 992 923 990 952 916 925 914 938 951 910 962 995 981 944 978 929 939 902 974 926 948 993 958 950 947 906 917 924 920 945 961 967 989 942 954 915 941 937 991 903 980 977 909 913 969 919 960 984 911 922 935 940 918 988 965 912 972 933 931 908 994 987 930 943 964 970 927 998 936 985 932 963 983 968 976 982 953 996
40 39 14 56 9 10 23 22 88 29 41 53 97 25 13 17 45 66 38 7 71 78 89 4 62 42 84 74 95 35 64 3 65 85 81 49 92 6 18 24 80
26 34 78 75 47 22 81 64 90 66 49 32 93 26 96 2 48 57 77 28 13 36 25 65 42 18 10
55 77 75 87 70 79 35 21 67 13 51 5 52 71 82 61 46 54 53 90 59 95 24 41 66 69 20 68 86 55 83 8 17 23 72 32 2 81 78 73 29 28 4 60 65 57 88 16 89 33 27 97 25 7 85 50
24 67 66 26 68 52 88 4 70 35 51 76 14 27 98 95 63 12 45 50 74 29 96 97 92
83 50 37 90 35 12 27 93 1 16 21 78 79 3 87 52 31 64 42 75 72 61 57 65 62 2 17 94 60 4 76 41 89 53 58 67 80 5 43 83 44 32 38 46 71 25 34 39 98 6 91 9 20 54 24 73 77 66 95 8 45 49 10 48 47 26 18 82 51 14 13 56 99 29 69 19 11 85 40 92 81 30 59 36
38 35 84 1 44 71 49 66 22 17 74 6 41 46 4 96 91 7 31 12 47 93 33 48 9 72 61 87 39 38 85 63 36 29 76 26 28 14 19
19 91 96 75 47 90 26 72 74 40 22 1 7 16 24 81 18 73 6 12
69 14 23 3 94 21 46 90 50 52 34 44 36 12 71 5 37 58 69 67 29 95 15 78 31 83 32 49 79 92 6 59 91 99 84 9 86 70 11 60 45 43 7 42 53 96 76 88 57 62 30 33 19 2 20 1 18 10 13 48 73 65 38 41 74 8 47 72 75 54
16 44 45 90 20 58 24 26 66 98 51 87 80 23 60 31 22
83 48 78 3 66 28 36 64 97 56 10 60 17 74 13 80 53 1 84 26 86 49 50 69 37 22 57 63 20 39 33 23 93 94 75 83 34 90 12 35 70 5 32 27 52 45 2 91 81 42 25 697 684 639 733 283 567 996 715 885 104 855 246 846 966 441 771 442 669 421 973 596 953 769 180 857 924 978 135 385 532 132 805 491
88 48 78 3 66 28 36 64 97 56 10 60 17 74 13 80 53 1 84 26 86 49 50 69 37 22 57 63 20 39 33 23 93 94 75 83 34 90 12 35 70 5 32 27 52 45 2 91 81 42 25 676 242 381 369 190 268 487 703 195 445 124 929 305 353 344 597 593 842 292 680 378 410 892 169 289 111 777 800 917 151 128 523 825 454 660 413 118 807
2 369 802
55 58 35 99 73 84 52 34 48 8 51 50 23 26 55 76 59 87 75 36 12 16 65 1 25 78 29 95 64 15 60 40 19 89 3 4 70 43 66 41 20 46 21 57 80 53 10 77 13 82 14 740 948 255 568 896
72 58 35 99 73 84 52 34 48 8 51 50 23 26 55 76 59 87 75 36 12 16 65 1 25 78 29 95 64 15 60 40 19 89 3 4 70 43 66 41 20 46 21 57 80 53 10 77 13 82 14 536 339 632 203 816 955 826 733 648 901 388 546 786 261 376 452 225 143 298 737 729 974
36 539 102 503 697 876 669 975 982 209 86 572 787 574 795 431 978 99 693 609 678 58 954 321 766 731 601 289 853 861 751 844 694 111 417 591 300
80 2 6 4 72 93 68 33 54 70 39 94 60 23 30 14 46 36 25 75 12 18 20 77 32 52 43 35 8 89 63 10 51 62 74 50 45 47 37 65 48 24 84 57 90 27 66 99 1 88 96 900 258 792 228 293 365 301 344 437 834 883 244 352 398 334 800 233 763 492 438 418 414 385 187 721 942 382 976 169 845
91 2 6 1000 4 72 93 68 33 54 70 39 94 60 23 30 14 46 36 25 75 12 18 20 77 32 52 43 35 8 89 63 10 51 62 74 50 45 47 37 65 48 24 84 57 90 27 66 99 1 88 96 127 261 335 669 699 293 906 468 158 488 688 298 818 947 352 429 120 392 719 410 609 294 877 561 964 986 615 165 303 152 637 204 101 678 721 578 155 284 391 836
34 87 573 522 955 740 736 392 233 281 162 853 497 26 936 275 218 938 35 782 21 129 227 246 713 410 858 609 3 140 477 737 434 557 658
-1
