25491 6089 28072
18677 17154 2285
21290 14310 14603
31363 11921 4976
25195 15014 26785
26650 1313 29864
18289 19309 26914
30456 11457 28920
10575 4169 3725
4247 4260 18416
24035 501 22450
30094 20465 12624
22095 31728 15714
20860 32140 11059
3051 28459 11751
3628 22048 18795
15810 9991 17805
4976 17428 24365
21250 916 31583
11884 24878 21404
20706 15698 25967
5693 29711 1753
4841 1503 31295
15690 15318 12448
27301 30299 23836
9628 18048 25242
2085 1900 24981
5135 7915 10220
7901 6173 5714
4417 25979 26794
12987 8219 25072
30848 29398 4920
26514 24306 7351
13354 1595 26306
8493 32089 10302
1090 18767 24907
19615 30394 25175
5923 12675 6410
23476 4200 741
9616 2906 31752
24971 29004 3165
31389 22072 25154
27582 26606 1316
9504 6021 23993
13737 26145 17423
21424 575 4401
15274 193 17578
23890 19551 24986
4722 10046 18447
2157 23956 24398
19138 6640 3447
3738 15163 7081
9249 14178 14800
30568 17323 5293
29048 22549 10226
32047 32550 17323
26768 28016 25429
5765 5899 32043
12772 17369 3403
17396 29733 32642
82 28958 28977
13570 11047 6876
20606 28615 9747
2214 19123 6317
15888 31967 23738
11461 24703 16820
12567 20821 28441
32071 13177 26911
4136 4365 655
3814 20215 2164
13341 6447 8327
23242 8015 2885
8323 1114 8525
6015 6774 15064
4111 5829 13116
16639 20339 6481
18103 7544 15501
29875 19907 14590
25406 29464 24683
10176 12808 1995
10333 8710 8224
11516 22427 28696
31173 20161 30580
19804 18129 26458
9139 1726 32654
12473 1558 22612
970 3906 9729
20034 2094 6607
24692 11484 28107
25335 7227 9227
14326 26512 3684
20978 5206 18034
8950 22737 10555
9598 24032 3113
7729 26591 18480
31009 4822 6544
15749 20008 30696
13342 11719 26076
32418 8368 10005
31018 4681 6980
-1
