25435 19974 19293
2817 5646 1067
1146 31305 28818
4809 14436 4227
9282 28638 9966
26814 4159 11547
19935 12605 29459
29424 18349 7976
24468 12778 1928
19072 30987 32318
5786 1624 14998
18854 13966 2371
19915 28523 3407
31241 13470 18115
15890 13470 19077
12126 5014 23380
24794 19516 8106
2127 31360 24769
29681 13113 27337
1035 22498 7992
23447 7811 8210
25885 32450 26034
2742 28127 28346
19031 17763 28999
622 3254 25
19692 6252 27442
12672 18274 7497
7966 28785 5039
20803 7121 1720
10494 4389 17400
8473 17048 9835
2353 16529 7183
25255 10709 20701
15804 2595 276
2113 28012 20936
7496 29826 5975
29758 4227 22836
17234 8789 12138
17212 27205 21156
12871 30093 16350
13424 27737 4917
17543 18895 3439
10909 13206 27916
8629 1548 8644
17742 17357 25966
24545 28277 13601
1364 30150 22597
20600 5947 18826
8390 2760 3857
18169 28138 30283
27125 6977 2673
31701 21055 22767
18954 15973 17600
6170 30907 23802
6987 26334 22914
1704 8307 7693
30781 5354 4247
28192 21191 8250
11292 14452 7524
17119 16122 2227
9823 32263 16762
17039 7409 29973
30270 22455 16229
29500 10625 6659
13434 28493 30112
32242 5129 461
12505 24919 25319
331 26707 10831
1549 14576 3167
21110 28918 27992
12798 12891 4937
9120 3491 8497
18872 24257 2874
15559 22056 18204
10088 28090 8978
28758 28181 31721
22057 12645 16936
18217 30269 17131
21137 30778 10335
6083 24717 15866
18502 9178 15141
27353 24561 1345
5112 1677 17038
17280 4411 10247
20123 6444 16638
11173 6987 31676
20913 6569 5419
21912 13286 20714
19973 9843 2393
18889 1028 32219
1325 1383 9242
1038 8568 32021
19359 1296 19970
9740 3387 12794
31818 23903 32005
3221 11466 20525
18412 12583 24956
13339 23127 29325
6557 25601 23048
31882 15025 13540
30534 28767 2759
5925 22843 12188
8190 22519 10651
18741 26952 5910
902 15576 13422
17591 18864 2174
21845 15290 10175
13377 21119 19495
17140 20589 15060
18904 24078 6617
2211 29555 29803
14456 13796 17820
4209 19499 26048
3688 24876 15321
18259 21780 21304
31426 5552 27127
12514 14352 22821
12981 3466 11439
19905 1718 76
31583 4884 12246
29151 22280 2358
25438 444 25421
32523 18228 18051
867 5572 22350
28059 2852 32169
16236 32281 1631
28694 32007 17124
2675 2756 23940
8214 17948 28746
11438 22437 17292
20964 10083 322
4286 18034 1677
14721 16903 4804
13909 19515 750
18196 3475 24113
10557 21972 6536
23025 32344 1963
20943 9214 13006
28858 18577 23083
12334 19235 11001
8776 15644 23244
9703 19456 10147
15968 745 18946
27085 20887 4455
18015 31857 1208
12317 22067 19533
19804 2766 4232
1364 5236 24631
3191 10313 17805
25667 2704 7821
25427 4733 19837
16438 17748 1226
26081 96 25351
8792 30086 13256
20493 15058 11704
9623 19894 25046
3308 28283 5575
7848 8102 16892
17019 17448 18585
9742 30663 1281
21519 18658 12770
6180 23179 26882
23813 373 13997
925 6768 21187
4695 15647 22189
30974 20238 14341
5400 27044 19875
19952 5279 17533
22802 24312 12743
15752 14506 11074
10735 25397 11630
27349 9177 5332
24252 6057 8550
15694 31276 7681
16033 9747 2747
26363 25087 30291
19241 29030 16870
12913 30623 27859
25451 20405 25237
2799 30304 12353
20723 31504 12942
6982 24950 17421
6719 1399 854
28755 17920 15806
16422 16437 7588
21038 23803 22148
8844 16698 5840
4960 12070 19236
32297 4429 20404
30648 13815 30858
6223 9273 6588
7326 7211 11676
3823 6195 27164
2804 1442 23335
12889 27694 27746
24289 31105 12542
7007 29921 31963
19481 31437 25499
11234 26277 26761
17798 23297 22509
8448 24176 5019
17754 12109 23316
9550 32415 10401
12014 23673 27187
14056 1102 507
5636 13993 29356
2110 16490 27694
28475 2421 27993
5094 11200 31521
23516 20999 22437
15066 28606 17783
30537 22604 25482
16877 17819 16512
22199 30036 21479
11869 3100 31856
23536 1134 27818
10947 30782 29669
8793 2482 14009
5344 24419 21220
14711 21484 9649
27115 22995 22727
8850 6438 447
19051 29363 5605
12123 5191 25164
4047 22214 4304
32151 20353 5683
15672 1414 10360
28736 23165 7349
16945 132 8102
16542 31886 24167
24906 25356 29564
8759 21073 14290
26067 16504 16894
2748 894 12155
31534 12742 26331
2866 10458 28556
15716 11074 25571
23042 25488 24410
19983 6501 30708
17859 24142 4977
10670 28729 16963
22229 17923 19194
30975 23268 18759
31260 2832 26509
30461 8483 954
14733 15680 18643
3972 14051 26466
22339 25591 18308
25554 20019 21666
9809 8515 17311
14689 15942 18186
18581 2527 26612
19656 12867 21082
6961 13642 31060
26022 26894 28845
9085 28789 21001
10694 27474 20949
19588 705 6751
23802 3958 1287
18804 26686 30049
18534 31552 19814
2948 5484 17697
16167 8529 1811
31291 6121 27681
28580 3272 1482
4903 1237 6574
14310 14242 5940
21079 28886 19799
22729 14525 8822
22335 30455 25028
30443 23677 2980
12749 27365 10642
10650 18312 23842
12756 2092 2313
14132 9501 4636
1823 4995 3520
23484 10977 1173
2753 17492 24969
24973 31301 18116
14982 15346 10311
15722 11212 25266
21901 7494 28783
5735 10970 27740
13680 21208 27750
30554 2263 20931
395 2683 16129
10970 9409 12715
16956 13579 20428
17388 145 3332
14388 15864 27617
25847 28662 12328
16436 410 32377
17300 1101 2163
1475 6780 30850
850 18413 4071
26570 15647 8404
6793 3864 23509
18450 22250 3815
23503 28461 31941
6934 20547 4109
17326 23799 3340
32692 31480 15267
7596 6441 22742
32400 11665 5301
17600 32357 17815
24402 8473 22540
719 1633 22542
22025 10879 2971
12225 1035 16233
13642 10663 8385
31824 11961 28974
25071 22457 3305
7588 16065 29935
2949 19284 13407
9801 5656 20466
14529 25775 29054
3641 20421 24667
6553 11474 30335
3805 10053 13432
22736 23138 21133
22874 1338 22069
25887 29632 4850
7302 12541 27634
28215 14699 24438
7510 16099 18212
11349 29912 7488
8099 24920 20110
2332 18252 9699
22172 22304 29945
30454 29014 2141
23361 23389 28325
16424 5882 10278
3244 19496 26364
26968 3499 29357
4392 17122 25891
31555 6313 24018
16443 9608 10618
13767 28002 570
23848 23209 26422
25236 15578 31383
1700 20955 9358
18465 8273 19764
27557 4280 4409
11704 30370 5986
32407 30922 5679
1971 19716 2728
22369 5368 4834
20289 10556 6581
2555 32071 31610
19282 17510 1924
14984 22033 10411
14449 19666 30019
31014 11269 30016
23484 27313 7115
16128 132 3709
12599 22151 9167
4929 21050 29650
8239 8599 7188
14834 23561 22434
106 12231 28486
10229 14488 13836
20810 8112 840
7827 9002 22508
24644 18642 27161
5722 16008 26527
20004 24870 20636
21560 12576 2594
31520 4742 12768
29984 4520 27299
28587 7583 21963
15257 8684 8107
27767 27501 22572
18430 15751 6236
30270 28523 29080
28516 16569 9597
536 19462 3500
28251 3999 1355
28044 6126 29315
3077 24689 27206
14759 15959 27522
14138 2963 5239
8878 3407 7626
2739 31390 4572
13911 27826 30439
18027 27562 26109
2179 15713 5794
31677 12418 482
10987 21447 15101
14063 27018 27861
9804 12753 8630
11286 2680 5051
29674 25578 5363
9899 19256 14310
27783 401 224
543 4493 14259
24097 7589 3679
5968 28751 14925
3088 15235 25382
7604 8026 30059
21854 30080 25047
20617 23423 7913
11124 13929 9463
1913 36 30085
30570 2831 1489
12134 29769 29482
5784 29196 23718
31588 17205 144
18247 32573 22972
3848 31993 13594
17547 30123 28454
6798 21884 7990
31914 30167 20831
13966 30947 4268
20391 22438 10503
4150 16995 18339
11195 3676 14960
30782 32481 22595
15341 23146 6065
30229 14064 17463
16651 24578 30839
28151 13323 1157
10146 19103 7903
1001 8991 16240
3541 17675 21221
32470 27320 18273
16933 2704 1629
22075 5501 8465
24697 329 12656
6694 8629 32350
9491 30426 31749
22643 11528 10391
25909 4079 25264
21389 24517 4134
27549 4183 17910
7711 15686 28892
19237 9370 18687
19572 10072 337
9256 5965 8471
14207 164 18700
27005 11167 2445
5815 32398 19574
30757 978 1995
19795 29968 3784
24836 21910 6593
31885 18286 18799
9779 1922 23797
4072 16089 30105
30163 31270 18135
22969 25698 12267
10866 1124 14126
17760 11717 26519
7503 24082 5046
29169 25846 314
12585 9496 18501
833 16500 27481
31844 10371 2322
28814 14033 25940
12187 581 7415
24384 16883 15134
20995 5015 21442
32117 5875 18218
16165 321 12527
9039 23972 31036
2525 9259 19811
4933 16176 15408
5788 22530 4864
20708 17740 11721
29536 29924 19245
705 3052 809
15845 25156 5537
32651 17789 31112
22770 24707 20244
20351 5655 9781
22485 13307 18345
25262 25638 10774
29548 5994 30498
20945 32108 3097
7754 5371 12619
674 25975 6997
30169 27753 18196
18931 24293 1230
27785 20965 4435
29942 21242 4631
11631 25805 10290
20598 13185 7499
29658 3668 5794
8183 24815 31758
29133 22442 15219
20460 4921 18070
30306 1096 20966
21894 19943 16627
24950 10343 22992
29652 6207 7176
9280 23762 23454
20766 6307 4341
9870 26763 24295
14535 24185 21728
30442 3585 27214
25888 10286 23651
16339 27847 6612
2532 23357 11530
9928 27147 21758
25441 16953 24733
2526 8515 76
6008 2381 20784
5905 19391 15863
3317 27574 30263
1178 10540 32762
21233 9492 6658
21477 3114 25025
5437 4022 3183
4355 5501 2590
15365 29986 8897
32427 11655 18007
1070 2183 32209
8995 16140 13666
27421 23269 1810
17581 26476 18092
995 26377 10792
9290 4056 4607
1287 10154 21504
15345 50 13923
25957 5200 423
396 18321 3088
987 29139 30801
16985 8100 6601
26809 10624 27991
8832 1896 30773
301 26200 16398
15102 1772 11798
5163 6628 16579
17462 12569 9835
28021 21123 10060
17864 22970 15844
9945 2895 8418
29817 25909 5931
24763 25062 4159
19793 25781 32239
29313 30903 3140
10566 11443 11968
28806 19616 10369
1787 3366 28174
10383 31502 28800
12427 6585 749
14085 29137 2463
16720 21985 31346
26209 21603 30940
29731 27559 7871
30590 6747 24805
7321 9591 22813
3293 6457 574
19985 613 22702
3063 24538 10858
2497 14746 24484
12085 5159 24658
26876 11501 5883
2083 29669 19293
11115 29648 19752
9464 16305 24572
26859 7962 7749
15759 17285 6033
30032 27483 17553
2908 29284 13056
22593 6834 18027
3340 13046 3655
9694 28775 29453
16842 6456 12527
5371 6066 12713
12639 28060 23098
30222 27765 7880
11690 7201 6484
14888 30681 25069
28455 1607 24816
7046 19463 6636
20848 18678 17183
16808 4471 18554
22029 25515 27967
30959 23948 21979
743 24711 25936
23080 7542 11200
32562 13593 16669
6295 20877 4779
19644 8696 25832
11612 21672 32634
29909 27523 6828
19785 18456 26338
18253 28771 21516
4734 18514 2824
12099 29359 30852
5483 5997 7027
29875 28334 3707
26887 16889 31245
21252 9913 10563
7258 14311 6136
27660 11689 7986
6061 13932 13132
7234 16846 29266
30210 300 23343
24589 18539 23388
27548 6162 4543
9084 15910 23033
28864 9368 15290
19656 2797 24191
21496 5236 23545
26476 26689 24741
6523 4325 27922
22714 32487 21476
13713 2317 5565
18485 7526 13688
19968 11039 1228
13592 31466 14662
21224 15184 2014
24528 29273 12817
31134 2247 31760
2393 4030 1726
1122 8186 6745
25528 15963 10653
22530 5957 26966
13830 28669 26606
15562 15770 23728
31699 18023 22302
23124 23699 28258
31425 11760 29292
5645 30301 22664
15012 1194 30458
2705 15655 5761
19348 27561 1393
25136 17694 2693
8878 18499 22470
2347 29472 8452
24955 22881 16066
31892 14764 7525
25899 10555 28243
222 8884 29693
21043 7699 12509
22382 16477 17243
17901 3271 14585
11476 14297 13112
15171 1624 18023
384 212 18861
20627 13756 32291
19708 31026 14204
19531 5509 32469
8220 24591 17040
19184 7506 12827
9383 31804 25091
15500 21762 28761
6491 29107 24899
4280 4124 4118
24420 26296 2102
30648 32237 15119
27289 25755 25706
17516 19271 12930
30748 10587 29613
3579 22767 22888
26419 13981 10924
391 5650 13967
32368 8115 12901
13130 28765 31190
23428 15263 19855
31721 5005 14075
22097 16732 13123
23018 28817 19896
20508 17370 24210
14467 18581 10786
19937 20580 27337
13378 21130 31111
26946 28012 8843
19267 4623 28484
9609 12538 31766
10725 11458 4673
7852 27940 26435
17985 1891 5912
26203 22109 8739
3034 17999 21526
18301 23177 20303
17963 1339 13201
8873 28932 21820
5165 18493 32336
13951 19243 12337
18414 23677 15088
31974 18953 26812
31931 10538 136
25249 18734 24239
13221 24966 18954
4283 30683 7436
14650 12066 25862
22450 28947 1394
18630 22439 20954
6765 22564 25053
8326 9148 9336
27487 17096 25057
22410 29924 31817
30830 31479 17572
4403 5748 20182
29290 29170 831
29596 31211 21564
25408 27453 18262
23886 18763 13716
29228 16761 26627
3077 6738 31966
30610 97 7013
2422 9117 777
2637 13909 5494
5207 12565 1071
28308 9529 31993
11035 18241 27423
4801 11671 1427
11032 32078 7372
8349 16439 10867
29204 9190 24892
10758 8634 1819
26992 25398 19201
11776 10449 13342
10599 9388 32623
12187 11050 27638
18454 27995 20748
27179 22061 8247
15187 21506 2782
26307 2069 8657
17784 2595 26290
25856 13073 7968
1186 4542 16751
15739 14193 4340
14633 16768 2055
11895 17161 19423
813 14210 23733
29624 29517 23907
142 24309 26489
12404 1241 13532
11183 18253 30237
7908 5724 26168
28875 19400 20254
15078 15908 10459
29390 96 14424
17819 14526 7999
14827 5512 32063
7712 7261 1079
21863 30291 2570
4002 4113 8403
10063 23746 18468
28539 22254 31328
27673 1654 7604
17960 24247 2552
26969 10239 5409
21547 16039 6038
22035 18285 4830
8255 32361 4280
21592 22272 28385
28257 26217 30438
1825 20230 5257
6044 20988 23746
16565 12860 18161
18594 20754 26725
17652 27229 8404
16782 10866 2111
30814 21146 11919
23399 20650 940
24498 9266 26092
26684 27459 25335
23922 23915 4787
2293 719 25235
29117 13705 24632
24611 31212 21413
13870 20650 18270
11133 5726 49
12999 15491 9669
21966 17592 29590
18967 23414 28194
4470 18018 30739
10774 21884 2798
4054 27854 16520
15465 32463 1009
1082 13888 8635
19475 29285 3152
24861 24443 192
20414 29328 8746
13535 6947 17499
20249 3170 10733
18246 27329 13677
32514 2732 16096
11096 24230 24274
17275 2983 8094
29047 6431 14140
6037 6316 30829
5067 9920 16358
15062 399 9918
11090 24738 22843
16578 1384 14391
1588 28403 27331
2712 4349 11539
26672 28972 11762
7263 7941 14529
9274 7863 948
30160 8439 11519
27295 11778 19135
27845 22318 15092
10576 18724 16671
18999 13695 4840
17438 7836 9586
27634 28054 30382
18703 479 7366
15487 2740 23524
10519 25256 26665
16380 17069 4747
30675 29510 16700
4059 20010 22952
21789 30047 22381
14521 20129 12018
31124 8670 28581
21711 4742 18355
31590 19467 9868
17068 30871 20579
21253 2300 22961
19256 22876 7605
32651 7128 22072
15153 18986 13567
30962 31922 11226
13214 20300 19269
29309 21210 31072
4588 15140 24920
22998 31995 17372
7096 5722 18627
4043 4191 31821
25454 4475 28794
7611 26154 20341
29247 14990 10634
14098 10358 18945
31016 4494 29497
14423 10896 20318
28152 11468 7001
7619 32448 27596
23189 31392 27324
10595 364 14985
5116 24565 32515
13596 17525 32559
23459 2964 10825
1853 14103 15771
26953 25661 1621
96 26040 7668
21601 3050 11346
12224 2671 21164
7053 7374 840
22361 12831 5261
28142 5369 9920
15203 17283 11581
11569 27550 21607
20751 3197 685
12449 5998 27263
3728 28544 13945
28836 28557 6785
21193 11763 16933
16244 22788 23114
9542 28123 5551
24298 12482 9107
32580 18485 12288
27830 26245 1207
29938 15039 271
5476 22342 14063
562 4896 13281
5104 13824 11653
137 8889 21156
1760 18401 11953
29686 4476 8603
25879 30028 21028
31465 19361 7570
11235 17204 2659
20893 6414 20753
3315 16572 30084
4977 16075 16272
15925 25367 26350
17694 27105 2128
26319 15907 16162
18654 24686 10919
19373 4661 1988
14805 24789 5098
9057 22538 14673
24168 84 25388
11326 23013 23883
31037 4456 10644
4347 5424 15045
20252 28610 28155
10050 8778 13451
19437 21186 28930
28915 18498 18276
23420 18602 10997
21509 16557 31771
23253 3079 20226
1615 5083 29776
3412 21006 22459
405 28697 19016
19641 19416 20183
18868 32446 6959
19935 11703 13995
12744 4151 4231
23533 30506 17880
28304 5202 26813
27161 15127 5658
29581 18028 10269
24658 6987 3400
9606 19805 4757
8550 23418 13268
10358 23856 9228
2448 12081 28279
18457 15620 16442
6756 883 14544
390 32177 5183
17812 20484 7448
22940 15874 29548
23052 17798 18744
16183 8104 9721
3916 17646 23525
2393 7208 31656
6415 16913 25752
207 19322 19835
8609 22050 10097
8704 30229 16640
4975 10368 4708
12003 2706 25843
19125 17195 844
4689 21301 29213
11868 13744 5807
19755 8700 27820
23390 25717 17756
31500 10751 24977
4176 23459 11049
16263 29509 22643
28385 17440 31610
28185 21098 7777
1901 32357 30810
20050 8083 5704
1779 14852 18251
19187 8367 5073
23061 29245 19229
30182 18687 14917
14316 22271 19553
25689 9285 15474
24010 10007 16991
19823 3642 31698
24909 11142 3218
23352 18202 13417
28744 11569 28951
4340 7263 28682
11892 13674 20119
23250 18702 14082
12001 32516 12424
6818 29461 11623
23453 234 27367
8755 21428 21364
2072 15477 7861
22362 14057 17588
31516 18681 6869
1749 8780 25845
895 17212 1317
638 11754 15156
14040 8913 9704
23697 31226 6657
23509 20628 9176
13559 17028 29198
18955 183 2426
28360 28236 5862
18266 6179 7305
5001 10401 9980
12088 6160 30355
30418 11755 32659
2678 31787 31268
10331 253 31283
15979 30372 16903
15271 21407 29857
12426 21233 4234
13249 5833 9621
14263 21297 8910
18123 30600 20386
1812 25965 12419
76 4996 20756
30189 25907 23202
23167 31898 10921
14089 4916 27651
1556 17685 12393
17817 20465 9439
5412 22105 32537
6254 18338 26273
26947 21035 22006
7234 27851 1942
28146 17110 26546
7224 11338 28244
8165 30936 26359
11233 194 25330
30426 13545 20952
26725 17570 22639
19182 13164 7407
3745 10567 23247
4023 27312 10789
603 24298 24286
3724 24463 16465
1753 3144 30360
30396 27719 20530
9088 1628 31138
30126 17314 2158
3910 6008 4961
-1