25357 24157 16537
15121 20240 5129
24752 3256 25756
21290 17986 3170
2237 24743 1642
3916 15887 28093
8766 5069 17631
18330 18441 3465
1677 9511 14811
16872 20532 1829
32068 18631 8333
24187 14428 1389
3345 27854 24582
11200 606 4947
7030 9656 25564
993 241 27925
20128 2123 4052
11597 913 21484
3032 16841 15561
4995 7572 25680
29246 12098 23620
8132 20897 29473
9416 23308 28038
4472 25072 4177
26566 13261 10742
1133 6945 3562
21836 4768 2088
10035 29336 24709
2395 20023 15358
3653 4750 27269
29085 14091 32657
8385 15708 21944
13839 31991 998
25047 7863 5934
18163 14547 14746
26177 31946 10087
20948 13546 259
10071 5231 27936
658 9566 3716
11683 4865 25447
22179 24021 15101
19200 25973 13259
14356 17419 24992
24740 18365 25526
25323 22297 9113
1966 28835 24662
4856 12688 16189
29448 13727 13985
28988 184 27593
6078 24406 11607
32619 5526 11218
9498 29372 21782
9524 1160 6133
10277 15388 1745
22101 20114 4204
28257 16489 17226
22953 23477 24458
27087 11940 1645
22695 12261 28761
3235 20037 30607
23575 19580 9155
23865 2273 31740
1507 11831 21525
29471 23686 9070
331 23589 2487
13393 4480 15917
6635 5648 5492
5637 18823 15115
32592 28993 931
26253 14220 16266
15886 10423 30992
20025 22162 22202
14489 8741 21881
21322 7007 9144
14671 15183 16629
20809 12266 19165
25712 27557 24744
3686 6347 20719
11256 13358 9354
31147 1052 4608
16542 19477 17197
13088 16009 14775
8799 640 22978
23354 13958 25910
14427 32381 5593
22830 24289 23268
2806 27676 7044
24563 31015 7861
11383 21019 21988
2079 9626 10707
23449 19878 22871
26859 22953 17072
18633 23069 17842
17651 24356 28390
29203 10469 31825
12180 3499 19060
4824 29087 20708
5624 23811 18492
31728 7526 27969
25392 2643 3526
7624 20450 16290
6375 9086 20661
29066 10065 18458
16020 13075 26235
3974 10447 17702
1854 19592 10021
28750 16522 26786
4642 11195 27224
25399 5547 13708
17631 19438 20951
78 16395 15452
32256 6591 22315
5341 16922 28376
21738 194 14916
4363 4992 1458
22685 24778 3369
8778 6489 16712
20694 16391 15636
14723 12067 31846
32101 9858 13194
3401 28599 25307
15830 17565 2644
1913 20442 30522
32707 10652 25442
19210 25684 14881
23658 12398 20985
27140 27534 2781
32343 14371 29890
19663 30493 3141
20035 2777 30869
858 27598 18969
4729 20741 18959
3540 3847 23127
11868 26718 20567
28126 3747 4922
6125 15582 13729
21123 27787 31198
30549 10122 4680
16486 2485 5825
18662 10760 21919
1240 17505 13469
21522 28453 5060
24017 19358 841
27200 6114 537
23057 32383 31652
13972 22938 29750
23497 30605 697
1018 7519 10599
11673 21844 31130
20759 31142 16151
3284 30495 29866
25073 22226 14016
15670 20801 4169
19819 9284 15912
31136 15994 4634
22755 1784 24349
12914 23640 3434
24215 11223 30702
21903 7850 26194
2978 14150 28751
9542 27224 8881
2219 30873 5742
14977 16959 18708
11415 25460 32351
1037 28903 27931
15077 10819 12842
14305 12326 17929
30586 31817 2853
3239 11281 6007
6151 12029 15707
242 28871 7529
24399 19880 1067
17131 27392 25651
2295 31623 2927
18010 12640 18923
11428 5083 12995
4178 24829 10856
30103 20648 12485
1775 417 14319
2056 19486 31334
30945 13990 4647
16358 14807 13991
25536 1927 6633
11470 3182 336
4439 22385 7172
23895 12584 24456
17254 17789 1552
16387 28307 8024
8855 14177 16355
10865 5240 30590
20621 20144 18759
1964 23147 12052
9815 3334 12034
21671 22491 27905
8125 1458 6987
32324 15225 7469
2314 15290 1350
30329 8517 11749
2156 16722 8222
32373 28077 20991
23818 27161 30154
16843 14711 1173
32073 29625 25267
789 28020 20852
27401 192 16037
21637 32301 29073
28609 12232 13530
14178 5891 11553
19385 3402 28667
4971 16773 15657
2774 10417 8301
21377 223 9377
30393 17800 21062
10045 17073 15739
20768 2004 21946
308 15792 4145
29379 9983 30693
30738 11231 3242
27171 13532 17203
17627 4423 29068
4883 28326 17893
17137 16744 11103
10963 27673 16981
9901 25836 18185
28186 25824 14
9648 11832 19333
9573 16158 1494
6199 1772 31986
31075 14776 9264
15633 6525 16192
19544 23454 13585
21012 354 6438
30404 27995 8367
12570 29074 18477
29890 13443 24757
9710 5189 31985
7881 218 12876
19380 6189 17120
17374 26959 15532
180 7858 22826
13405 27424 30006
30087 23495 27291
21461 1975 19273
6428 890 12430
28090 3632 30032
13588 27212 12619
7117 893 26038
1627 21742 1116
24210 10403 18884
3091 10499 26567
26415 142 19868
15139 21482 1841
20349 32609 1991
20238 7615 12875
26684 19292 13331
8413 3615 29220
11941 15263 6318
21310 21831 1330
12754 7036 25035
20264 10149 22565
1456 14617 16177
3749 29442 9714
9339 31874 27771
7057 7104 5010
8430 16527 22526
1644 21990 27741
6838 31004 9610
32147 240 10779
21443 27268 8577
10110 32417 16406
24713 25709 11771
721 7231 17111
1622 9781 5873
25956 8968 3665
16966 23979 23454
20369 20423 2726
30842 8408 10909
15202 6849 13262
16028 27131 23412
26492 12417 8904
26076 2326 27512
27603 4396 5911
10210 16524 15714
14995 20308 30142
30574 27337 25059
6593 10390 28409
16543 9458 21785
12917 349 3680
11794 7929 12218
6344 31392 28991
8028 27588 7236
15311 13179 19775
12938 3093 16288
3884 8684 26037
26029 1399 499
2083 5406 6204
13983 12910 3982
17976 14601 22876
5757 11133 21319
956 9808 24681
21392 16632 25241
17624 31392 28138
6041 2969 10590
15344 29956 6687
4541 11843 26115
4217 28384 388
10879 3461 2177
12696 5533 864
1427 4534 5509
12320 21030 10942
26728 3782 7308
21453 8897 21614
11706 14606 27355
19913 8432 17619
3475 12493 16029
7908 20575 13995
32381 13846 9359
4610 29956 2080
8147 5458 12287
7083 24062 7603
18041 24744 12297
5575 8155 27366
15451 9453 13912
15076 29767 24247
22664 2276 727
1695 11859 17984
6344 15349 1297
18689 14805 8732
9967 21934 28473
22774 16789 31586
879 22941 8198
30241 11068 2900
15303 2924 16367
9405 26947 5395
28392 11596 9070
11851 599 13051
15017 14080 10054
2111 27366 8557
21722 7739 7436
15849 14549 20276
22429 30980 19808
11590 8854 16338
31752 10581 25238
32391 29190 9798
28483 27972 2499
19566 26857 7985
28059 12618 4453
1996 22497 10097
11330 27265 5156
19144 10785 26746
9649 7413 9054
8376 14169 17942
26096 5731 14453
19890 6801 20830
19239 24559 17696
27935 26594 29446
9283 2494 23084
24821 13392 21323
31394 18804 22894
4965 19005 20521
29943 264 21205
2847 27169 17063
28899 13685 21982
22139 27275 31315
32256 21786 30682
27682 15265 16971
8268 31741 25794
24601 4497 1378
31026 14374 21392
16942 5810 20290
32173 15048 30806
14140 20807 1692
1326 29432 23941
28875 12838 24770
4179 21792 15147
7906 22695 18759
30607 7793 15881
26169 19887 22635
4434 17915 2515
22789 6836 2440
7253 5440 26874
31500 774 16062
9745 8274 25037
2516 5320 20864
3729 6626 7124
10242 5209 2015
535 22980 29106
14136 16418 21668
5714 27867 2808
11815 25594 23694
31764 15210 13985
8326 31406 25948
14286 20277 19003
3371 326 9059
25139 5372 21223
27264 29462 24799
24532 11577 15537
25602 30418 17993
6558 3621 2546
23442 25610 11597
22897 28012 6074
6077 17884 28733
21840 12834 3447
9290 10955 9742
30944 8140 17742
23719 15088 16199
28706 4513 2018
28695 1277 4713
10167 2379 12677
32163 2008 9911
13840 5847 4094
14917 430 615
15951 18316 20329
32197 20170 32164
10443 26594 29156
9016 29089 11754
22131 2268 24831
28718 2764 30113
2948 29538 31016
16871 25311 12808
845 5235 20114
8748 362 30146
16886 850 10306
11676 29568 18605
6796 7916 6466
29585 10650 5582
20149 29227 2362
15338 1973 22128
31450 9985 13517
31059 13295 13765
31925 24123 919
12014 12057 27316
31612 22154 21660
18020 8188 28052
29 30530 25480
20425 17721 3586
29002 9143 30737
30419 2827 20759
6733 16973 32339
12636 6497 31397
29906 11916 16910
22820 9214 17487
3372 28631 8190
5958 10664 7047
21959 5789 26569
20971 28805 23524
27063 8221 11836
15642 15677 27979
26543 17675 17102
21935 20353 1501
1478 12737 11418
31205 27123 7595
5068 26303 21076
5373 25782 30365
9504 30370 3561
31711 20746 1299
23626 4836 14276
14026 22968 5664
8642 27386 32494
6255 8000 22141
15530 22953 31366
15629 8207 26999
8043 19128 5703
27749 7192 8590
4974 14136 7950
28573 8363 13441
5739 8479 5536
18546 21608 753
261 9969 23847
26951 1167 20459
16812 11935 10263
9707 11305 7923
26616 21227 382
9011 697 28522
15360 16626 18924
8126 25465 16992
31317 7084 18033
6776 24399 21558
22700 22906 17772
11188 23284 17820
92 29734 12313
27644 2064 10185
821 15834 28958
4072 9012 3588
17512 19957 14228
657 31225 31448
12906 20178 6959
20615 9126 18822
20511 4567 20887
13133 23605 9362
15026 16736 19995
4553 25743 16510
26332 24683 7220
25642 31818 32279
2966 5651 23197
10799 18525 22996
26972 5934 16360
6365 6017 13883
9361 27313 21208
24830 16434 11603
3752 21938 20456
506 7573 14715
19734 524 25285
5370 18349 16458
7746 32543 13739
27208 22687 27199
23522 7713 12767
18279 13307 18536
6034 29679 29626
7778 9793 9554
6532 2162 14860
18237 8734 4308
29330 32741 19383
10894 11793 20126
2601 25764 16334
30890 4220 23948
26040 14414 5035
2785 16712 25131
10923 10588 22443
29900 28586 26879
23843 18044 18069
10643 20395 17754
27868 23381 9434
32175 13945 22509
3849 23166 7215
18335 7608 21597
32527 26309 15662
644 17729 16253
22880 16932 13313
11167 10260 26618
10984 13042 24134
12323 9325 6559
21707 24626 8107
13029 24628 20352
22373 19471 24565
18883 27207 17315
18631 32738 22638
8413 11850 31496
31275 16219 4079
17912 21508 25370
27925 16544 27644
18593 25714 20976
1045 1404 25269
27628 24082 19692
9321 5632 27777
27869 3869 29076
5369 5912 9666
27873 26529 19130
7252 6147 28657
29157 20157 20559
701 1973 7926
13798 11631 23158
32367 8074 10900
15892 9905 177
32666 17106 17730
30168 10199 17471
7880 27418 28878
25703 28018 4353
27566 18246 32404
5020 6172 8834
21393 18386 11314
30041 18942 17141
7624 31959 3844
4251 20722 14413
25094 31401 4041
4608 27268 6064
12143 30 9536
4989 1613 12790
11423 26091 6047
7527 24657 27644
6195 153 12340
5928 12397 11244
3702 9973 8079
10286 19707 8392
9271 3345 27134
31227 20010 7132
4090 10287 7503
29280 19659 3044
4607 27182 17424
26951 4732 30727
24789 25418 18878
8084 19055 11514
25462 20311 8358
25870 18765 14562
17178 20411 17772
31047 10207 25296
11842 9679 1387
22526 32641 4335
21426 14711 1130
23415 26767 7356
30539 9741 13158
32687 14918 30426
23560 31728 3411
10115 18646 17510
25992 28507 20522
8476 18841 24023
6386 23887 22427
22850 28318 23493
22541 30129 3133
17760 536 14394
8930 1522 21782
6753 8013 2899
11090 25043 29383
31409 27150 8279
25422 20520 29387
28673 9970 7314
14788 16296 20095
21921 9660 17307
17244 27691 7417
24208 23731 7364
25489 5853 20434
11922 12004 27627
32722 5213 4714
8167 28790 9190
10671 18874 24661
22394 9115 17212
20028 19910 4855
18340 28110 31725
10285 22084 20333
17880 14415 11635
16222 28878 13659
29130 8231 9284
31678 21907 17468
27894 6422 21630
2779 30262 28732
22422 17461 28036
24194 21876 8398
17504 17977 17074
12326 17500 8823
26275 12953 10613
2071 26689 17028
13987 14336 10087
6313 30895 9899
13889 28629 11077
7391 1792 19392
29770 21951 8658
10036 26991 15879
30481 19825 5127
14483 8634 25297
26390 3105 11810
24744 23466 24151
14564 2158 10094
24584 31262 4640
16764 3763 4317
6627 10611 12108
8917 4331 9417
26175 9302 13723
26211 4275 23675
22253 21603 17163
31141 26389 24642
4275 18983 8545
9502 281 27971
18276 16469 22009
4182 14675 6226
1758 3151 28079
1447 5606 30565
3108 4700 8645
32522 12210 17287
22796 7706 5130
8477 12972 857
12859 28680 4021
15388 4237 21114
10852 30534 18861
17024 30301 29814
3851 6874 22069
29567 10881 8714
18995 14361 17205
19371 31832 30166
27072 9220 19868
14423 12176 6621
18555 7103 19850
6801 7344 26984
7668 13413 2113
27861 28051 13080
20923 5352 26640
27324 14271 13653
9121 9412 31165
31831 4069 25437
24064 28834 19471
28418 22763 2968
10310 25162 14722
17343 22092 10245
32556 7027 3422
8072 15542 2008
9564 23365 11420
17427 27946 11679
23172 25786 16470
30716 1548 16264
8187 28699 8901
31574 21221 20392
6527 23622 20725
8717 11976 8258
32199 9356 12975
32677 30355 27786
24014 9783 30545
18478 32647 14431
6945 3371 24973
14484 31721 18906
1190 24853 30016
3212 6832 17882
3723 13598 25058
21194 20581 1230
17749 31278 2373
24652 26307 10086
17754 30741 30094
18906 32186 19196
30468 3124 17084
14089 25569 3021
26018 3207 16149
9316 25980 22361
2504 9238 9033
21133 14492 31626
8542 14900 3634
15981 21004 28528
32495 2078 14717
8910 512 6314
26335 30934 29595
15866 2244 23777
27784 23883 8393
30251 13025 12511
6774 29481 10262
3570 18790 7965
22579 18160 4776
30183 3686 32229
17764 10782 4796
31541 26306 20831
29995 23693 29959
10981 2517 12313
26114 13402 31371
20472 25766 237
4496 4589 4600
1701 8608 8023
19756 22005 12081
2403 18186 28560
16121 28032 25751
11390 28080 15891
13554 27760 13591
876 32380 32337
569 10489 10043
30493 241 10938
31873 27382 16556
14069 7624 15477
5744 6187 3809
30270 24606 31562
13646 25303 3316
26148 17644 22202
3925 29216 24533
24744 7117 7984
28036 21569 22864
21251 27962 25298
26306 22651 18337
13934 22973 29537
25519 17216 6798
23640 718 17183
16768 14607 10298
3939 22878 25787
4010 19703 11059
7365 30514 7856
30548 26047 16488
20957 16288 15517
11462 14624 1799
26658 14671 10620
10825 32408 23925
19886 13824 29636
12603 17345 24033
17177 16023 14557
31039 2604 538
30560 10448 10088
24274 6959 2484
12547 2416 24655
6579 22576 11942
16303 12487 3223
22739 20040 13274
29698 22754 4712
25808 2649 13935
17227 29640 32208
27436 9964 13727
7007 28036 538
9142 24435 20094
20174 2294 32483
28387 11452 17
31781 4003 16424
9994 7362 16757
29435 11255 21255
30654 19478 5894
28669 17076 20710
30142 12700 29891
9529 19335 316
14128 23888 27501
30284 20988 13877
7969 28998 11019
10319 16192 25314
16517 2099 8408
5003 8829 10685
31785 32527 12240
14688 12456 6298
6736 16314 2634
2789 30242 875
27646 18603 22629
15656 891 349
18708 21003 27197
19990 3118 2093
22474 10961 1556
26999 18746 4058
16178 18613 16886
16258 19169 7404
2496 7191 5516
9966 3060 6675
24082 5419 15373
8852 24172 6602
9066 31244 26512
9977 31827 32570
29845 17793 32311
22105 30999 14749
16183 21655 28381
27148 20201 16328
26297 15717 28245
13916 8368 25003
2372 21390 28507
12833 21691 25567
27277 12127 14018
15811 13623 15782
23401 4762 23176
7537 6925 19425
1624 21068 5592
18602 7366 27625
10375 3913 29984
25969 7792 18257
15364 3864 17603
4031 16581 13812
17168 1396 12816
32271 23817 3561
3536 8891 394
14878 18510 4389
19158 21971 28317
4397 21540 30459
18485 28789 2138
8558 15326 25528
19992 21214 31696
4702 13560 2828
15640 77 2068
9275 32317 18945
27081 4069 8484
26335 23739 19374
23601 26054 24089
8854 18095 22504
29987 3698 1138
24024 23529 19869
21690 2787 9557
235 2139 4772
1131 26078 8987
29907 6352 285
11356 7006 25737
19745 29435 7867
20230 16690 18551
9340 22879 17554
30550 3108 26589
25080 30916 24121
17596 20287 11646
12698 16431 7520
7662 31507 4517
9374 1431 31535
24139 256 11700
15949 2258 13060
23324 25334 11890
14482 21353 6766
29999 12847 15705
6025 3931 26739
24693 24512 6236
17853 2032 12932
11951 6181 3281
31443 28461 12210
19285 32520 13709
11470 1934 17143
17963 4854 1361
20537 17671 29622
22351 22725 7697
17877 10626 26560
17060 15565 2763
5271 24656 13437
31193 27722 29916
1314 14668 1291
25483 21380 12058
28679 28575 12653
21298 32132 16412
8799 29024 1836
20686 22662 17009
13480 29837 15852
8343 28273 19648
7660 23311 29411
23072 745 27904
16788 2751 7232
7079 20707 26952
16506 16305 16852
20872 24519 15848
1563 20013 31400
29458 11382 974
28907 5910 18240
19756 15580 23393
8516 27832 28346
18568 13519 30549
31848 7983 6409
23646 14693 16425
22916 12011 2814
24545 27670 5200
11458 2296 14564
31719 6455 12847
26816 1040 27339
27528 28085 12405
18701 26280 31199
21907 13853 24192
22656 23926 20577
8748 23889 18883
23674 18203 24086
5884 11127 18033
27253 25856 12616
2473 13832 2257
24437 10879 26801
27546 6160 27149
18734 23281 19688
9012 30189 11865
7935 15421 8225
26123 4670 23488
32021 9974 10600
25797 25024 14340
32333 32298 15515
25759 10816 10565
25007 26740 4810
11209 23794 18550
28320 20718 16083
15654 5843 17868
5908 4626 30791
5384 4568 7836
14694 1459 27389
15357 26645 24943
11179 23690 17383
26068 26157 10293
30865 25874 25600
16982 23711 22999
31274 7340 2149
29299 30669 31646
22839 22330 25340
4039 13533 12329
30669 18610 8513
11725 7600 17634
1131 6497 18175
790 8367 12343
28374 14539 8485
20057 10532 29185
19034 11375 30978
24130 9029 13539
24900 28385 10877
13380 25422 10880
27561 26856 24618
22996 2359 13782
4055 29101 3665
31970 739 24112
7436 25626 25148
4967 19683 2657
24899 1789 19813
28506 5666 30530
8490 4744 11359
9077 1291 3507
9650 22851 22418
11917 7444 31627
5296 21397 16409
26212 14766 4156
29311 21601 9574
23622 20487 10516
18611 21108 131
17616 15142 16992
4657 17843 2043
6568 20039 23012
18251 26702 15311
1818 22403 1119
17589 2910 19220
4307 12575 15121
24172 27573 27900
48 2598 18308
19424 24279 1405
29656 16143 8964
19719 6472 12760
7070 416 27788
36 1718 13219
7391 15182 4876
28257 423 12597
6869 6091 19288
27024 31675 30834
15254 3458 12326
32690 10394 28015
3514 6185 20438
6413 19745 8302
15324 15806 16138
23552 16764 16157
21105 28797 22572
15830 20513 17173
20910 188 28536
19005 13548 29717
10347 10152 16423
13112 26313 7795
-1