78 37
9721 6177 3706 1356 8526 2689 1470 5784 2171 283 5522 4984 5104 4988 4780 6324 7576 646 6041 2701 8460 5838 953 7669 8614 3202 5728 610 6073 4351 8618 4335 6703 67 831 500 1619 
22 76
4408 704 4494 817 6900 8265 1691 8895 6617 2043 5696 1603 6309 7136 7836 1743 5570 5445 1992 2889 9055 495 265 1214 4243 5017 6584 4041 2879 6705 5296 5652 2947 6563 6135 6221 2980 8838 7073 4861 4477 8470 9202 9862 9331 9521 707 9003 5725 6679 1303 7748 3844 1579 349 6049 2104 5455 3240 4527 9715 2767 7758 2713 6274 6092 2670 3073 7408 765 7494 7327 6293 8641 4004 6025 
100 16
283 3428 7009 7730 2008 3113 1354 6071 8101 6364 9158 793 2669 9817 5546 551 
25 68
8955 2084 8379 2883 2145 3591 3586 893 2619 788 2525 8245 2291 1547 3899 9506 4147 3231 2866 3666 1896 778 5751 6422 5269 255 2622 2080 987 240 2385 2816 4184 3777 966 6267 2462 4156 6412 3950 934 5127 2311 1009 692 2179 2093 9983 7101 2566 2223 8724 5702 5340 1500 8744 8302 2281 3202 1964 7199 8242 1158 1346 3153 2396 3254 4018 
44 37
4078 1450 3951 1090 1560 8982 2668 1273 2439 5857 9990 6032 1845 554 2476 533 5051 2410 7512 4527 2402 8148 8653 4869 4840 2174 5677 5614 2117 4336 4717 4936 654 1067 236 1789 8057 
4 30
2787 8482 7456 3862 8675 318 522 8003 1661 382 9219 9084 3865 566 561 7597 497 4958 7835 4036 317 3385 7292 8223 1295 4485 4262 823 5088 4706 
-1