0 0 1 0 0 10 0 5 0 0 5
0 0 5 1 -1 5
-15000 1 -15000 2 15000 0
-15000 1 -14999 2 15000 -1
-15000 -15000 15000 -15000 0 15000
0 0 15000 1 -1 15000
14038 11434 5812 -1955 2889 13932
91 -3614 947 1912 12226 9584
14902 -4619 -4400 3494 -7848 -8777
14867 -276 -5538 -12512 298 10608
9159 5784 -3160 -7217 10557 -5437
-4293 -10051 -442 -714 -8146 -9603
13721 -415 7370 -2277 -4956 -11889
-5321 8622 -7218 -1525 -5405 -6467
-1390 6146 -11729 6371 -4285 -7305
7833 -3867 -979 -14355 4198 -8566
7341 13823 3399 12223 -8774 6917
8200 -8991 6220 6488 -12583 -4661
11340 14197 -13214 -10825 -6952 252
-12378 -6519 6724 5485 -1853 8457
9057 -11065 -14023 2955 8328 6682
1059 11455 -2024 8825 3362 7703
11747 -1649 -1409 -12015 -5584 -6882
-12735 -12636 -5000 -6908 -13688 -13976
-7529 -8819 5616 -10036 -7967 456
-11316 9917 14074 1368 1101 -5138
-6594 -2110 -5115 2134 -6499 -1550
13406 752 195 -4496 -1648 -1128
7004 -6504 1220 11680 5322 -11803
6914 1382 -758 -4963 -5712 4838
10451 -8446 833 14811 -5786 9925
2414 -4899 -2888 13316 9425 -3998
-8274 7216 3150 11917 5026 -7505
-7212 -3983 -8013 10760 -4095 -7140
13113 5298 6890 -9049 4213 11136
-9196 9051 -11500 -12268 7650 6426
-12292 1116 9136 696 -13796 5430
1934 1598 7820 -7264 4688 -11646
7721 -12241 -2608 -14261 12111 -3339
-11537 -13575 -7509 -8313 -1720 -2998
-1952 -2168 10457 11169 -7261 -9129
4474 -11992 4710 -843 13120 -9450
-7668 12881 11028 -2326 -6850 -1535
8336 5770 -11048 -7643 -4491 -14757
-9094 11682 -13300 3335 -10349 1294
-8310 -3077 -4847 514 4206 -5448
7462 13253 -4214 1180 -14005 -12056
3359 -8366 -12510 -11007 12564 32
10125 -9455 -1886 11653 -2196 -5648
8152 -8719 -10473 14867 -4192 3858
-10898 -9177 1474 -11526 -14412 -3613
-11385 4044 -815 -11402 -14845 8060
5816 -12842 420 -7260 3092 14635
-6269 -4004 -9899 -2131 -5600 8294
6635 -5083 8863 -10332 11080 -9190
-5721 -5895 -9312 -8451 -4411 -11565
-10717 -7982 120 -8005 -582 -9026
-6738 8996 -5771 6473 -2766 12189
13495 -4720 11398 5648 4538 8990
8702 -1841 9657 7040 6930 -12098
4717 -12241 -5659 3654 -2124 3150
-5213 -7579 -9026 -6122 5824 -5868
-11317 -12084 1081 5735 3596 -1632
-6729 -10348 -8228 -10661 -11354 4838
11630 3296 4936 -7883 -2827 -6778
-12279 3838 -14479 1143 190 9632
-4913 -1959 3032 3634 12975 3042
-13446 4084 1945 -8565 -594 2608
6282 773 7135 -6349 -13156 -9669
11445 10147 -3813 -2686 12830 13827
-13355 12660 -8288 11248 6535 14412
1792 12242 -14030 -9848 8966 -1016
-3395 -14382 13003 3962 -6104 7380
-256 14880 3397 14179 -3308 13171
13532 -14152 -2366 2503 -870 -1994
8492 -7836 14904 858 13405 -7888
12110 10831 11297 2940 14849 4882
-7249 -5864 13854 -7129 7224 11865
3925 -13540 -4997 -10749 11671 -8668
-8258 -1258 -166 -1008 -1888 6543
-6316 190 -5286 -13310 5843 4615
10300 -731 -6246 -12932 -2910 -6622
3236 -13721 -13974 10064 5294 -867
13777 -2839 14060 11247 13618 -4329
2034 -7554 1819 -2009 3334 -1696
2085 14160 -12603 5093 4300 1159
1999 7700 7292 14054 -3049 -14677
-2623 -8857 -10465 2289 -12769 6135
-1429 -14713 -5508 4777 -664 11354
-8257 944 -7807 3661 11013 12381
-13436 524 2425 -7598 -4331 6094
9324 -8884 1276 14299 10770 -11568
10815 -10352 684 -11006 9676 -14864
13846 2961 2809 -13433 -6070 3115
-10922 14937 9223 3653 -5274 10698
11374 8746 5280 4962 9916 -643
-253 12199 -710 12625 1686 10423
6411 -6475 2511 14619 -12718 -3569
-3217 3252 10001 -2012 -12283 1460
3615 13385 14060 -12626 12612 3301
-12570 5759 -14251 -6236 -13617 13770
-9269 6112 -12749 -2697 13489 603
-488 -8986 -5042 -10848 2454 3724
1336 -5923 12138 14876 -724 10512
6894 8726 -1985 10169 4910 8991
-7355 -11319 2983 9950 -4594 -2986
14038 -1955 5812 -1955 2889 13932
91 1912 947 1912 12226 9584
14902 3494 -4400 3494 -7848 -8777
14867 -12512 -5538 -12512 298 10608
9159 -7217 -3160 -7217 10557 -5437
-4293 -714 -442 -714 -8146 -9603
13721 -2277 7370 -2277 -4956 -11889
-5321 -1525 -7218 -1525 -5405 -6467
-1390 6371 -11729 6371 -4285 -7305
7833 -14355 -979 -14355 4198 -8566
5812 11434 5812 -1955 2889 13932
947 -3614 947 1912 12226 9584
-4400 -4619 -4400 3494 -7848 -8777
-5538 -276 -5538 -12512 298 10608
-3160 5784 -3160 -7217 10557 -5437
-442 -10051 -442 -714 -8146 -9603
7370 -415 7370 -2277 -4956 -11889
-7218 8622 -7218 -1525 -5405 -6467
-11729 6146 -11729 6371 -4285 -7305
-979 -3867 -979 -14355 4198 -8566
0 0 0 0 0 0
