555 404
404 900
308 392
285 382
374 850
471 181
551 367
164 333
176 670
985 728
263 595
475 764
318 682
387 957
764 981
388 477
43 607
324 753
130 9
210 830
99 884
23 836
727 169
784 873
17 870
819 217
369 18
319 517
618 675
721 65
645 869
916 19
783 717
297 744
737 207
728 793
463 757
38 407
867 569
71 410
794 637
661 528
839 457
777 364
535 277
66 389
989 336
268 874
215 608
435 34
305 42
96 928
688 756
75 478
409 673
210 889
939 101
408 326
34 721
385 732
670 186
453 402
268 853
756 762
995 270
721 862
914 305
362 49
679 824
30 714
395 551
640 645
564 348
667 122
219 586
935 898
768 288
715 887
90 630
179 635
459 512
548 708
172 62
293 438
325 722
513 250
463 779
58 942
533 746
848 436
880 868
242 840
323 288
164 708
591 609
665 142
464 101
715 668
55 343
754 71
-1