2477 4586
648 3437
2134 1454
2122 7101
80 6563
4021 124
1506 5471
6840 4203
6904 449
9816 2192
6435 9269
3567 22
8527 1415
1270 8757
3077 7259
8901 3715
7378 940
9786 5771
328 6340
7385 8557
3 6716
932 8023
7215 6036
4011 8418
7352 6245
1765 2687
2689 5733
7439 3476
6841 6635
7796 6754
8443 5155
1326 7033
6998 9156
204 4926
2429 416
4036 1739
6639 2764
3755 1847
1560 5457
9235 5673
5385 1939
2212 5431
3431 7360
4415 2291
8896 4378
1678 3433
1043 9368
2448 866
7567 4890
9731 3277
572 2700
2147 8462
5498 7437
1427 9591
2599 4992
1401 4726
7381 4898
6622 9455
6363 7533
5926 4828
5658 5469
5869 7058
5347 4674
7203 7974
71 613
9770 976
2495 9246
4509 238
237 4117
7523 4252
6755 7399
7652 6803
6163 3771
635 6032
6486 6678
4429 7446
4545 5852
9033 902
8660 4584
480 9742
4709 2222
1895 1487
461 4847
474 9972
6497 4076
1956 2144
4980 6943
1693 1751
3771 630
1762 8048
1633 1185
635 665
2187 1055
6169 7084
3887 8580
3727 5553
5361 5197
5090 1587
3406 3031
4884 5799
4669 5404
3117 5658
6594 1087
5483 7419
1460 7131
7692 8937
5234 4487
1817 1934
1666 7261
7990 5500
6762 412
2183 647
659 138
2981 3059
2026 6061
1904 15
6056 4076
5735 4963
3749 7105
2007 278
2472 5586
7985 7139
6322 448
7967 8396
8045 3008
1543 6591
5855 9801
9344 8264
5683 5532
1061 2072
2617 4939
2889 6309
1180 3955
7482 6306
4197 2699
2504 6496
8190 5122
9607 2708
3994 7204
2868 8587
67 1950
4053 6876
2564 738
4196 7501
6425 9453
7772 9801
2611 2167
6820 832
2544 8490
5133 943
2986 2615
2007 1937
286 8293
6937 710
177 1627
9632 3508
8462 2864
2919 3419
1123 417
7816 5453
9165 7859
3426 7966
1200 1754
9868 2200
9100 9017
8409 1746
6300 2027
9340 3858
4113 7233
8989 5057
2398 9324
8556 8318
405 6878
4646 6597
1363 3068
4007 609
1095 1831
5743 1599
1480 3676
7527 4886
6248 9224
8901 9364
7619 3151
6046 1978
1469 6431
2188 4667
3787 177
9264 7873
5056 240
3146 7329
8715 6124
359 8384
1391 4801
7081 1813
1076 2180
781 5824
1372 7918
2842 2220
3256 6941
2998 2946
603 8263
2061 4542
1999 7264
2404 1189
8023 9853
5274 9847
5909 8521
2720 3890
141 8089
7211 263
1514 4716
7176 4417
1072 4565
6639 354
657 3083
9323 336
7283 2992
2617 2993
1362 7937
6878 9747
1362 6670
1454 8928
4040 3467
731 6399
490 2598
539 9149
6083 3002
6973 5918
5628 2675
8573 8815
4567 3
9638 9118
8190 468
1431 8877
7964 5518
2617 6418
3577 5067
592 5426
4268 7370
2288 7648
8188 2657
6114 1216
9208 7495
2534 3585
7304 9185
7099 5962
5331 395
654 6724
9218 5657
9024 1593
6261 366
571 3771
692 1772
5157 7976
3353 909
4614 7996
9277 9411
391 2519
8143 155
6171 2065
2044 3383
2547 3467
587 7387
6268 280
5481 1416
555 6621
3541 3272
8253 1300
2412 8633
6104 8519
887 734
2118 3035
707 9122
3 7962
210 6142
9524 5702
3312 4140
2650 6315
4649 3917
5240 1076
4073 185
5825 7217
2692 9301
3126 2664
9351 7082
3487 2313
2062 7763
1303 2518
1416 5942
3453 7458
8328 423
6952 3001
5485 3754
9786 33
820 6120
6281 4560
3004 7827
2042 2718
6666 2253
4750 9516
2414 1974
2002 693
9366 8885
4162 3124
6786 6377
1118 1462
8248 1168
4911 2161
4921 4103
9275 3461
3539 1635
7431 8642
7800 4256
1053 3003
4015 200
5407 3834
3418 4982
3754 4467
3656 9723
6478 8461
4187 7585
6317 9278
1324 2511
9810 5542
1662 2188
4 5984
2848 9607
9451 5396
4903 38
2115 1264
6124 1645
1167 1129
6161 5666
8255 1596
1386 175
2292 1833
7434 775
4243 5219
8971 8397
1849 7969
498 7361
9342 297
6082 5148
9661 3821
2736 3630
1891 8470
7207 2134
1894 2769
3661 1474
2424 5047
6309 6103
9436 7937
6791 579
7496 5212
8205 3201
555 8425
9903 6862
993 2408
6177 7642
3636 2614
8939 7536
6150 1668
7081 5945
5709 5355
2613 6669
5054 8332
546 4876
3997 6701
1738 1213
6083 7425
8874 8341
2641 2822
7563 5818
1604 3333
1669 9672
745 4630
4832 452
3603 3987
2859 6095
8987 4109
8928 8941
2344 1044
6279 2598
3087 9443
971 7549
1884 8874
3658 1199
9682 4001
5920 6174
6927 1241
3926 863
1380 2421
6487 657
7603 793
2788 1568
4665 6722
3272 5560
7903 550
1294 6877
380 4413
5170 4042
6957 7120
837 5129
439 1729
5557 531
5659 8235
4380 9576
1420 2700
888 6017
3374 6304
7947 5619
1167 575
9988 8919
9978 298
6206 1289
9497 9554
8695 7501
5227 7498
8755 521
5767 8238
1810 6607
8368 3572
63 4601
6073 1873
5307 586
6315 8047
3946 3010
3476 4446
2636 6530
1458 9817
7230 913
6161 2506
2354 8158
801 4193
1356 967
2011 1617
6463 8938
3029 1515
6376 7306
501 6046
2392 5237
6466 1327
296 1699
4833 9574
8456 1025
2639 8106
7880 2334
8810 2302
4475 3061
2421 1931
8185 7101
6539 720
3284 5486
9491 2408
477 9493
1957 2715
9543 3193
1277 7527
6572 6687
3965 8592
2208 155
1224 8549
35 872
5212 4901
1530 7146
703 450
6080 2754
510 262
9721 6561
546 8835
6199 4464
3187 1839
609 1104
65 8575
2416 6174
1697 6595
9564 4025
9557 2307
8407 583
3088 1496
1976 7700
9208 6638
250 3261
573 7416
2438 2060
856 533
9135 2565
5191 4770
4188 5200
5097 4176
3067 9864
1573 71
948 3395
1856 8314
3308 7027
2254 4669
9019 2669
600 1317
8736 2695
5471 9056
83 8071
9728 6709
8779 1802
8297 2556
9793 4067
4971 5648
9365 8964
8160 3508
7696 3073
8046 7125
2346 1731
8013 1166
4012 9579
486 5233
2408 2168
1133 677
4984 1962
3872 8187
9157 9992
5552 8710
8921 4175
1231 6554
2214 6187
2586 4483
8664 4059
4394 4297
1497 7728
3926 2963
3060 8311
811 5834
4972 7688
46 8543
1453 1757
177 800
5427 8150
3796 8135
6747 9884
62 2067
886 7445
1469 8571
853 6937
106 1472
9569 2322
112 658
1482 9401
1998 2182
2963 606
1259 9239
251 3367
1866 6459
7279 1566
894 9895
3198 9604
2288 2373
1950 2922
5214 2740
8781 1874
726 8065
5434 3249
2180 85
8277 5736
8040 6655
1284 2707
6539 116
4120 5058
644 7620
8304 8726
8502 1055
7420 702
6140 3735
340 1538
2488 3655
7882 2463
279 6804
6332 8053
5065 8468
4431 5325
5872 3869
9369 7280
1447 2686
9486 7444
9014 51
6622 7927
3763 1765
6700 1825
7258 193
8289 3717
8512 7675
1106 4648
9125 9266
2336 7477
3656 2725
143 8529
9839 54
553 9115
2567 9854
1987 6261
729 65
8720 7897
382 5716
1381 5046
388 4636
9166 5850
1233 9784
9551 3957
7799 9266
812 1003
2169 3938
9293 826
3389 1988
9932 1740
274 4219
6481 2367
3108 54
1152 1636
4782 6913
4417 4789
3216 7727
3633 8602
7921 199
1831 9341
1478 2236
266 5149
307 5650
7744 8352
145 6990
9274 4653
3201 3613
9807 7273
9184 7416
1605 879
5484 134
1815 597
8070 674
724 5837
8568 6063
7476 3802
2745 5849
9264 6868
4334 2798
578 1293
3908 2925
2107 4388
8235 1725
2484 6538
1093 1169
6759 3332
3727 1546
495 1600
1919 766
2301 8459
2495 5912
765 3762
8825 6624
9208 152
6004 5549
2090 6023
4813 967
327 3450
8825 1938
4250 9147
1146 5336
2734 6505
4544 1478
6593 348
3602 8602
4758 3340
1742 747
6890 5230
1581 4393
4328 4960
858 2695
7489 2968
8709 8375
1430 312
3907 2868
6824 3668
760 7253
179 5575
3991 2721
2693 8978
441 9790
1157 3319
4908 5727
1330 4870
3054 9533
4458 2758
8235 2724
9501 5974
7779 178
2976 7715
8976 1755
2838 6557
7062 337
2572 5526
6379 2227
3364 1978
553 8787
9092 1045
1618 5708
2175 6162
4388 7427
2261 976
189 3821
7303 8474
7152 1954
5358 9910
2248 8304
5212 6621
9053 3011
8994 1773
2581 6644
2388 7260
5004 592
1754 6830
2519 9706
3336 3241
2438 7843
6001 1319
8104 1097
983 1787
3827 8126
7334 4343
4036 842
2242 558
4836 5316
4126 6774
6188 9549
7230 4016
5034 3517
703 794
980 9202
1333 2596
396 5558
1238 1459
8853 3824
918 4051
7749 894
7729 2736
7372 5698
9744 1878
996 2298
2710 8951
121 5909
7338 397
986 3650
2027 6257
2465 7067
2975 5835
1632 8659
1900 3339
3100 971
8394 2360
5198 5771
5432 8311
9079 591
7214 286
452 9551
7859 5465
5555 8692
1377 1372
3381 3160
182 810
7925 3102
5980 9686
4151 5778
7515 7641
9764 5665
3916 5091
5397 6044
7697 7493
4238 2937
3364 2302
6302 4283
7214 516
1923 6723
4457 4261
4611 4758
5224 5247
9336 2337
53 3229
6140 1627
2139 8243
4326 3498
7205 1276
9443 6617
4614 977
1720 4312
1659 9565
6279 8708
9550 8735
9681 4057
8140 7040
7243 7237
7273 166
9699 8430
1346 664
7653 8695
964 3298
4985 4223
7195 5067
5839 4635
9102 965
4190 3221
3705 1605
2761 5588
3706 6260
3076 8910
5969 37
5717 1628
9281 3832
5806 4733
7996 6846
3386 5549
2014 5230
9270 1751
9272 2967
498 8857
6912 87
7032 631
5863 300
5532 6530
4124 6265
7380 6427
703 8699
1883 6115
9800 1549
9936 4292
1817 3448
8212 4069
3377 9663
7428 5226
8035 6602
1204 283
6630 6320
2189 8902
942 2651
4551 919
5307 2359
6123 8679
1552 3596
530 5586
215 124
930 1549
6611 2798
8875 1144
1510 3724
9036 9649
68 5482
8684 8761
2439 9768
2629 91
964 778
6115 1450
127 2422
3854 4666
1403 4878
7252 9314
4740 2334
8652 8944
2624 4040
2294 2509
163 3278
6390 8019
2866 1472
2770 4684
8587 3111
9578 5949
7171 1921
2232 1363
1520 5838
1688 5852
664 6122
8889 8810
425 9692
5685 2003
2090 2509
7262 1677
8689 8462
1113 4728
1447 8788
703 1755
7690 4997
817 9620
18 8439
1245 7211
8022 5190
3455 2326
6191 487
1385 7202
2684 5212
3941 4256
920 7591
2746 1006
2041 2609
7550 3864
1738 6765
9899 1455
2428 41
4085 3945
872 5045
7210 1624
5465 104
2315 3871
5752 3487
2555 5395
4231 646
3589 623
4241 6556
6819 7866
770 562
6604 3676
1651 5397
6877 4111
8313 7132
1980 1459
1391 1572
6056 2245
817 6170
1381 5504
1867 1288
3159 2068
3376 9252
5821 8486
9167 7333
496 2936
9955 4200
7436 2107
5546 4258
1102 595
6457 3894
7054 1626
1374 5738
5583 2791
8342 4949
5861 8096
6272 9643
8598 7517
4033 3020
84 6623
6489 4666
2202 5745
8582 3066
2997 4030
2536 8045
3909 6787
804 6687
8420 8070
5373 4847
3766 296
3440 7809
3682 7751
7151 2192
6144 4279
7409 2680
5155 3505
1751 1187
3929 8060
162 3745
1728 1244
7107 3806
1275 7416
8131 607
3446 1344
4388 4093
5990 2335
8807 6549
2100 1965
1904 4927
6012 6504
5848 462
9761 7301
1409 1879
8916 497
6575 1557
1396 2477
6804 9244
9352 521
8044 2253
3291 1695
8635 3786
9510 7028
9972 4475
1093 699
1611 1727
4755 587
8989 4567
1959 337
3903 2383
3971 1449
2532 3326
2490 617
83 4417
6163 4686
2984 6963
7371 3532
2010 9359
1759 1344
8061 9161
7194 5304
-1