32415 16975
21676 4986
2765 2382
8521 7183
11272 25073
6831 32055
6851 28771
11173 12460
31650 20818
7800 13975
28917 30043
23197 27817
25983 20674
9623 23399
29819 13159
27420 28101
4833 23797
20595 18167
24037 8541
5920 10884
12992 12675
4803 10908
29620 23606
13886 4267
7754 23398
31766 13358
5855 401
11804 13254
19806 23423
20556 17546
8015 6703
13045 2978
6929 22801
28698 13842
2147 5238
22552 17107
23082 25668
4490 13096
28014 20206
28778 5423
14757 18595
18553 7350
22068 12998
16096 15953
31027 28575
24343 169
21360 24144
30470 30743
28087 21258
32362 8306
27473 24448
3451 2341
21963 32668
9932 1924
22009 32369
22642 25440
32313 10098
30824 12760
2556 6113
50 21107
13955 17546
19393 17004
6375 1968
16279 14925
5468 19272
6699 18879
23478 9061
29839 26017
3373 27892
13904 7255
28509 17577
158 25701
20625 27193
21676 14652
320 25546
31066 31315
1752 30119
25618 16506
27579 16953
10479 7532
20615 9779
13861 31139
8859 9484
24221 1136
7127 31154
30687 27210
28578 8061
3893 17767
18738 26465
31245 31881
32520 28009
17824 1051
8121 608
18897 13692
15348 24017
25432 12443
4545 11315
6431 31684
32007 19805
12524 21945
20817 22336
30529 28165
209 12500
16001 30605
13478 22867
22867 18792
14938 12198
5195 496
27311 19996
29384 24601
28059 20066
13080 18178
32657 2480
24035 8138
7170 10560
25798 3493
12580 6916
5182 10287
16626 16024
23752 12288
4980 24182
14150 29056
24128 18793
10405 18940
1345 8260
10429 762
22711 11219
28792 30666
29823 20242
29495 14686
9365 27037
1905 9308
29399 15976
669 7536
16907 12976
19539 26599
6692 31025
11438 19066
2497 32154
23028 30311
16631 9278
2425 25799
18768 12812
1984 7707
32531 28865
7140 8232
12230 25436
14902 22021
498 7890
18984 22130
2598 6916
874 23659
12606 4078
9810 11773
20453 13089
4993 25945
9049 26995
1732 20519
32623 16629
31032 22812
25046 18213
28338 12239
19103 3941
12893 8904
32253 32172
18085 24538
4938 10620
3156 3764
30027 27924
25851 31154
14261 29926
21652 14585
26096 25419
26213 5058
12058 23670
22824 3062
4943 3750
22120 18428
30248 2720
14638 20174
14977 93
10205 19027
19328 13312
1371 17385
14035 16139
32113 3904
15416 29137
12405 22383
30275 26927
16934 577
92 11383
20439 24016
15879 26541
4560 19542
10088 5622
11249 25151
16134 12365
29080 10883
5327 13432
8389 1330
31324 6202
22652 21585
19575 31947
20075 27364
30170 13957
1997 29260
3898 31968
6542 14803
16516 22176
13232 9350
18279 5709
31725 10563
18194 31460
31646 6418
17727 18636
9435 8120
30832 28427
13028 12938
19320 3258
27071 24960
14910 27318
31011 16010
27582 15769
1685 20263
11600 17385
8913 15411
13101 5263
11883 13312
16943 12682
29110 12969
9944 13028
27621 9379
7574 7653
7536 6037
4165 15496
20922 28010
19702 2347
11248 17828
6639 650
31540 4339
19187 31726
6651 774
15299 15778
23731 22177
21476 2471
21418 6128
30627 22696
25643 26907
2647 25392
31978 29978
26086 19227
27041 1227
27530 31051
2556 27201
4565 924
28595 13919
5107 12057
10229 27814
9776 25200
13325 10572
21433 7331
30016 28046
27047 17409
4084 1607
4921 24917
2584 16576
2913 7005
10431 25034
1923 1661
20750 4874
16249 7349
28761 14997
14042 29137
12169 28861
11132 30687
30145 2090
19767 26598
32321 23596
8940 8917
1418 22863
16582 7866
20930 29744
13248 13364
6747 656
18024 24619
4848 10919
738 19902
7535 23738
5679 15485
26493 2800
30896 5849
30486 4962
32741 19672
27252 4209
15739 18190
28467 860
20358 1480
13490 3346
1547 16522
23996 10564
449 6588
13672 8127
12312 15008
11069 8185
18555 27527
23194 15081
11986 31813
8533 12060
24396 4322
2467 15110
18267 9874
2872 27030
12288 25831
26543 3341
7496 3910
9771 23567
18199 10904
29247 25850
3876 11073
25099 19320
6213 16214
26536 1104
25325 2314
29127 898
4850 23914
32660 4242
17044 23371
11233 13604
1724 28288
29568 31177
2177 4944
15088 25881
22512 28199
22333 28930
23565 2955
7713 27231
1045 23634
16751 28364
7686 16914
31153 31929
30305 16346
17424 18878
9519 8991
14197 21294
11330 14585
13550 23791
19133 25488
30547 21129
10711 9168
17961 15996
18139 27493
20422 19415
15987 19171
28342 1542
23847 20548
24158 19180
6433 10648
8927 9010
22835 24568
10302 29918
11547 16060
23745 17447
23301 15086
19100 30343
26193 28414
29900 19475
29591 32438
31556 776
11752 30577
19015 22950
4439 136
22805 25153
16056 28686
15305 23957
15528 6077
3202 3930
18894 24111
28609 16664
9312 30802
14354 26429
27368 22294
27887 7277
31304 7528
14561 26393
27899 12900
744 32083
8095 17350
14109 31456
24240 19618
662 15759
8599 29782
1674 23498
30435 22972
18101 26987
1494 7844
22270 32465
18723 18305
3160 13874
26358 17250
13542 4914
18997 12324
7010 2229
24837 12006
22975 4338
9361 23742
16141 3018
19975 17322
19614 22359
23778 22474
3687 22215
21103 21708
21160 23403
18058 4007
1232 9227
14761 4236
12187 26237
18461 2329
27261 6005
8852 31441
13891 25759
28641 8649
3320 5355
31744 30627
10501 17193
22612 25280
18333 9941
20788 26034
27224 24372
23718 25328
23582 29856
26218 18638
32071 1055
7483 14764
6912 18747
9553 1133
22001 31246
21546 299
23581 10653
22922 9768
31241 9319
31169 26888
18208 31549
15660 16446
29014 12371
14590 22725
27660 15000
21824 21520
1587 21315
13335 8771
11189 16814
7750 19619
22032 6504
6387 17483
28740 7814
2222 2338
12784 17465
1455 15625
13752 31142
17759 30553
20201 14577
15643 27788
25184 3227
25140 15930
18088 32527
11066 1864
28514 10359
13946 30812
26602 20180
14789 6291
24887 19534
8051 32375
22275 12232
29864 5419
4140 19384
3286 16873
32347 10038
32387 32175
16611 1363
23885 14132
20204 30379
21803 4385
3280 10558
2805 20606
20677 27259
26151 3946
6845 3998
10210 2064
906 14396
29491 3030
10054 7964
10904 31447
3826 27977
18112 20372
23901 17253
2707 4838
17223 27968
14450 19512
32455 29610
11456 16882
27114 133
417 7736
23709 18718
8193 19413
26061 29373
25049 8050
8140 9594
10669 8460
9207 16723
4954 2469
24982 27004
8718 18745
23555 23030
3992 10483
5135 15203
8418 23969
8353 26905
9147 7782
15008 23925
31194 5038
16403 14449
21792 12903
29319 5241
2334 22383
29873 7547
5591 14152
19285 7742
20423 30227
25959 30708
18724 31676
28527 14354
24675 22642
30258 16479
6142 19802
7310 13643
7029 19844
26790 9859
5523 2846
27711 9666
15346 25831
19562 16362
13249 18407
27748 3155
13253 22878
16314 18019
1950 31994
1968 9567
22604 2892
32740 26240
24049 19581
15919 15690
24280 2877
18892 7705
8119 21501
11708 5885
10545 13406
2664 10951
1695 3817
27273 25188
25104 22272
24389 2154
8590 18708
10138 17137
27044 29465
26368 32676
10525 8503
12106 26136
4621 707
25038 17500
9238 7021
11205 10705
11236 21691
8693 9275
23546 17334
16269 21273
25265 30435
19536 17714
8573 24692
28149 21617
26995 12480
26830 29682
24840 13553
21417 9309
30492 3580
17140 627
1847 21463
12068 9190
4882 30950
6743 13934
13657 438
14647 5401
12719 25837
8994 18403
17907 10113
19849 8582
8385 2345
22166 28563
8508 21777
25362 28866
17419 10962
4997 1414
24994 21409
21663 20197
8643 30662
3798 12167
18500 18513
31057 25357
16146 28936
5125 8100
374 26275
3358 30169
19607 25916
5536 25263
14657 13057
26958 18414
8932 31532
3531 16063
32736 21813
3327 30838
3839 19525
11964 8623
32323 31471
30113 31644
28387 3867
25407 8093
31376 19010
18299 8465
7676 20961
7987 365
11421 25639
17957 10891
12719 17649
12 25412
25208 30457
7435 29248
1487 5450
15695 25357
29919 24824
30705 8559
6441 22285
26905 24311
3016 25286
27497 30423
14841 32768
153 17397
13018 25069
11614 7486
626 29195
19601 27709
15858 15191
7565 4588
9530 5566
4569 3530
32159 9684
7687 6957
2540 1224
4571 14554
17318 9368
15280 20179
14741 17537
23320 26224
14207 2490
9923 10417
6967 4193
27042 5843
31447 2230
31563 12577
73 13447
6048 13
7692 22763
22955 13183
308 30771
24013 19565
25779 26654
20248 1196
10712 6220
25593 26886
23061 7413
3610 22924
30213 20955
24966 25645
13741 10621
30479 11656
7683 31886
19949 23551
4012 28069
28839 14605
13066 13622
24887 31961
25974 27073
4201 30731
3018 6217
25732 4062
28195 16648
4908 16502
229 3169
21127 6517
16127 19478
9631 26825
31088 7355
18439 1991
16394 15211
31938 32382
18293 25529
17504 28997
28792 18921
15978 3223
21620 1377
14848 25377
31537 32602
14785 29208
7645 14811
28395 16336
6994 744
28611 18571
408 26615
11576 11663
20651 32163
27587 23163
23166 20388
17297 5338
25663 3327
27620 10745
27869 17530
21943 12022
15560 17747
22945 1818
8952 30769
31995 9320
816 17499
4677 13942
6532 21800
14534 15228
5913 21431
32627 10155
31788 26847
12050 5824
21333 7017
32671 15320
12813 24189
15599 902
8815 25691
7827 7203
23099 2380
22271 22629
25376 27351
7660 8243
6203 32567
14842 25528
7387 16653
19866 17591
12423 17235
27435 27166
1090 16785
13411 12765
29965 83
2289 13560
20398 4570
2144 20955
432 21266
27455 12527
23467 13508
30591 30570
18629 9485
5148 7275
8057 11535
16384 5190
28567 5862
28708 17948
29068 12253
6392 32688
31460 31458
26373 23413
7181 26424
27344 19692
19294 24428
15362 18220
16727 17546
22471 12738
27179 10640
15988 8124
4219 25379
5228 32001
9573 16257
19012 9700
18877 31415
4133 7416
31898 17172
6258 21285
4885 25053
28075 13819
23885 23618
24466 30791
7343 8337
19340 18660
12148 5034
17481 27604
5482 4787
23719 27023
12792 15629
6612 18587
28508 6790
20659 1373
10040 29136
29314 15407
29773 25394
3257 14771
20870 7037
53 25958
10808 13122
13205 14968
16296 3650
17637 17115
1998 20262
32378 18586
26968 13168
4892 12652
30962 27570
25963 14473
7109 17405
24187 31420
13117 12445
6082 2233
13840 4867
23604 29618
23164 19203
17580 2085
13776 26688
29582 11000
29997 4068
13226 3271
5006 27284
32356 10109
12550 11939
11538 14881
28489 6789
22950 14067
30574 29575
12941 22456
3315 23742
17879 19538
20994 6717
1943 14227
8434 5259
6029 28243
7953 12373
2562 11456
27809 20063
14324 13814
5664 1984
23155 4560
10957 31311
30027 23805
7271 14681
21731 24406
19512 13973
9061 23662
26962 14169
22815 21099
1049 10765
3114 6933
31489 28641
25417 9005
9369 28347
12307 11264
23241 32627
29781 19260
19287 3139
22194 7425
12720 29561
19084 23611
24038 623
28456 21808
11509 7357
27148 26197
22090 25517
16556 870
12934 29168
30022 28341
24447 32655
27403 7363
25991 548
21887 30221
16882 7497
14114 27432
31442 30545
13136 3856
8197 17974
14182 11198
23922 10451
16166 1272
655 8275
14429 15725
8999 15850
18882 4609
13658 22723
290 24422
20709 24633
11450 9708
29603 7753
25573 32666
28500 32327
759 15485
25758 11217
7784 6464
28497 7682
12597 17405
26607 25319
2691 9043
24172 16183
16005 5049
12850 30270
7841 3857
27496 19995
31950 29313
14708 9259
15937 22142
15038 9669
328 11561
29111 296
23158 6879
2843 8881
27904 15627
22899 21074
25191 21311
10717 17727
1367 32388
22031 30698
976 2798
14234 25650
7299 30579
24684 26583
15231 12284
15513 28466
18956 11709
347 14371
13783 29122
3415 16714
29520 3531
7713 14714
32593 12122
32515 874
9216 24842
5370 8622
1270 30242
27650 7910
13985 21610
10643 17974
25830 4158
2156 16374
19723 3808
16783 26282
3797 8979
1677 26676
6381 22501
28931 1864
13448 24012
2917 4385
29767 19956
22266 23410
2652 14296
29480 24224
18927 11536
18930 16430
22464 16233
26047 24953
19981 9531
21597 18085
22454 30711
15173 27095
1695 16640
289 20132
26966 18620
12427 27082
9206 23530
30744 12574
4171 31542
27541 26566
10550 10506
27280 31400
17747 18856
20507 290
25818 18806
20428 13820
5827 32152
9224 31899
14638 29380
29057 18039
6401 7762
1022 27855
13523 9619
18523 21147
9993 12132
10192 25282
31550 29699
10358 16013
29417 32545
30470 12379
32057 22584
15844 13975
26180 1310
27997 15080
353 6875
22829 18855
21202 20664
20293 23958
31911 18840
3019 5071
29406 1931
11873 23546
15055 15777
5290 30915
14792 29692
15882 25740
22260 12841
7342 28254
29825 9137
30669 8998
1025 27370
17197 22302
14865 5651
4072 25481
9529 27296
31344 27811
11284 31443
14801 17368
14001 14732
13366 14900
1848 98
15535 30491
1489 15346
24113 10042
961 12919
22495 6077
14806 6300
11911 4546
1542 26766
30576 2574
11347 12116
16467 30975
7922 17507
14503 28354
4523 8045
33 14278
23683 16507
15996 9585
29081 24123
26742 20241
27214 20123
22043 24341
28584 23958
3653 16509
505 1614
27492 16527
25531 16988
32123 30924
11199 25444
19819 5410
17031 10988
25972 19043
20208 5230
17145 4342
22035 1451
5507 30669
4718 22851
28425 9110
17983 30595
18799 20022
3377 29054
1356 23155
28986 21087
17904 20464
18116 6909
20134 21343
5131 7088
17718 28402
1990 8292
32174 16146
17161 8939
13154 22356
31338 30616
21298 29609
12899 10249
15115 18901
6903 28740
4785 3874
20120 4614
8635 1621
30793 29271
18143 10721
9472 13666
29807 18011
17486 19588
22052 6446
7233 10915
1051 18320
13450 4801
26397 16820
31963 13520
12835 26177
12947 3272
5401 31236
18845 14328
3299 18401
23701 13465
29854 32016
26669 16297
15400 5510
21968 17655
26594 27824
6533 5498
15796 18023
26389 22502
17234 25633
17008 26497
29118 31332
28493 5427
16911 6785
1041 32477
30576 25726
9202 28908
19051 5460
9308 1582
22888 17755
8595 31204
624 27394
18075 24600
2615 30147
19541 14385
13402 5462
29674 3524
12517 293
108 7085
792 21505
29627 9567
17771 20499
4774 31352
28367 7957
29779 22681
32055 25282
8417 8052
10583 10634
843 2854
1963 7051
12944 26824
15036 29629
22033 31040
6815 6508
10554 30301
30142 28140
25188 28196
20187 8840
250 26724
15441 10939
18139 2705
19613 7843
24832 11726
5150 8626
863 6988
18457 8615
31759 25299
2816 444
428 32670
19956 1569
16637 16236
27528 5034
28116 8148
24520 6085
23350 5593
16762 11438
24252 29630
24739 19942
825 24860
11853 12513
20125 6449
20872 5630
7962 25467
3503 9661
25477 31365
24044 11821
13054 21762
27134 21667
2003 1304
14394 4017
8610 8702
16592 32086
21182 28617
18000 26995
15572 14723
5997 6270
16591 4478
7680 10874
9720 27623
24400 10791
15458 18334
20880 7286
32389 22853
10921 9279
30249 27800
3130 3638
26758 28668
12509 22812
3497 24154
32429 3634
22297 31533
8965 32243
2491 5338
7050 13570
12019 16705
20587 15714
8460 18577
9191 32741
14042 12896
6928 23015
21149 10491
975 15163
22569 9978
15401 24678
20036 8984
32448 32011
12112 11842
22685 27303
11562 14318
11308 12159
27729 27822
25992 29142
31307 25349
17401 11106
836 2681
23740 12545
2809 4329
15106 25257
11476 12833
16698 6045
10072 9644
12179 6887
14016 7913
29629 19458
739 4962
9712 14295
9307 15192
22320 15851
1254 163
5327 5590
7948 20409
17715 18679
24835 32524
16858 29798
14031 16537
21146 26410
32685 20925
28206 28844
29362 23883
25582 29548
14000 17373
21214 4083
12633 15975
4586 31753
20903 3858
28016 23079
22907 13383
24063 9519
27268 21001
7263 1115
23138 17801
14033 7027
4619 5876
2967 11076
31854 15760
19639 5709
18519 27143
28925 7611
403 19203
13887 27288
17748 32762
6372 14143
5591 11852
25767 11539
4419 27787
17049 19056
4053 30745
26725 25826
27962 26873
19672 7061
316 22495
1441 19981
2977 10889
12885 27415
5968 31314
6326 11264
6326 18693
22068 4100
19304 30703
19124 11273
4874 13624
8337 8846
25455 21363
5600 22494
29697 16243
27385 13961
16996 2144
6707 6164
10326 11787
15598 9712
2266 10623
16855 18089
22677 25561
22631 27488
1400 3929
13741 20859
415 5816
5710 3227
30073 5820
8650 27854
23850 5643
4864 5383
5421 28477
18933 21963
6718 8500
10961 8236
119 31152
28202 9467
26041 19998
18053 29754
25421 14001
32538 12496
17099 32692
30680 11392
31291 17695
8873 28
13179 27752
26103 29686
25313 28827
2159 19608
12576 13485
2565 20405
15472 20494
3640 5471
29929 2429
15255 31097
6192 29728
13444 16752
4182 25300
3384 18982
14845 9666
25351 21039
21949 17971
30949 13376
10438 13477
32042 9700
4294 7453
23698 20081
3853 21952
18056 19003
3823 7069
18084 28167
27497 4558
6002 24259
30728 14015
4725 20852
4359 17357
24939 1903
30391 11027
21715 23244
30756 10112
941 28440
12534 4909
6273 23114
24213 30702
28578 23032
4241 3624
27316 26827
14400 7650
7532 18481
23465 30238
14231 21073
28576 28265
20574 10308
7475 9905
30408 4226
30277 31063
11136 6554
23929 21381
10201 21799
9554 26562
5647 16127
10904 28355
7888 9389
28157 27268
28666 8482
28928 8088
8359 167
23058 14526
5735 8470
9207 18612
20428 8778
23664 7760
14380 31444
13847 7884
26786 17647
29066 6754
31318 22455
25035 20248
19966 149
4071 3550
27813 28926
16854 13782
26027 13405
26787 31219
19982 16973
14797 9413
17639 268
30700 20115
8504 19500
11927 14763
11492 21388
25990 18678
4351 26247
3828 17615
22344 32619
13639 25109
9460 9005
11251 16255
4782 26971
18332 19760
17883 16465
24955 21132
12066 16816
10754 1609
4652 11020
3779 27849
15016 20197
14222 28839
659 4569
24281 27024
3510 18455
2405 1364
24176 1815
24863 18236
10165 16265
14149 4511
87 13195
29129 28080
23428 7454
26618 1434
27281 6363
29281 1231
19445 10466
12777 21148
11161 25620
21060 23298
14415 9602
19337 22977
4767 20516
26402 23477
6346 31439
3045 27237
13321 6241
5505 5594
2838 28735
15132 20653
15853 31489
18746 21092
3796 30571
13025 29695
7321 19359
15867 15053
4635 1682
20219 1412
28427 5565
6083 3985
19956 789
11717 16045
19321 20284
19305 28337
29407 15353
16559 12203
21451 6886
22294 10801
9548 29800
11452 7669
6683 6884
19142 11930
18978 32304
31490 29382
21820 21320
8395 31097
9020 25667
6446 14749
25904 7301
26187 8158
15335 9525
10749 11963
10160 9714
13245 25821
9573 32193
9667 23976
7336 2122
30063 24593
877 17221
19176 20399
23225 26671
1027 13332
26792 20033
24166 19037
21429 10402
3309 21768
822 29916
15436 7686
26918 11661
19190 24337
6439 5471
14398 1088
20679 11833
3772 31961
21763 12471
19955 3686
18698 6104
5936 24075
25155 5367
8629 9238
7568 32765
14871 15832
22997 6100
20709 4532
31668 10015
23690 31093
32411 24872
4725 9956
5889 2841
15223 13979
18924 17776
10092 25876
7607 2477
1053 6661
18450 12365
7013 15856
32074 4860
15507 3573
17611 7943
21776 25068
30435 27664
31810 6320
18376 11013
30383 7869
989 339
29798 17150
24881 9302
3739 19936
2632 18708
18577 3755
17951 15404
6077 21266
24938 13833
14120 32009
15648 16219
18965 10966
9785 14792
4580 9579
23223 24798
15158 2291
24547 22349
1618 23467
3545 5203
20167 1779
29766 17783
13907 26277
31857 30842
30468 25253
27768 8587
8349 18105
12252 20922
17723 19611
2368 12719
22840 3149
4462 5276
19024 18093
10139 14192
4610 15945
14060 78
18233 4724
30009 21053
29484 20634
32528 18721
11651 12240
29949 29162
17339 10927
32264 21259
28619 27491
21376 22829
25096 15871
14839 31781
8774 32019
2958 12324
3136 11393
14195 30510
27450 13964
23207 9934
30948 32562
22021 13831
17282 16828
1408 10125
16202 27795
31916 25654
1805 28501
27776 6571
4122 12072
5722 29027
21856 5455
28739 13266
15826 27643
24180 11229
16912 32099
9754 24210
5443 10518
32087 27414
21832 25488
23689 9950
1554 21516
29902 18978
23625 1178
28616 16527
6967 22641
23709 29245
2533 15494
28226 6368
17281 18014
28410 30018
26371 13600
3353 30961
27153 2286
25870 14388
4895 9333
27808 14404
24282 11459
9080 28089
21703 7001
11488 32579
3879 13954
14026 8346
31263 25571
21012 6584
3605 2386
8202 20037
2397 28652
31021 22867
27925 23905
28979 4427
16717 22419
23630 2087
25708 18016
14769 23522
27086 26555
10065 27437
19378 18946
17128 16996
29780 16523
7232 21696
25174 1665
7342 21966
27748 1006
2012 18208
26648 26904
31180 3650
14363 5137
1562 9967
1422 29834
23682 17797
10408 25064
5793 32183
1184 6042
4864 16770
23245 19369
334 19554
22796 5008
1005 20165
26466 2895
2737 28096
30946 29371
19172 27393
25553 13592
30861 2309
1289 3817
9457 32651
12955 17927
26203 5192
16824 10225
11545 11228
9170 16995
27079 26373
24318 2602
26832 8210
26013 25654
1841 23707
4411 17649
9344 1904
17591 22991
30253 1743
31140 28966
8201 730
15600 5185
13828 28743
24259 1968
2875 13146
22954 9697
29234 28432
13557 18421
21085 21662
26206 12492
14054 1817
30443 11874
15018 26487
28437 25951
30085 23734
20009 31465
20175 27739
4335 4285
22822 14110
2954 18302
7022 11748
6815 15180
27415 4845
28601 11929
15262 6991
31980 22328
1879 17571
17337 439
13673 13054
2866 32495
8474 11043
16734 4057
9805 31990
3039 17316
22344 29236
19410 31748
16315 5474
6391 3020
22782 25859
30738 9151
5019 18190
20625 419
6668 20639
25966 5528
12486 13805
21847 4520
22390 30332
26125 6047
3978 6548
7946 31005
27635 3825
30566 15849
20009 1980
6907 25736
29808 23482
2760 4367
15707 20164
7315 7733
17550 19063
7634 17580
15559 24620
7628 19634
11040 10026
8956 32227
26510 19227
20406 16721
1710 24253
14861 10710
4289 18138
31475 22185
10740 20858
14498 25648
4070 19799
12347 24341
4196 13713
685 28060
23927 17827
18649 9012
25248 2454
13044 12876
32610 15989
14124 28775
19201 5888
5006 24691
17802 14500
10023 14166
6675 1195
26217 3787
22084 433
28369 14956
15126 31063
32199 29455
2779 7739
20166 19542
30847 20007
9404 10370
7181 17544
692 7816
4212 20770
22450 1639
7820 26371
8670 8120
6484 6069
19685 1671
20350 20152
20381 27233
13869 24879
19688 15278
12541 17882
15322 17218
6980 2372
23326 22574
30359 21054
29589 10204
25232 2699
11841 17499
16847 32733
354 27895
12351 4353
30942 17677
11930 15190
24038 27933
10032 7299
471 12833
12260 15465
12382 18205
11639 13143
3296 15608
15369 125
24345 11402
220 9380
4867 18166
18780 21788
28665 16442
7004 23285
19228 18436
6819 29298
14582 1224
26535 16058
605 17679
23448 9681
24730 23314
17824 10439
17611 22151
3434 3119
11910 4283
24289 25811
21951 16097
17210 23718
11244 32425
19252 17402
30822 4373
11934 17139
5139 14217
1306 16188
2114 26401
31778 18936
5334 17990
11848 10748
24999 10372
32706 22075
24357 31894
9253 29825
6719 24771
12657 12389
1923 20846
25678 32377
2438 9704
31125 8131
13958 20360
16658 31089
8526 3838
19849 5320
10586 5092
26102 23390
5692 14998
7193 25481
574 23620
11314 24855
22601 25925
2570 3647
26885 9646
16178 8408
23362 4132
32399 8137
31639 23278
4375 11457
12104 14158
32725 5672
3693 4882
7987 17749
26961 6246
24440 23809
15641 24556
1680 7163
23462 2319
14092 22558
19132 11412
26729 9601
7779 23921
13461 32237
21133 11235
7855 31892
26618 24251
14094 511
18521 22264
16518 21577
13744 20891
15078 3979
18685 31671
30405 31383
17438 3272
5759 5097
15086 23365
8314 27354
22449 8057
1710 6423
16050 22670
18276 28754
21802 2027
2877 12343
28516 14016
25719 22690
10783 31198
4972 27663
29492 26573
29787 13906
1400 13592
31339 27528
23524 27372
23533 13133
24563 27617
21474 29743
22348 15128
7357 29539
21665 14726
2154 7351
12247 19855
22926 1736
18791 10455
16913 1909
7428 8277
10970 27795
26494 19113
10457 11490
25574 22703
17227 9536
25587 23636
28473 13853
18340 29096
25666 21807
6183 32309
11931 26471
18938 31376
8788 30499
27216 31277
5085 6821
15286 25975
31176 7876
1526 6688
23504 18913
7483 26038
13083 19229
25719 3704
8124 10697
20226 24167
6012 18719
9604 25760
29146 21551
4628 24808
30032 9755
14241 3465
18904 647
22673 15197
29871 12876
20649 29736
16729 22636
26157 5930
15333 4939
13896 9205
8306 15900
16557 10109
25586 26265
22143 32622
14894 19191
28783 26562
15627 29721
12324 1682
6411 16388
4319 27180
25366 28819
2911 11623
31611 4715
12546 13875
8754 20530
558 17012
8292 1532
1007 14097
11052 10502
22753 25927
25504 22439
24913 14916
6155 9603
9887 3313
10877 30722
5606 32271
16518 1793
19935 7813
8254 21959
1027 20472
24200 14394
17648 5021
17048 14418
5134 15179
691 28623
11890 12501
15926 10791
29955 18326
22746 25283
16859 19533
6966 29546
11504 18220
15494 1790
1011 9259
14762 9318
31096 13730
7538 26059
20312 17687
7704 12295
83 9812
13326 32346
11514 189
3578 5727
20429 17121
1536 14399
31904 29775
31807 7973
12099 22955
15006 26098
28001 7937
17864 9265
16297 31832
16245 22349
17964 2187
15852 27649
27654 11860
15557 31761
32321 30634
2804 5176
10742 9037
23043 5729
9653 14495
21151 3098
2599 3509
21078 32069
7666 29614
13983 7952
6365 32067
22811 28456
8757 5024
8474 3882
3695 19826
20065 29787
8206 15426
24875 16280
20424 9217
17261 20880
24548 20708
5982 28464
16102 32626
20279 2655
32110 2779
29239 748
23390 21899
13035 29636
12347 8191
15020 24681
13014 16855
20073 22175
25643 31021
12455 22633
8585 17446
25797 8755
8691 30918
14213 8529
25287 3849
12488 11944
18333 20783
21145 25003
29042 26199
18797 3978
4358 27471
29097 19109
14466 3499
22117 30279
28766 23828
3440 17041
4994 18147
5268 9396
13995 28655
5147 8036
7953 24738
10897 28553
3143 14163
9676 28983
22882 21711
19754 20704
14685 14137
8474 23752
4796 30485
13278 2746
15984 6815
32655 1530
11771 13153
23905 22906
15572 31236
552 2640
12557 23655
9243 13928
12083 12782
11736 2934
9590 2589
8873 10799
29193 18789
6150 18873
18636 2109
26715 12128
7209 26741
779 20106
3387 21703
32180 9453
10038 24240
19125 9983
27139 11902
14573 20654
26666 14761
8390 11858
31733 13158
25202 29152
22483 27514
6517 26720
30202 3916
10596 25505
11088 319
2028 27691
24972 14910
26645 20341
15512 27033
10952 24152
12090 18191
14480 28612
17140 19244
10397 31666
5929 16853
22798 25177
23424 27425
23664 13221
18830 7786
24705 2789
25007 9124
29242 21188
28468 14062
17165 1402
6084 27239
21356 15683
31228 23107
9866 10512
8025 26398
25445 14717
17752 27279
1796 6660
16859 6657
3069 19056
1743 3006
11067 27796
2316 4685
6654 6716
3708 25086
26915 22372
10112 13507
27046 29864
22415 24641
14949 30204
12577 4647
25383 20893
26827 9919
8412 6984
9131 19907
18215 28585
1286 29041
23321 13334
16176 5089
19264 32381
11180 5783
26848 14747
11925 8277
1664 22895
26940 5426
24488 13295
19 21744
11754 20985
30666 13195
3871 19596
28087 24590
8435 2616
12155 11690
30116 28883
30179 29449
17926 24430
18188 29664
1227 1159
17355 2244
14081 25729
25675 31038
13788 9297
26616 15393
15798 27769
31900 4635
28244 30778
24776 11915
8299 9477
1398 25234
13410 5684
29420 32365
15962 16631
29924 23810
13164 29841
20969 19896
31793 12996
4612 20620
4232 27785
6296 22626
147 30469
5515 1944
3843 19641
4518 6881
16534 28409
6719 30289
1245 31647
20501 2228
23619 19200
23931 31012
8011 10783
6073 21211
19225 1313
20399 9029
30516 5633
5563 15961
22666 27525
29917 7466
30133 23665
26905 2745
28796 15098
5405 4878
2205 23677
31524 26759
15306 18801
15642 13167
9969 10651
10241 32722
3264 16512
3731 15760
9577 3616
14121 1713
7074 26593
24795 8184
23280 7626
9193 26555
4902 32753
12634 9970
5416 22583
13794 30861
27893 11314
25609 15115
23781 23403
27018 16456
7727 28106
21497 12182
2733 9806
10409 19984
5092 11777
13261 8491
11071 27436
21213 8078
32667 22727
15932 25636
13320 29235
5655 5999
29646 1836
13968 799
1967 3065
5916 995
20588 14821
14633 19839
19083 5107
27141 13599
32598 9166
23547 30186
1831 767
23231 9179
227 1122
7948 16588
8901 4571
1419 10196
18525 4677
11511 17107
8664 27563
16255 15947
26753 30139
27499 12146
15496 28791
20227 24709
4098 21294
23468 14174
17202 1963
29781 27209
22023 26028
19217 30484
21221 662
16901 4197
22185 10598
21381 30032
23015 3819
17786 26409
8053 5683
11271 12695
27694 14659
32620 30954
27632 27146
18730 17071
26599 32664
11368 27777
12814 908
19861 1314
27122 29643
23887 15306
32442 19576
19075 22974
4708 28192
24534 31269
8785 13364
20548 29719
6404 20413
30471 11000
11559 14923
20155 14596
12750 21806
25535 10282
15360 2281
17886 11550
16756 30948
15663 6314
5272 8033
17977 29509
25047 26033
6491 30438
4636 3240
16748 23322
13970 31054
1438 10069
25007 14807
10920 32645
4464 22230
20260 7917
3814 17581
26421 30001
26353 2376
7022 6573
24652 27147
3823 2315
4809 13832
20689 24853
990 118
31941 3783
27745 24414
20215 8873
2960 664
12089 16220
11092 14070
30557 22130
14791 10687
30946 10115
7155 95
1492 13692
7645 6236
237 9787
9154 908
14592 16473
160 5254
5016 31559
5624 3926
19164 21917
8402 21109
17077 26030
22531 3064
14643 22624
16299 20231
22061 21051
22017 7569
24104 26303
32083 14910
3194 6651
18248 22181
22704 8283
1385 29120
11052 20674
17119 31388
17683 31960
2942 2901
24422 9126
9219 20546
17774 12896
6042 28525
28254 18305
16036 1094
23092 11293
8886 920
13792 30579
25573 7099
2728 4291
833 25868
31947 863
13983 30362
23908 22787
10652 13090
5010 28265
20446 25150
8406 30233
11421 27097
17596 7551
13154 15334
958 2111
9743 19537
5477 5581
5152 9014
32177 9528
24368 24402
21947 19270
26815 15543
1945 11974
19762 29635
386 32546
20507 1106
9266 14644
23995 16691
28816 11866
17862 12249
14479 461
4965 4179
22354 4142
9857 8575
13459 30050
29247 30074
5957 9376
1223 27226
2936 18120
15434 6944
24446 21239
19779 23784
31820 5464
32253 7267
7458 6205
15189 12167
10863 9070
27329 28549
15343 17856
7569 12028
1558 7402
2421 24684
14001 20373
27200 237
1227 28082
12523 6945
30669 11024
9181 30311
10730 10286
21609 18001
2490 15694
3481 28249
24357 31690
8234 11727
6019 22955
12247 18454
7425 15224
26075 32016
15687 20556
11441 26071
25432 29739
22814 2478
10425 3222
25713 16183
469 4957
7178 11750
2464 17333
27161 949
12411 7562
7080 13081
21080 13079
18396 19765
30750 29875
15479 19534
18511 28398
5026 25216
27368 11996
22250 8367
25736 16561
21384 2496
11477 31886
997 26120
1051 5531
12893 27396
19511 8022
14659 2891
26804 32043
1062 706
27187 28740
13907 29455
2320 14242
6811 9296
13122 30317
16471 15884
12675 21640
27049 3177
10162 3433
12036 9632
29813 24872
31726 943
13346 7125
18692 26190
27360 9999
14143 4387
6665 22994
28791 14905
17619 31377
28965 15535
10288 10117
8045 25517
10738 6468
21340 24988
17203 29589
13422 18327
27124 6275
4179 4380
15876 12720
3826 6152
32036 25580
26543 1218
616 24838
31721 3766
21728 19426
31431 8453
2424 8908
29237 14202
31773 9228
28969 1985
9249 24763
7979 19155
2017 29141
27924 15029
5029 911
17174 6242
22471 10986
20476 19974
29208 14728
23987 364
9855 958
20234 10938
27363 19692
10934 860
27211 19977
22425 24894
17220 2690
28228 21054
1412 26437
17338 3041
13004 14360
4470 836
18195 14128
24240 16726
3040 6911
3805 18245
15096 15949
14709 5942
13369 3722
12024 13625
19142 13411
20275 13436
28004 10899
5312 9407
11812 14076
31180 29703
27971 31222
6684 6295
11086 2023
13906 5916
18057 16660
31853 14632
10130 23478
14736 2017
8514 21585
22788 24315
2004 14401
21631 11235
17225 32405
31143 11581
24842 25377
10450 18065
26832 30671
28944 15425
30913 24630
11627 27583
27868 27502
1901 21500
5526 34
739 548
16837 3814
30433 13960
8126 32459
6150 21980
14778 18481
30721 31394
4479 12765
7764 15078
7996 25676
7768 30252
14260 18246
20098 16295
7582 23990
1252 14507
16972 5048
31991 28517
31116 13044
19095 5578
9420 28971
32335 9421
6529 19727
24279 16341
18121 11608
23515 27758
24142 30228
7678 29246
1134 2110
22559 30524
19354 24467
15835 11292
32508 17057
17235 7437
93 14625
2607 31399
15685 15494
8163 28447
32612 22230
28976 21438
7216 9145
5870 23185
18384 26576
24586 97
3897 12871
15563 23269
15767 15534
28505 5943
12526 32004
9599 15493
25089 7701
24496 1801
9075 20999
18760 28475
23596 13103
26133 12613
16638 10025
14614 26807
20872 30759
18562 5244
7259 6281
8972 5901
3676 17582
19046 1764
20842 30474
9988 25396
32320 25209
26914 215
9628 26323
31496 17287
29857 13249
26765 30546
30841 3535
24538 24136
17728 27074
12144 18039
1053 21035
25965 15385
11442 19260
29706 11275
28087 10459
32617 2689
2273 2805
14478 20985
9737 29717
27051 28269
24970 11829
6048 26829
6635 29140
23746 26284
16574 840
24795 21050
12999 14934
4723 15986
23393 10240
1358 23444
10014 20126
6710 4054
2478 8240
21499 2134
6914 14067
32183 22100
4016 31794
1622 27806
4250 12639
13654 4427
13771 3938
7372 6060
10401 28721
27816 30336
12593 13985
2873 3687
13031 26748
5876 13466
23661 11987
13681 21976
3790 12437
21430 17828
16348 31585
15288 3501
23503 28313
8991 20878
27182 23736
5962 6839
31219 22245
27283 8363
6378 22216
1748 24941
23130 15004
18730 7732
12519 18309
19192 4198
8119 9764
15407 27332
1748 3433
13005 31458
3793 4009
5028 32475
30641 15857
30813 834
20228 5529
14012 23900
20819 27676
27942 5516
31422 19751
14432 22030
2788 32495
30361 12776
3 8392
15275 22558
19808 6132
23198 1830
20714 16056
10349 21659
19482 2485
23565 7478
25629 6006
12204 12537
27957 24134
10039 4013
1373 27716
8222 18831
16940 28089
3675 22599
30203 28072
2737 1049
20554 1191
5681 10591
23904 27118
14083 29239
10546 6830
21091 22649
2438 2980
26602 1004
21336 6381
4623 22713
32637 10268
28653 18975
646 12426
23623 17769
23527 7661
5577 18717
8281 16684
15504 31863
892 17266
18669 23317
9409 20354
24422 18676
9095 25930
9726 8859
16004 3002
32439 7574
615 21718
19284 3366
19387 26634
7779 24375
8207 1726
32123 26002
8788 16171
6339 16212
9862 16749
7091 30367
10383 2777
31519 9871
10856 23440
25713 15728
15745 10836
12854 12078
15203 2715
2524 11276
29076 14562
1721 12185
17594 16708
5712 31713
3844 29771
27088 21728
15814 7686
8414 4156
29283 13148
4500 19763
10864 27039
20938 26833
13078 27749
26004 615
27576 9619
14091 9274
7126 19386
15185 25720
24626 10919
26831 4720
29489 23093
25281 17409
21635 22374
32245 22355
5126 13234
719 15558
17384 20127
20625 7464
22029 19858
17881 12331
26800 17893
4716 22294
17996 19769
22065 20410
7357 25614
12673 5032
12194 28305
10910 14241
2567 12212
3200 24398
29505 31364
8920 6449
11032 3512
30543 14044
12588 19845
29710 30049
7057 20410
3972 2569
16573 28168
25955 26441
14500 21153
24812 19953
31009 13062
23661 32423
4504 11545
23048 8084
18906 31354
14773 10845
10312 28176
4234 30293
9020 28646
1339 13041
420 27449
21981 26236
12016 25295
27375 17675
1583 8074
7066 29620
22644 11580
1848 3067
12927 6589
10260 29581
9625 10811
880 23601
6080 31442
6861 32763
24324 15452
614 28098
11313 1163
16638 31189
2222 25653
23771 9962
27557 14318
14867 6999
10852 26332
11782 30341
18436 967
27692 6817
26696 1136
12305 16020
27079 804
18589 23606
27470 16016
26777 20158
16512 19415
24687 13694
6591 12002
9521 28365
25424 19704
18653 16196
8121 28046
18400 31021
16750 15712
20440 14392
18349 1984
25502 1392
8871 6702
132 30574
8928 1578
10459 8908
30680 13638
30649 28381
491 895
8697 8859
31606 21453
2178 15841
15675 21241
16333 29403
8711 23727
12449 21434
19858 14036
13857 2220
23206 5913
23817 8715
13443 9937
10293 23252
8067 30976
32355 24412
13562 9908
9529 27710
22112 1432
28042 22936
23474 11462
29909 26231
277 15325
8206 22671
22461 6227
13217 17456
15885 5389
11445 4213
8959 14381
16301 3007
6343 4908
8181 9313
31411 24872
29947 6557
10838 24447
8315 14544
10213 5276
14848 31465
2529 30993
25512 5663
6134 14054
23591 22500
3364 29489
29198 23316
17692 21991
15438 28275
22765 17394
15351 16214
28383 32644
19270 7328
16799 8874
32223 26096
8861 10276
22103 31513
31667 30324
29941 16339
5127 8501
9146 1968
7218 21678
25502 32337
17826 8103
24349 24537
26940 3963
26098 5538
326 21103
22051 2863
31365 21570
5693 20322
8354 2310
1249 21999
10707 23086
383 27921
9655 27111
29282 15228
21377 8364
27629 23186
9048 14612
23844 24793
26366 15855
25966 28845
30128 11922
14232 7986
18254 15727
11806 18317
19132 23785
29862 7764
31624 3686
27342 6466
31437 10149
9255 32560
12119 594
10625 13376
12551 18903
24426 5724
889 23414
13809 32223
25573 27796
1456 13969
11843 27480
15881 1241
7603 19829
18607 2862
27675 16708
18024 9167
5394 29974
2322 692
16381 26824
28388 13252
5495 32152
759 18760
1015 14390
1797 20128
14252 26911
19056 21300
18860 12070
29318 8622
27214 2131
6147 30567
2772 25841
24023 20510
19022 28899
25898 6640
10683 1847
17054 25988
19312 1022
22740 26247
16830 26714
15409 22616
12495 1240
994 6916
18385 7680
11293 7284
21846 16171
28074 25061
31483 12181
11939 17817
17480 15795
28792 15564
9432 21703
24373 14826
8634 4273
26120 32511
10774 17416
27902 29807
25364 9321
9229 22503
27385 4367
32599 22419
22420 10148
18605 28050
29656 6999
27218 4007
202 559
22274 1841
32158 3231
13107 1373
15132 23386
9115 18330
15945 26472
25842 24653
13892 12410
4345 30662
2414 9595
13499 6515
15821 31591
7187 24916
16563 26208
30318 7599
20890 26879
14546 14597
5203 11752
24864 68
3680 8097
32406 6462
5022 12964
9111 15706
26151 5554
9391 3210
3446 15467
18642 3197
10444 30748
20196 10261
16595 4824
27775 17179
23681 8394
10736 13874
23872 31689
16258 18185
26188 7469
22528 28885
21340 18913
23669 4351
644 17594
11574 19481
30042 31495
27682 16151
3416 24426
15401 20668
26497 26342
6667 14162
6983 23608
12898 1694
24749 32107
22755 23059
25001 6055
1249 28486
15052 5450
30482 17570
28452 12857
27798 4189
21346 19065
821 9130
13368 30457
13033 3633
15365 27826
156 5564
23476 20978
20018 22067
15073 32245
27594 7626
29502 22198
20033 22905
6966 16644
3832 9645
25552 22232
6360 22333
19925 22502
9875 4255
14901 2162
30252 14172
22951 29285
21945 24001
16272 15520
28008 29911
7206 3216
27328 23190
25045 9731
28969 6230
23010 15674
29615 25990
27726 12095
23555 17056
7933 5241
8898 16476
4119 24957
15610 18213
28591 2599
747 29385
15522 23274
29706 22132
18626 31844
31820 15583
18484 21813
7840 14533
28695 15890
10429 6551
26726 15381
21535 6256
5408 13655
30796 20811
31398 21441
12892 23668
16740 2591
9656 7228
7347 28534
14882 4849
6398 25752
31478 21773
5412 14325
31663 27566
27422 15284
26028 15174
3042 515
4917 17044
4743 13227
23481 17875
4777 13543
30041 14897
9743 3190
4011 1410
32139 16623
2999 26166
31010 8277
30022 6024
2925 9707
8541 1529
27711 29257
5636 10237
24201 2480
8011 20212
3450 19611
13711 1115
17642 24214
6394 18244
2296 28499
17993 15875
20722 6651
10450 12331
26998 20162
11717 23737
16855 31422
7346 142
10434 25081
22859 8483
15394 24517
29292 28536
4160 335
8792 22349
21039 11895
9286 3733
26983 21727
796 14632
23728 18754
17786 29880
32322 21256
6906 24838
9002 5655
28342 30805
27119 20203
779 19487
21622 5353
31389 31240
14627 5872
29339 27920
20289 1586
4677 16140
23204 9026
13227 20055
14988 8557
2487 23493
24525 21582
26477 17624
28205 23453
3186 11831
3342 16712
6859 12891
11085 15813
6632 26764
14953 5798
10977 22540
9448 19310
20991 11154
1014 1187
31102 14585
22608 31012
4497 12602
19040 15805
29095 3224
13737 13049
24301 1818
870 1335
23572 16702
6254 29440
9812 22764
23131 19864
945 3753
4075 26579
18045 19213
8359 26410
10782 6263
30658 11022
27921 25855
3651 15997
19503 8364
24679 2002
17199 3048
21056 10977
13933 18992
18339 20803
27113 3344
29505 19695
27027 27471
8468 18698
18118 14439
32765 32001
20242 28727
11947 5588
8254 2812
4030 18869
15757 19838
10540 18897
2625 27015
4836 1646
19806 665
14514 31030
8880 27360
29539 27090
32015 11366
15657 24763
7650 12934
1345 15437
9698 10147
26322 7198
8993 23322
18201 5773
16458 17268
7875 27806
31018 28897
29338 12293
30831 994
16228 3968
688 31813
23816 15722
4782 29782
7411 9358
2778 7252
10170 24377
8215 2594
24065 9363
25024 12607
16539 8238
749 5880
9203 26592
18674 5852
12970 974
17193 19313
897 15562
12274 28453
18042 9439
13047 18823
19770 3625
16565 31927
29362 25578
25400 18203
9726 6619
15397 3412
7309 9664
26622 16497
28547 14143
9890 29794
10331 8690
27923 15023
209 11707
17532 5482
23039 16728
6771 5730
11974 6967
26235 32409
1391 3211
18637 29176
9362 27295
1624 4930
3895 10858
1542 7239
3132 23141
13121 18010
15607 28313
27062 5892
1819 4860
20056 25850
21984 30717
14760 10573
30302 19806
5940 28897
4922 24386
24158 544
4997 2439
2143 2799
24801 30037
10124 27361
22758 21751
983 28075
28100 4586
24728 2521
14889 8500
20366 30655
3173 29175
13600 13489
11468 10822
25065 18039
25435 9783
25972 21243
159 27962
32324 24645
28115 4521
19224 20649
2121 11936
8557 28479
19467 30734
11587 8340
4545 4364
15908 2975
25557 7278
25955 20215
11990 15256
18850 5699
20762 28564
21398 9201
19880 4193
6159 9003
9812 20109
9010 22022
8492 29446
2313 29693
32019 20781
24383 19615
22956 7980
1060 644
22138 10377
22263 29317
11589 3836
17765 6956
19391 3454
21069 6250
12391 29091
31174 1928
3758 16169
5731 26464
32344 12753
11190 18637
14886 4461
14866 25440
12722 3131
32661 25173
29338 2929
19046 32197
11488 13849
16444 13341
22161 5663
16160 14286
12965 5033
15219 25926
16167 15014
16178 21792
20118 32426
28281 24215
20618 28921
13638 7745
3482 7394
640 21754
23166 32334
13368 13085
1649 18072
6446 25595
2265 25503
11159 28037
12842 32026
26909 14412
25608 23596
27688 21420
5292 28985
10844 19011
8584 27639
31843 6824
13614 6600
21228 10330
17518 32327
15603 14583
26302 23072
9027 20911
3552 5158
23866 2295
24766 14495
717 8322
15769 738
8139 31597
10082 9509
11366 17594
8808 17040
28399 23039
17460 20374
10977 20063
31409 19588
16673 6586
20113 3674
9604 18465
9451 2523
19858 15757
17449 21728
31882 25040
8225 20977
4262 18635
12674 14870
13727 10978
23666 30955
8308 16813
10869 3827
14440 23792
23441 28206
20809 17358
4784 1262
23288 13881
8517 27366
10790 8877
13874 25732
15964 25630
29674 12417
10558 7215
12754 21430
31504 32164
27886 22321
22649 6938
11193 11400
7559 3573
22868 11373
12788 2459
23523 25475
29352 12000
27189 8560
21630 13248
25763 32308
9291 13140
13626 18873
2077 14847
31516 6570
9664 25065
1315 27017
4743 5038
24520 252
28744 16215
31299 5224
23465 8585
9972 21441
3994 26876
31490 23457
25123 20527
20802 15511
32352 32602
29786 3265
32714 19109
13350 14237
21175 8343
27226 28
32293 15569
12905 26872
15027 29436
22694 30536
31472 9728
17577 850
18648 16246
25333 2976
7324 15201
20952 15958
4258 7192
21906 11458
5837 23175
22457 23861
4862 9879
30171 12049
32475 3051
25446 17700
31439 20173
8901 27188
28753 5480
22988 9179
10602 12599
17750 26518
369 7357
4140 9752
4890 375
4393 8420
1967 23055
13468 15898
27548 1234
5358 20113
11313 23140
1669 31271
8868 7346
6887 18005
20565 21033
24355 27399
12374 24870
22893 27050
16939 32685
2568 6790
12750 19293
29545 9294
16631 7587
28057 4597
21913 28719
18651 31428
20912 26020
911 28842
6202 19092
5974 10451
25475 8875
8567 4731
20646 5674
27265 20485
17489 21399
4402 17991
3272 14771
23704 13865
25901 23981
31094 5230
15870 16789
9961 5073
28383 20243
5707 5460
13722 27225
600 29397
9828 12630
16783 22498
29026 15149
22491 7374
8555 27621
19315 22532
14352 12386
16639 6556
19161 13972
8956 1324
1490 30190
22625 15841
14150 7194
20099 22734
18635 12779
23094 18819
18814 3219
13365 31970
28048 24342
5316 5678
9986 32766
12947 613
15276 14161
10470 21968
31876 10432
2291 10200
541 11809
6795 24859
4718 13855
4093 12223
5077 31536
12600 5638
12636 9928
16943 18211
5178 13517
10370 17997
22173 11082
5210 31761
5030 31335
12436 13804
14517 6297
7715 17433
31720 12054
16047 10664
7134 27276
4738 4816
19649 17426
11685 1414
30339 22111
2118 78
10343 4921
11869 31570
26052 27953
4752 32689
12294 18830
2131 18713
29173 20103
10579 9624
12346 25013
10773 1967
8990 27335
25050 32425
7574 11896
2503 2346
25981 21950
30530 30219
24864 30020
21919 18277
15871 10523
8956 19436
29906 6317
29801 25215
20171 30450
17741 7165
20507 21222
22021 12121
11191 19514
24013 29681
9308 73
5092 22043
32464 17231
21483 31233
26988 31189
24974 176
31959 9840
3943 9067
14868 32683
19743 6469
10687 8770
24791 31471
147 13201
20422 6350
27952 2123
14883 30544
29467 9071
11845 25985
30471 8568
14089 25049
24659 25557
10612 16728
29651 4248
30105 19670
19411 14962
32445 18580
4441 17631
16058 6678
23211 22686
14497 53
21265 31844
32419 4464
4060 9681
20274 29827
13991 22179
3427 1851
22749 6698
6295 26504
10364 30460
18266 4820
27160 10473
2443 3987
18466 14129
30142 21787
27498 15093
17886 26038
31971 27116
1815 20214
29862 14679
242 1097
23098 11575
6082 18381
23059 10173
11840 5478
21592 19714
19058 17421
18666 20216
465 20843
17569 13729
28842 2982
13273 30590
16581 3451
15917 30283
837 16525
3970 13289
25039 23036
12872 21404
27374 1338
24316 15222
32182 12570
25841 27155
6312 13098
4177 21639
4054 13635
12638 24725
28232 8542
10494 20258
1693 32681
7799 10984
30453 31451
17015 3951
9231 32452
17239 23609
28591 9512
22176 10301
11843 25805
31695 2456
8133 14035
23637 1406
28643 9796
27874 15478
350 32236
13283 9927
2224 2155
22858 29997
14833 5768
25485 27089
3579 16328
17905 15736
25293 4416
9224 25851
31533 7847
28280 19191
8594 10671
15615 20933
29248 21397
2484 12717
4277 3319
12688 1878
19524 14311
24108 9857
30720 12349
15564 1271
31195 11825
9885 20928
21775 14121
7739 3222
13245 4303
18038 12698
13268 27239
13910 19781
31541 12384
20061 3232
22293 15912
29451 7608
27298 25157
20648 29772
12521 26786
3133 18122
22007 7974
1508 22394
11070 2187
4161 24056
15163 12654
16721 9447
16470 23458
16482 12260
778 29642
13667 32185
25413 1319
15710 15059
4370 8110
2115 30711
14453 25694
999 14640
9366 11216
14412 28940
7714 31504
14627 15367
2287 15019
20623 28744
1247 25609
18220 21899
5638 6397
27984 6495
6159 22939
18833 21393
219 19530
4231 12008
13932 19482
18899 2578
31746 12631
18015 9439
14979 2142
19432 11693
10272 10927
6586 17188
4918 28228
10939 15907
21618 24353
22699 22521
11321 14125
17578 217
3911 2112
10491 31368
9878 19581
30727 2905
1665 20706
27813 23899
24873 11805
28568 24017
14360 17313
30297 12514
20772 26874
16152 3474
29334 18781
3581 5617
10892 7556
20403 32658
9628 14265
17703 8255
22714 5680
7309 13035
604 28569
7077 26856
18140 28150
16188 7003
27677 2986
29685 12524
30833 18131
19529 3010
14522 7898
22477 5038
29136 4169
32691 12454
16675 732
3220 18806
28834 24026
14701 6834
16859 13989
30695 31215
29795 19856
18907 22834
2936 19698
21525 7849
5861 32377
3672 9369
806 27328
13475 30104
13517 5923
23987 6396
29476 21970
23241 915
26132 23588
17581 149
11077 4910
23027 9942
18055 22165
4733 11840
29041 5536
3137 14721
3655 2705
13644 26625
16929 31798
22279 17431
31306 15803
26298 24956
24807 24770
16206 16384
1241 19893
10327 18043
14564 13915
20050 27143
28176 5802
4138 21868
3407 14301
17922 9436
5217 27078
25902 2529
31221 26212
9602 27539
7441 5048
3024 22286
17331 6101
32172 21539
27833 29495
17010 29262
30974 5461
5515 8680
28614 8057
11755 11678
25180 18896
24286 26658
13049 7869
13829 25120
17128 115
15003 15476
19432 11459
12797 27290
26834 13106
3434 31078
4475 4431
25863 11765
3548 26948
9254 4323
9328 1706
19143 14782
2014 9634
26719 28347
18392 12321
13273 27816
18755 25995
25819 27426
2456 8324
12874 12552
12682 12035
6672 19760
15081 28839
22045 18264
11718 12111
8875 23903
14552 26085
14791 8373
10526 27002
10253 2064
1222 10392
24243 18784
19790 29907
9929 4102
11497 2722
22974 25408
4900 19309
807 20712
1225 24039
20412 12383
8963 10398
28067 4548
11716 23249
16882 11625
1380 30593
5999 26503
28555 5834
10906 15408
9040 20852
14061 10118
24738 2758
26978 24107
5863 3226
23606 27128
24292 10679
32748 32498
19421 23130
5526 7289
22525 1814
7760 20163
28664 30174
25613 9353
25070 3425
32662 11520
13203 25238
32719 4619
9101 17559
5692 8879
23069 15026
27845 25031
3330 10429
2230 27897
6810 3499
24330 20456
24651 4189
32233 6059
20513 20154
28527 14975
2488 8962
14767 10168
31325 21343
8184 5118
18544 24510
2391 21941
3596 25052
12380 26045
9963 13220
33 22620
5507 20408
17033 25208
17269 8270
966 16138
8488 12349
20254 2255
26801 29271
10478 23617
2039 4858
27119 21957
30228 2018
24504 16422
30718 21057
22148 1858
6246 10002
28726 17155
22240 29098
27802 28305
21061 25744
18158 8134
29269 3214
19617 21219
21665 6664
4442 7809
169 21645
25660 25546
10049 27820
10857 20200
28985 8201
17092 15294
8508 25520
22268 21206
3321 2216
15814 29339
12673 3788
21097 14537
26352 6614
25984 16417
30544 15549
11003 26209
7354 3905
18792 11891
10942 16835
28273 4837
26374 9051
3237 23705
21813 20005
9851 20926
31253 28123
19091 20734
23026 21673
9536 11513
13889 21052
19268 23539
20102 285
8666 20425
10356 32317
2042 2602
9045 16081
9432 16643
23212 30815
32686 10043
7193 20249
17595 11681
29822 15979
23435 20515
6240 28624
12922 17216
11152 29673
25460 5568
11274 4560
5630 6818
1053 8362
17018 12118
1996 8059
15014 12844
24949 32575
7015 15629
12720 21302
3013 30825
26234 23423
27958 6768
3475 7656
24863 26245
9764 261
18328 16623
13733 7551
7024 10962
9214 14767
20336 14942
8940 9067
4324 25415
9383 23584
4952 9077
9666 19233
18848 26620
20050 27199
12315 15950
11858 8346
3128 9648
6470 16311
17720 5354
25887 22226
14902 2115
4191 20597
14693 11180
4989 3657
31898 30012
24971 30509
20234 17372
23574 11141
16468 22084
15950 21460
2242 11814
17254 15758
715 13224
3134 14887
24029 11544
2112 29808
28250 24283
25992 12323
16097 26535
19527 10172
18126 11507
26985 31883
27140 27563
3189 27912
9706 16679
23733 17766
4019 16478
27032 15979
2019 26455
6740 15998
18190 2273
16591 12546
10211 32388
21440 26594
21098 14007
5137 15213
11402 29523
8585 23653
13262 19528
17063 3154
9321 19087
25553 12316
4471 12128
4526 28889
21125 15268
29392 24292
27220 2989
1174 19247
19162 23333
8016 19162
6794 17732
1445 6404
24277 21830
818 19169
12273 31517
24180 2572
23001 14435
8680 18719
3733 6546
112 9858
3515 20343
22777 29056
25910 31972
7515 1440
12102 3238
8320 28722
29128 9142
4041 5160
696 948
7085 16423
5620 29072
5028 27358
22594 29835
31043 2455
15253 350
20136 13579
22668 26040
9240 4219
2364 2030
10471 9980
8495 20206
17304 13075
26284 18038
30022 1153
12601 21379
3139 30816
20831 3339
27134 14191
9645 3310
24618 11947
256 19755
26908 30239
17921 25935
16245 6652
23534 15412
6402 31212
24734 487
2272 12964
15295 1514
19684 17848
30563 15772
2617 29620
443 3829
15691 31848
15393 13174
24804 14723
31580 18272
4245 18276
23840 22821
10840 12332
5845 3356
13171 19736
8601 10616
1184 21006
26504 7803
362 14197
22075 24295
24282 30282
31374 7350
15699 19056
2471 15882
6587 28488
31540 7783
23003 2690
6387 28704
30729 14643
10104 21007
4612 29479
3115 28041
24351 14456
5264 12433
20898 15711
17099 30796
26477 2123
17251 16310
28126 13872
28742 9874
15605 22818
1293 25767
11702 9506
26754 32041
20431 24376
12127 18038
8827 17090
15449 6659
21670 20747
8541 16533
20562 16159
9754 28340
5433 30174
6079 25948
9908 22608
17926 2807
4315 17464
20849 4232
18670 236
11987 30505
27892 4195
1043 2487
9889 5776
16941 7884
13693 19182
8313 14061
25667 10333
23856 19205
28039 20268
26412 24338
5020 19831
21743 11551
28597 16819
19687 31858
15434 2951
17137 30982
7870 32477
12059 7996
13374 19770
8622 4045
26092 6474
22636 24579
18493 26816
14614 14889
2463 26717
21809 25152
13408 13901
23306 29427
18379 9914
6136 26317
27796 13980
28641 16810
18550 8398
28159 28267
13594 18791
21220 9454
24123 29511
17340 27710
2824 29680
32467 3334
5833 22936
14679 2124
23750 14204
2654 26203
7012 3190
1834 29185
4754 30674
29868 13307
24931 12382
12872 17070
26364 29120
16856 14872
10929 21516
4339 28677
3947 16790
26479 14470
22093 32517
7972 20127
13463 31145
2291 13632
202 20495
8968 9334
15117 18642
1115 22243
29903 11187
8573 19308
23470 12524
20113 20273
27543 31426
8856 25538
3119 19802
8179 21904
7538 30925
17954 5793
14234 10622
28882 12680
8771 4780
10263 26773
18124 10051
17910 21833
8704 21752
5414 7180
30966 30100
19735 2082
21813 27280
3892 9180
3100 5859
18790 8459
21890 11032
8665 9658
13721 30627
20482 20765
15896 14709
1761 3268
27289 5326
21635 32276
7231 12883
6860 11256
30877 12896
1395 11476
12243 27295
8526 28859
28154 8666
30928 31713
31683 15885
22992 9555
21082 6336
10379 11749
9873 28051
25581 17260
12090 5915
16140 17454
10964 3564
29686 22167
26731 24055
13228 10542
22457 1559
22382 28359
25745 30182
14137 27385
8574 7637
18831 8914
1447 17788
28790 1482
16885 7214
6083 8950
29048 14289
2200 15998
10503 30188
5676 23377
10791 29442
1994 3351
15663 3103
25629 9832
30377 7856
426 5947
27642 31383
158 4001
6982 14975
4554 15027
2702 30317
12012 9672
25115 1176
10288 10220
1568 15483
10998 23950
29595 28712
9686 3193
25724 4063
11745 1030
32521 11231
18730 19855
5249 18556
17030 16678
13055 14450
27279 21127
3746 29049
27119 10828
1515 3866
2267 24416
17766 30656
4061 25782
20109 22546
9687 32571
26089 26752
20293 22537
11386 12572
29378 32477
26713 16300
1742 28875
16540 1021
19662 30512
28794 18042
15700 29417
13744 27900
2465 26562
32290 484
22120 23601
6342 12648
5077 24901
28094 12586
5838 22233
452 17935
22393 16397
18635 23630
30974 15351
3043 26055
32398 30357
26206 29335
20900 9734
7729 14313
32138 26618
23453 30990
17440 4968
1038 1745
28633 21119
15427 18692
1798 6366
21935 1631
17495 18951
11039 24203
30878 9233
12446 10873
14807 17054
14997 14072
870 19981
16439 3463
11167 10993
7452 16231
21131 15809
5676 26357
11753 5841
9663 21303
22132 6784
21251 4533
31332 31155
6301 19082
6455 3715
7827 8890
11441 28979
19305 6342
25378 22885
28810 3966
20199 8077
5610 31511
12083 29349
10474 25725
13840 5667
4732 14058
28576 15400
30855 3000
11945 20474
11917 26740
8784 17588
6539 9011
31013 15420
2848 24873
13664 6774
22514 25463
5738 22711
11598 5701
15264 11645
27150 5649
25683 23645
32448 8006
28947 16956
6404 7185
2605 29122
7734 17520
3954 29708
14669 1164
13626 417
3 7496
29353 18344
29495 13082
9521 3416
24207 16154
3416 19887
23393 5720
2236 6503
31444 31603
11604 21798
23362 28263
10744 10229
11489 11943
4132 11763
27043 9068
27385 17226
17498 7756
18308 31587
4896 11278
4675 6230
14582 26557
28133 5797
21163 1019
26450 8489
11008 32408
10987 332
14857 12899
7955 24441
13270 15168
2030 26577
27219 24699
6248 10016
1645 31068
5242 13327
23670 32764
26793 30875
24523 18006
23247 12229
31156 417
14365 27531
18315 8158
9313 14104
1057 7085
28293 10552
8285 16996
3672 31502
20262 8290
12178 30473
2179 1953
28178 21524
18433 25739
10089 20749
2646 21775
1436 9337
20035 13811
10022 5238
7359 6764
2109 19184
23633 25068
4438 14872
29630 24635
28395 9490
32740 19401
5756 8430
8422 26179
7380 8666
8841 4964
16781 26774
990 21006
21462 25640
8738 19353
21620 23504
2786 28011
30983 30014
14690 16584
29839 27395
17216 29932
10542 1862
14421 20311
10032 14008
14812 30313
7496 18378
3286 18990
7708 10781
11181 16251
24324 16953
6935 28986
21519 9603
1597 23554
19784 21097
26141 30699
31031 14560
14380 9376
28842 10000
2112 7093
12213 28237
20910 23867
8183 21578
31663 19090
6175 9353
29961 25471
29871 30230
13035 22910
11776 31093
5912 27994
3974 25305
327 19194
29782 17559
4042 22398
11493 28121
21359 9611
29203 8599
31396 994
2408 14787
14302 23096
32413 2756
26427 18498
5726 6950
14182 15119
24142 912
22971 27802
32332 2806
32171 416
12021 21263
7010 14767
31081 10506
20904 25984
9298 20093
23301 6022
29219 20126
24105 17095
5278 13237
7562 15339
31129 12497
19023 20626
21761 5050
32365 26859
3103 4904
8720 26499
26138 19762
16444 15194
9662 2569
3764 22588
28795 5862
11547 2382
9905 19777
24409 20968
4395 6724
18240 20642
2025 6783
24944 22706
30242 7645
18807 13685
24457 10199
2365 19531
19152 16359
30624 4264
13674 9792
27227 32360
29846 16572
16172 3683
10137 21526
54 22850
8010 23897
10148 23697
24276 8088
18063 5653
6584 14816
4897 26975
21265 22891
8699 929
540 23574
20181 12737
24567 30485
6244 23724
17065 13798
29569 8173
10595 25987
22919 11902
24070 16348
5629 31197
20452 27524
6005 20323
3019 9131
18355 24530
30016 7244
12050 25901
9480 30375
26404 23244
4333 23026
8345 31663
24766 1100
16482 31507
5272 26610
22550 11075
24676 10421
32148 1713
24737 3500
17898 20293
3172 15142
26485 14325
2204 18658
18250 19606
16539 2179
30165 3057
26578 4158
24256 26650
18652 24022
12310 8445
1471 9674
15529 11578
11630 8909
23985 9523
19090 31094
6069 25698
20361 1081
1711 21745
943 7062
21867 6532
21981 11920
17456 2394
14384 16225
674 12948
26892 6252
24807 22228
19808 19827
7177 5642
16427 23818
18843 15243
31551 1611
9888 24932
32069 9932
19880 24045
4353 13518
6204 12193
22999 10679
12156 23340
2446 28867
4103 28614
9045 11766
1307 9664
28675 29013
24318 19292
1955 10837
26780 29666
5168 28564
24689 7408
12701 28359
30889 15890
3864 6387
8838 30354
13712 24289
10499 19858
6005 4556
24247 14423
19903 15452
25339 23272
9777 2008
16975 14040
26335 407
30202 15456
27374 21687
1777 29105
31899 19474
22522 9351
4222 12398
23313 23042
17936 22260
13835 28850
20844 29668
6777 10480
12882 1414
21711 1909
23665 27492
22214 17957
13542 32182
16638 18220
2304 14622
12264 15948
25158 21141
20451 1141
23483 18341
31909 18839
23648 16090
28637 6324
23291 19571
17174 25145
3863 28508
18655 142
13132 23137
297 27372
15552 23964
11504 2671
11246 1071
17694 25964
23206 14905
22700 5380
27477 3842
5642 14585
15751 26489
961 24001
2986 13537
11351 2265
5653 967
16754 24412
32585 30519
31297 6868
15734 1071
12568 16464
17729 340
1114 19895
20932 24292
32412 20827
28118 6892
2567 8145
8845 17851
13054 7169
28418 10902
32257 17785
27988 28845
21714 263
18672 18510
20182 20358
27151 30809
22717 26360
31360 24564
32614 25045
10151 16511
25084 30883
17862 25547
3942 31175
14459 29318
21214 29595
17546 3834
13279 17600
11997 2040
11589 1718
19657 14350
24496 1705
27027 25856
17193 16526
9523 13174
7176 4207
12375 755
14100 3587
2475 17926
12525 18050
8280 10948
19623 18615
32714 10101
7608 14167
26807 16270
2324 21905
31581 5344
24982 16870
22283 6414
9122 21307
21218 29508
5129 19501
13277 28198
17964 22692
1039 519
19813 2475
28460 20316
7586 17279
18507 7536
24403 20965
7402 12633
14983 5825
31027 4394
23889 1765
16766 1898
16753 26919
17686 31429
30000 2998
28224 28162
27532 25518
13177 15413
6037 19177
11776 25910
22295 20505
31124 32337
28793 19731
16767 6975
10213 14190
7891 17237
12202 24397
11252 18172
30686 4217
29014 2401
8519 18867
3976 4718
6012 32328
19058 31992
5703 5605
23003 5434
7758 7853
9006 15234
7410 25993
16509 24362
19320 26815
30918 9674
2406 22727
3445 4780
13872 7002
299 17024
19988 1227
15294 3921
20035 15258
12161 12472
9281 31303
25541 11344
11406 9060
2207 10857
1158 23534
30700 769
13190 8157
18323 5872
28496 1274
20746 18786
32689 8177
21020 11658
1377 16295
2793 15509
10282 29389
32046 10205
28748 2998
12486 7008
20257 5733
8561 1136
6909 29931
14805 12460
600 5616
-1