70 24
13225 23288 8873 25512 9639 10537 30936 5911 163 29336 24226 11193 19459 25314 19389 2742 7007 4629 16276 7969 12688 27505 7415 4824 23049 29035 28177 21163 27755 760 9371 7616 11859 1543 10832 9269 1910 6991 21921 30984 15345 16204 5801 23348 8410 31876 28771 6685 32539 4879 4635 6446 6272 14678 9506 14017 782 23067 8902 6719 20119 29626 18049 11656 10379 31918 28785 17813 29201 29014 
80 164
31830 28409 20229 3571 24357 9 25763 4857 7609 32164 22800 8754 3535 10848 22816 6001 13567 27208 6723 28091 4171 15394 32437 8873 31225 22516 18932 26894 8606 5830 31095 28378 19068 1960 5533 14910 17421 22007 3812 25105 20704 25821 31579 9587 28580 17431 18522 9904 14979 25083 13424 19815 20657 7865 9629 5099 32324 9441 12225 17385 5702 11045 24405 26187 13064 865 7257 27229 20666 6872 14733 18478 30265 20416 996 8762 24616 16386 26166 10821 
54 11
30005 19850 29422 4614 30626 27669 5396 25725 16065 8046 5168 509 25354 21623 18085 20522 14625 15511 19027 7987 4872 23064 28523 14680 8596 11214 17794 2985 2589 15354 32485 19472 1146 5741 7725 16529 5420 27121 8723 3025 14298 22756 9093 8917 3582 15654 6649 20493 26077 25398 14849 26513 11708 151 
35 66
10065 27001 18907 18580 28536 18837 26388 642 11815 25689 15764 2275 676 8261 3303 996 32757 24981 4204 18742 19865 30752 17836 22801 16501 9344 27883 11385 17 30835 30717 14528 3076 5761 23387 
32 141
5343 30070 10394 25124 1940 75 32131 10352 30170 16696 10686 8187 16071 27406 25767 29507 12588 26215 13630 2769 23230 29754 23155 25711 21107 24236 2209 27286 559 11305 8280 24614 
-1