753
716
977
771
690
890
99226
99125
796
99190
970
611
873
808
99250
519
99334
825
618
99154
602
99342
717
99492
572
99144
526
552
99259
804
99127
99295
979
99076
99203
99224
610
561
99287
725
912
677
885
971
948
850
99176
99479
99094
668
529
99488
99012
806
874
99380
99243
99010
99070
99084
949
706
702
565
99483
566
99142
708
99265
734
99418
99468
989
765
98999
801
563
99192
99257
732
99194
99337
99444
99091
99356
903
99155
99485
99021
664
99399
628
99126
799
99273
629
589
972
698
99244
982
99354
99330
99112
597
99161
740
560
791
510
99055
99108
532
99434
99011
99227
99343
99131
692
99201
99158
99124
895
616
928
99365
875
99229
99348
99484
697
99218
663
944
99391
99020
920
915
99213
99394
623
888
592
700
99086
99005
819
99060
786
586
99473
99321
99270
99200
800
996
546
99427
661
709
684
844
756
99366
704
99495
99074
99152
817
99249
99304
579
99460
99058
99135
99294
99083
99281
99319
964
884
99382
99489
99253
99369
99159
99048
573
99199
802
99310
783
99323
99406
934
99477
99119
99378
795
925
99314
849
626
658
728
99313
843
99277
851
694
99004
99241
99476
99027
766
99232
656
729
650
820
869
514
608
99162
621
99090
99104
99217
575
99109
794
99136
99006
691
99400
99067
99325
99007
811
99305
978
939
99328
857
99433
810
99149
676
99038
923
824
787
99191
651
679
99272
99315
99209
641
99496
744
99280
688
613
937
99297
990
998
759
99056
842
99077
99465
870
99118
99367
99340
997
880
99107
99486
605
99110
995
983
99389
99098
640
99017
99407
940
99238
957
99393
99388
643
99132
921
551
894
718
581
99472
99398
99469
99052
99353
99439
893
99133
99347
738
924
99141
743
883
929
99261
99341
99165
99178
953
99462
99338
99336
897
99271
541
99101
809
981
881
758
99073
99009
932
930
99221
585
710
99235
99140
99181
99145
724
99160
99085
731
782
730
856
99063
99302
976
99174
99106
860
99475
965
969
99097
99019
99286
821
99065
99180
835
99211
99405
99047
707
99413
99385
958
99371
99195
638
99470
670
918
99419
99262
99260
634
99455
99403
889
751
99364
99355
99239
99430
528
99216
99113
762
822
813
516
99096
545
829
99137
900
99167
99453
99429
968
99370
531
99282
99422
99134
805
99204
539
99089
99008
773
523
882
99322
639
558
99129
99185
854
974
99426
583
604
99128
770
99139
696
99029
828
601
99279
99166
599
951
606
99395
99130
99095
637
760
99411
962
99026
99175
942
509
797
548
521
644
535
99078
919
99386
902
633
99068
99187
99450
557
564
752
721
584
987
838
99335
674
733
99392
863
636
617
512
99372
99088
99414
666
946
858
657
590
99269
916
99471
99268
99230
680
632
682
603
99042
861
99478
99164
99381
727
735
99066
952
966
99057
792
815
99424
99425
911
675
99417
864
99390
99431
739
852
647
961
99423
671
99363
812
991
99040
99456
845
99420
662
901
689
714
99435
99327
99459
859
686
993
99288
99035
701
789
525
99461
984
587
99300
607
99036
908
99467
502
99147
750
832
99212
569
99248
99360
99359
99332
914
99233
99030
933
836
646
99285
653
667
99079
508
571
619
501
798
99312
703
594
99316
846
99039
967
99163
834
99172
99031
99267
99441
582
99003
99402
648
99102
622
625
99254
99072
99383
938
973
99122
99377
577
99275
737
99487
649
99412
761
99064
99266
99408
847
749
99115
963
99437
807
99182
99352
543
906
99448
99205
913
837
99466
999
99105
99228
522
99075
99401
891
99303
99022
578
99103
627
99188
841
562
99246
99028
99428
99037
99344
99184
776
853
99032
784
830
99054
99087
695
99451
99349
669
980
99308
99291
99170
763
777
500
711
99148
99318
99317
99051
99362
99043
683
99258
511
99111
99350
99357
814
99458
99123
99490
99138
99387
877
99480
99438
99298
99208
99236
99379
614
947
99415
685
99346
781
99071
931
945
99445
642
99498
713
99320
816
99171
99099
99059
99150
99198
99225
588
99264
99189
99301
99396
593
867
865
823
595
719
99358
887
917
785
99231
99482
99449
767
515
99263
99092
99193
99207
99219
665
772
591
943
99289
99416
994
99156
793
905
755
99210
99474
544
536
99326
774
956
518
524
99421
655
831
99306
99082
99276
99311
99333
99432
99024
904
615
520
99157
892
99015
872
99151
99309
99117
660
99220
99000
99223
985
99307
827
99045
99278
99069
99436
950
99491
99018
954
99197
99373
99442
506
726
705
848
678
555
99023
736
596
746
673
635
99169
99050
99368
833
99234
99196
620
99183
99457
568
99177
630
99404
775
538
879
959
99121
533
624
503
99447
99025
99497
720
764
517
99440
530
818
754
99255
652
99397
99247
99046
99061
876
975
99245
986
99374
99493
896
99041
748
99049
576
778
99093
99153
955
788
99013
926
878
542
99016
99290
99242
600
99251
871
898
99454
803
99034
99375
907
941
790
992
99256
99361
554
513
567
99173
99384
99274
99284
99033
99002
99252
99215
699
537
559
99293
742
553
757
505
779
745
868
99116
672
839
99376
826
99044
99351
99345
99202
747
574
99464
715
927
936
722
580
570
99080
99179
909
540
723
99443
99081
99409
99463
99452
99214
866
712
550
922
99292
769
935
99339
549
988
612
527
99494
99120
534
99001
99186
99053
504
99240
631
693
99296
99331
99146
99143
886
507
99222
99324
99446
768
99014
99481
99283
659
960
654
99062
99237
840
547
99206
780
855
556
910
741
99100
99299
99168
99329
598
99410
687
681
99114
862
609
645
899
