43
11
89
80
59
28
62
19
1
15
96
44
28
15
45
44
53
66
32
41
14
28
63
19
98
75
18
34
90
82
40
73
31
75
70
21
38
26
72
27
4
38
80
47
73
29
71
33
71
11
12
44
27
40
14
55
2
93
39
14
34
18
39
57
60
91
71
1
31
98
66
62
89
40
18
99
48
70
15
89
76
63
90
64
8
99
19
7
29
34
38
32
74
5
57
78
11
44
76
93
67
92
51
7
77
1
27
85
46
32
13
46
14
60
8
5
56
1
57
41
51
23
11
55
75
54
15
57
19
78
57
70
17
4
48
5
93
33
39
5
52
36
92
80
75
1
71
24
55
5
27
6
7
51
66
79
48
44
84
20
77
53
20
83
17
90
79
76
36
52
9
6
38
39
42
58
78
91
21
8
29
22
5
90
17
77
87
50
80
54
50
76
35
34
1
94
32
6
16
46
23
45
78
62
1
15
50
24
52
87
97
26
39
54
77
94
32
31
41
16
86
57
42
87
97
63
46
12
72
48
74
38
50
9
86
81
5
39
20
69
45
48
46
4
80
4
93
31
72
3
60
1
16
58
88
71
45
52
35
37
98
9
66
47
47
66
11
96
17
48
26
4
46
35
31
49
748
46
9
47
34
87
31
74
33
21
57
44
59
15
97
38
17
83
88
31
95
66
34
40
78
59
83
22
43
75
70
27
74
9
86
70
59
74
78
12
7
10
45
15
78
98
29
36
1
53
56
94
73
30
85
40
34
33
9
36
87
99
34
15
72
87
21
61
43
16
43
58
62
11
36
1
29
22
73
95
24
67
32
1
88
56
21
59
42
15
31
8
56
2
66
92
89
66
30
99
91
93
48
51
85
77
80
51
57
84
16
98
61
30
18
26
69
81
18
77
34
43
37
93
91
87
21
39
57
1
41
20
99
55
33
31
33
79
69
80
67
62
3
77
12
96
74
94
44
40
53
55
62
2
51
17
89
29
72
89
59
94
90
37
90
4
92
68
56
4
68
91
66
91
68
52
71
71
80
5
33
26
26
19
8
35
36
67
95
57
28
65
1
4
70
96
84
24
4
67
25
51
72
83
58
75
92
87
68
22
38
19
75
31
27
52
45
82
90
65
82
7
31
16
27
45
10
3
40
13
37
35
18
23
70
22
87
76
37
84
79
49
41
14
98
4
24
50
74
45
82
35
53
64
29
44
11
38
88
94
54
65
84
72
55
25
89
13
55
4
52
27
31
90
45
77
35
62
26
6
1
66
99
51
66
19
14
15
60
46
64
29
68
81
85
42
16
62
64
17
98
88
69
99
47
34
26
59
49
97
4
25
36
47
85
1
99
53
10
45
10
50
87
13
68
15
10
90
31
42
89
34
69
41
17
69
21
30
86
75
65
30
59
68
71
85
62
78
43
75
34
25
12
51
82
40
4
67
89
49
30
17
13
26
57
94
53
82
36
77
89
11
99
43
51
62
99
30
32
40
6
44
29
53
16
61
13
99
70
10
46
35
49
31
74
59
28
64
11
34
4
13
65
6
94
14
21
95
48
19
97
45
24
47
57
59
81
90
9
70
33
50
58
57
75
75
44
16
1
62
44
68
51
37
87
58
95
38
43
84
25
91
74
10
5
63
37
10
51
75
49
37
19
38
27
95
63
45
64
67
17
32
65
71
10
32
30
23
6
48
69
65
18
75
83
19
54
13
70
74
35
82
83
62
92
84
48
22
61
77
18
93
73
30
3
75
93
25
23
11
41
28
94
58
40
78
78
38
77
56
54
16
22
50
58
29
3
55
71
20
72
38
38
83
59
56
15
39
76
58
73
72
80
47
50
41
44
77
7
56
60
64
85
30
16
80
5
62
45
61
1
38
84
85
1
10
13
74
57
35
23
85
21
70
86
42
82
57
43
14
62
89
97
28
18
28
14
24
45
53
28
6
65
97
69
32
95
75
47
5
20
50
66
43
17
19
13
20
0
3
32
46
86
47
51
78
33
95
42
52
33
48
86
87
17
29
15
39
99
72
19
81
74
36
76
64
70
59
77
23
82
19
41
15
42
6
88
5
28
26
7
90
54
85
5
81
26
69
55
80
80
63
61
29
4
35
3
69
4
4
37
49
73
42
17
4
64
74
81
13
94
67
43
72
29
4
32
71
47
45
20
47
32
62
94
94
75
98
37
4
2
62
67
49
62
33
26
41
95
49
95
59
12
23
2
87
66
69
44
38
2
65
59
32
78
72
63
94
44
93
24
88
10
87
31
54
73
26
18
24
18
44
11
44
85
30
55
33
40
75
24
91
57
79
63
0
40
65
64
27
44
99
57
21
11
64
11
78
47
15
54
71
7
73
14
19
64
64
3
71
81
2
98
22
2
12
36
2
38
39
68
82
54
3
95
58
77
83
24
88
41
58
43
87
80
14
3
13
92
67
57
88
94
67
25
30
29
81
14
10
66
36
66
59
14
48
58
52
47
9
52
79
95
48
92
62
36
61
61
80
98
48
85
92
92
65
26
82
61
19
17
33
55
13
11
77
46
77
79
33
67
65
48
89
11
19
34
63
9
46
65
57
23
87
3
59
75
46
28
27
83
72
45
92
48
94
64
46
21
37
48
62
64
76
23
44
68
4
87
67
61
83
65
63
68
62
3
22
70
26
74
53
30
46
60
99
91
4
53
95
80
59
62
12
64
77
25
77
59
81
49
24
18
57
88
97
84
35
15
2
35
37
90
22
14
50
91
19
18
86
42
41
47
52
69
24
66
6
50
61
47
75
76
63
29
70
44
75
48
74
52
98
47
6
19
84
48
37
14
18
72
75
24
74
10
25
1
60
92
86
14
19
29
17
52
69
96
57
45
97
57
1
66
29
45
55
32
56
52
96
28
27
63
91
57
78
88
40
8
74
39
15
22
58
17
65
63
28
72
41
99
32
61
72
54
53
57
99
72
17
15
57
19
84
20
80
58
14
42
32
21
86
83
37
56
14
93
76
27
49
99
47
87
26
3
53
20
68
30
87
39
54
7
58
73
43
78
97
85
49
54
7
22
44
87
0
32
26
58
35
54
89
46
15
29
32
17
8
15
2
7
65
59
85
83
26
92
70
63
47
56
73
55
39
47
77
98
12
78
59
45
33
55
21
43
36
42
61
69
97
66
49
24
39
70
63
48
82
87
61
21
89
95
1
83
3
53
44
5
21
49
28
39
54
33
85
41
53
96
91
98
97
59
79
80
93
46
16
36
62
49
36
5
97
83
76
83
78
4
86
76
53
99
77
80
52
58
51
81
76
78
22
92
40
40
34
12
35
80
21
13
48
90
8
28
99
37
42
30
27
75
55
96
64
16
59
1
33
79
25
93
80
19
69
67
37
55
58
42
92
23
79
42
26
34
89
75
20
58
96
55
60
73
57
62
74
82
20
99
92
76
99
37
83
90
57
5
42
67
52
90
63
31
41
30
90
29
95
86
89
59
93
89
57
38
81
35
37
91
53
47
18
53
71
83
97
48
87
35
9
93
5
65
62
80
2
93
49
76
21
94
97
62
5
94
63
84
44
9
67
68
4
82
98
64
88
14
15
7
11
68
50
76
95
57
17
20
34
64
40
94
66
40
59
9
34
80
17
12
80
18
66
89
44
54
44
21
81
48
82
2
41
23
69
6
58
6
6
82
98
4
25
63
85
81
75
48
14
18
68
78
23
35
7
10
59
50
80
0
96
64
25
20
61
69
36
95
2
18
99
99
60
78
59
29
94
30
91
20
21
51
46
72
87
63
21
87
81
70
51
49
65
83
51
1
11
39
90
62
32
52
80
89
35
63
13
85
75
20
44
4
89
22
40
53
36
48
75
4
45
79
25
64
21
52
19
60
45
52
87
12
35
54
95
66
91
32
60
28
72
61
12
69
60
99
18
3
83
50
19
91
67
49
95
70
67
18
85
91
55
91
38
86
12
24
19
11
98
63
22
41
53
84
63
15
27
19
80
70
99
68
51
31
40
45
35
49
81
0
46
19
91
41
46
40
9
8
82
70
37
3
7
23
40
98
33
34
26
15
94
14
56
26
52
69
67
68
22
64
76
34
44
9
5
89
44
44
38
32
2
26
43
51
16
52
76
95
62
81
24
89
99
20
79
50
47
75
86
84
77
89
4
5
62
36
41
52
97
89
49
62
70
59
7
97
90
11
30
56
49
35
58
8
2
87
94
5
58
7
44
33
19
18
85
17
13
53
23
10
15
80
24
7
28
75
75
84
48
3
11
73
81
37
85
76
77
20
64
64
12
97
38
43
86
77
34
51
39
69
70
41
65
46
35
83
76
68
96
46
90
80
66
75
11
9
89
66
34
50
16
50
44
82
9
38
44
27
90
84
31
29
82
50
42
98
97
4
43
92
77
78
42
76
46
35
85
81
39
53
46
13
99
81
63
14
62
1
64
89
66
95
56
25
51
52
8
86
78
96
76
84
72
8
81
20
25
73
44
28
13
55
50
58
82
29
10
67
27
63
92
79
87
47
38
8064
6850
4253
227
2196
2277
7229
5895
5944
5273
1491
7445
8164
7995
3809
3187
4330
9512
1230
1526
6900
270
9017
3187
4709
9881
5173
9028
1031
6362
7022
5398
6859
7335
7785
7098
7382
7741
7209
7216
6360
2499
3677
6288
9011
6225
7471
4768
2523
4081
1613
2990
5537
9083
1045
3186
5165
5761
1082
5338
6103
2600
1102
9541
2544
4306
5355
419
2465
592
3896
4172
7172
7909
8163
9450
9944
1421
7011
6040
7748
8260
409
1970
1657
2737
9117
4647
9770
2382
7406
9279
577
7854
3767
5272
2639
8664
582
1269
8547
591
8658
2478
3102
778
2481
5089
8937
6064
9252
7724
5316
4712
9472
3527
1923
1275
6177
2438
764
6718
7255
8797
7115
423
1286
5710
8761
554
5014
2909
1601
921
8782
7416
3914
4447
5855
7096
3134
2630
6946
1448
1914
834
5218
6489
350
1649
7471
3000
1886
2309
9166
1294
6664
4352
9155
5877
8592
7738
626
9799
5521
2282
498
1880
736
4218
5440
6886
692
8840
5275
665
5251
7530
7590
4081
2249
5449
1086
4058
5458
849
5880
1914
6881
4694
5369
5629
5694
6934
7265
6959
6076
9317
4717
7584
9410
9898
7558
7550
413
7407
7127
366
2068
7951
8739
8916
5651
4789
5275
5025
3213
5852
546
9699
8790
1051
1145
9820
3933
8583
8351
3667
1005
6649
6877
2686
2798
8774
2067
3037
6744
2491
8334
3141
7137
2871
8615
7226
777
5307
5236
4180
924
6222
6714
7988
649
4061
3483
2013
1572
2900
9659
6367
5658
1571
8164
7675
1222
4739
3402
6817
871
7526
8753
4047
7815
8510
2173
9428
3751
3189
8331
2840
2982
3384
8809
2436
2836
3349
7800
3648
2060
5874
846
7181
9861
1986
6465
8318
2975
6273
5191
4502
5243
1323
4393
9119
3385
7574
7625
3607
2692
5930
923
8789
714
3018
6128
3613
8889
2572
4875
3893
7737
2374
6895
5242
1424
8320
267
4661
3912
1873
525
9269
7499
6834
7679
5675
1030
3940
6637
9311
4335
1942
5079
6613
7681
2442
8918
6596
784
5378
9640
2548
2912
1628
5251
9181
2907
51
4590
2631
2626
3131
3313
163
8918
4141
4983
6554
6795
4697
8737
478
456
1919
3132
4027
8751
9679
7199
2849
2928
8026
3400
5089
4290
7659
1398
1118
6662
9010
4870
6842
9762
4281
584
4270
264
5091
4553
6960
1454
7120
5691
8576
630
9174
8026
5767
7242
5678
8959
6192
7417
318
59
8539
1829
6260
1795
9904
1761
9330
5764
8158
974
3500
5114
8091
2880
2105
5131
6242
9736
611
2570
6709
4793
876
2610
9975
22
7680
1523
9257
2503
7799
1767
6371
9612
9414
7174
8548
4896
1564
8370
4821
3860
3595
395
4968
1140
7876
9849
5140
1210
1006
9445
1234
3231
3478
7058
8211
47
9420
1359
7833
9836
9303
9899
6458
8637
420
6573
2576
465
2208
9172
6882
9698
305
9560
355
746
5570
6302
8879
167
3623
5053
4305
7616
8819
6484
3144
1986
7796
3957
8752
4982
6384
7894
8685
3358
5282
1521
4347
4293
364
8994
5673
5431
1458
2359
6083
8293
1140
6742
9993
1458
2686
6174
8988
2756
9178
2192
2097
3835
2386
3086
922
9386
5569
763
918
8534
3364
5388
3764
8542
5627
1749
83
7127
6754
4015
3113
3520
241
7056
2533
6130
3667
6029
6624
2107
5280
4731
3684
2228
4375
2533
5887
6010
3796
3973
7961
5502
2095
7226
5325
7736
6052
1141
6895
6925
1068
916
1823
902
1874
590
4783
2164
4668
1853
9526
8654
1169
251
3202
8062
3795
4715
6113
1978
4413
4712
7853
3282
7436
784
6919
9038
6863
9248
2491
1163
4419
2600
1659
3628
348
6090
1070
6892
4487
7812
8013
8638
7670
3996
4590
6281
1369
7345
125
1299
1834
7169
7642
6997
5093
4987
636
5687
6791
3505
2621
5585
901
6789
1840
8626
2115
1027
4702
3478
6080
3044
1586
5739
7257
8105
3583
1548
3388
5433
8259
5091
3546
2493
7986
337
8888
4120
5089
9326
5846
470
2543
2781
7086
7525
1330
6889
6922
7953
4296
3398
3162
2866
4355
931
6589
3748
686
2148
6372
7520
6363
8226
7448
9698
4428
1989
460
1854
2033
2049
6614
1643
2959
3205
5334
1017
346
9905
3345
9252
2399
601
5742
9920
1296
7134
9613
8644
3606
9337
8729
8704
3575
4100
9228
1651
9441
8324
7073
3760
5098
4877
1126
1095
2093
1955
18
2507
2669
7902
6812
7825
7958
4392
3421
846
5053
2698
511
1544
3460
6381
3840
9816
75
7565
6270
2473
7624
4724
5685
2916
900
1418
2122
8041
1801
3615
9276
8347
6876
9625
8328
8289
2151
2768
7734
1946
3642
6504
6603
4587
4482
1541
3300
6182
4918
3447
9878
7214
3532
4443
9981
1122
2847
9220
9537
749
2010
4438
3631
7452
2161
5979
8175
3613
7016
7112
4063
1819
3102
5996
1064
2370
828
5088
1862
9325
9204
787
6159
9518
845
320
3582
4940
4761
2034
6867
2235
3130
281
8111
182
3910
6657
8421
5423
7673
6925
4501
2294
78
2248
434
611
3311
9949
7366
6698
5802
8931
1296
3863
6586
8264
5156
5026
7115
650
8217
3876
6114
4168
7834
3879
5754
6792
8222
4468
8606
173
2372
9427
8359
6461
8952
3372
8561
2297
7928
5497
8541
1365
3836
3668
3897
3520
116
8360
7461
1081
4120
8605
4553
4213
8448
4860
9861
2363
7745
5475
2907
958
1099
3442
8957
5342
3819
4904
6299
1120
8682
9679
2443
8224
2562
1852
3169
1505
134
1445
1046
6284
881
3755
7584
7030
6883
3694
1906
6632
3329
1126
9965
6180
4698
5072
613
2487
3405
904
4431
1403
6677
8402
5099
9542
2783
4066
8371
886
6883
8593
9016
64
2888
133
1866
3243
8004
790
3908
9197
9020
130
6465
4307
2519
1119
9803
6938
6048
8655
2158
9332
5624
5682
6666
3491
3007
2290
4243
9830
9234
7489
5973
8147
1780
7449
7330
403
1770
2366
5081
1250
6585
1217
5736
4762
9735
9715
3899
478
572
4533
8180
1826
9722
9401
6831
3664
5762
4966
3768
8759
1839
8945
976
4752
2123
8088
4640
4644
6895
4751
9886
186
2797
1602
6123
6668
5896
5413
3903
6594
4583
7948
4910
5159
2147
7986
7216
6365
7201
9486
3477
3170
9677
6482
5977
6225
2007
6532
1136
2393
1447
9267
5855
4329
6034
1592
7716
2268
4514
6952
8922
4267
8060
9023
4295
26
6057
5322
8410
25
5265
9192
9126
2174
5911
1845
3062
327
9042
769
1800
9603
8534
6323
799
9302
6068
7753
2927
8057
9576
2442
1827
309
812
6149
8558
7067
8099
5448
7475
2867
1831
6865
9022
6166
6267
2790
2997
8034
2036
6680
2414
1225
8636
9468
8397
4273
4420
5544
4865
7461
1067
7681
6582
2136
2865
4016
1857
1685
1806
4747
9290
1682
8286
3501
9282
4406
1150
7708
8450
2601
8554
8863
8313
1124
4517
6771
3110
7186
467
4950
3720
2563
4122
5727
8203
7811
1091
9726
9235
1371
8166
8759
9559
9844
6722
3599
8215
61
4405
6960
96
5781
3451
5300
7898
953
9273
6776
6324
3568
8790
5633
7186
9717
3391
5365
1573
7677
1681
2315
6240
840
8095
322
2399
4291
6125
2019
4711
1893
2834
3469
8018
2108
9323
4448
8918
9774
8116
3259
9035
9776
3447
6573
6809
5204
8850
9253
255
4906
2738
7184
6047
7969
7630
4041
9834
2364
8681
9796
1586
9638
9653
3120
5922
7186
3633
6778
6408
9270
2832
7636
5428
8857
1806
3667
7648
4042
9552
8297
9947
1870
6865
1461
4742
5083
420
7629
4485
8159
9887
8538
3173
930
1546
5858
4969
1213
1
3501
8161
9905
9697
3484
4030
2553
5270
7696
1129
162
1170
2554
654
6077
5858
9197
7397
1105
384
3457
6710
8204
107
2255
6685
4796
3584
8985
6397
2084
5107
8412
7589
8087
2406
3795
3188
3719
4891
1281
8999
9137
247
4262
5399
4180
707
51
8724
9788
7212
1003
7064
5707
8772
1655
527
9599
1513
6872
4509
5113
1928
8619
3982
4804
5865
2655
9147
3361
96
7011
4663
654
4013
8324
9836
4150
969
7586
8773
1131
8618
9345
8052
7556
5038
4656
8247
5954
9612
4184
8500
7405
7986
1779
3749
7874
5255
1604
6089
8032
9601
2383
5648
3753
6632
4330
5315
4247
8944
2991
7847
3500
4281
9456
3648
5707
5354
9829
862
4532
8718
9313
4318
3484
5636
9961
200
3350
6016
6906
1869
8974
4414
3440
2405
4661
9154
8115
5722
9989
1615
1821
1714
5973
1328
3036
6285
9014
3695
4338
5359
4848
4405
7542
5299
3104
8447
1215
3355
3373
7770
6927
2510
3134
9295
5744
7476
3135
7200
8647
1849
4118
7185
783
1643
7520
2947
4272
7745
817
3081
3729
7364
5981
3388
5596
4022
8781
8102
3589
2189
6064
7417
7666
9718
7013
1423
6950
5630
4638
7635
3040
5834
2912
9579
8478
908
4846
8571
3668
4736
7866
2713
2878
9680
5244
6993
8259
5135
1793
8979
1508
1548
4117
5760
772
8670
4571
6707
1862
2693
6693
8745
8280
218
2138
7021
5907
4991
4394
9419
1340
5790
8016
4312
1555
1867
1864
3161
6843
5206
7354
9707
3697
4824
6058
5079
3249
7906
6598
436
9605
7481
3037
7446
729
8028
8850
4638
5731
3611
5792
452
845
5722
6333
2353
2228
6153
9927
1493
1183
8030
2834
1463
9477
2469
9699
2424
7397
6252
2930
5785
9859
1231
4469
1756
8202
9378
1259
5035
732
18
18
9258
4162
8857
3637
6317
6828
2362
1339
5232
7667
6948
6092
1160
1665
898
1208
6028
5455
4997
9388
573
9760
3078
6452
1433
5297
8913
7253
1081
4716
7406
9863
8478
2891
7628
6989
2954
5189
706
2957
3225
5700
4872
6300
7817
4478
27
9320
3754
458
8853
9042
5700
412
1415
9497
3421
8801
9064
4770
8944
9382
8017
262
9440
7686
1241
2376
4477
7779
532
8415
1333
9270
2374
2256
767
3998
5745
4927
4293
8585
2597
602
1718
1175
3900
4497
7671
4274
3128
4765
7173
2469
5486
9215
2510
6997
1557
454
4073
3837
579
3106
2481
8666
7321
6284
9708
6818
8741
3670
9960
1266
826
2846
5659
2847
651
4956
3879
8509
4593
5530
2503
1189
6301
506
455
3041
393
7507
909
2661
4317
2349
5915
2409
1462
6005
1656
7797
971
1205
3728
8236
2986
4922
2826
747
8815
4540
6093
2305
4919
143
8434
7049
7923
9562
1775
4354
3336
9770
1900
9036
6320
4276
6539
9979
1737
8552
2215
2476
5312
9429
8073
6551
3924
4705
5683
8112
9846
6164
8890
8186
7895
8418
6833
811
4558
5308
6930
2450
3807
519
4528
4554
7185
3806
594
9210
5830
2073
6087
2939
9448
6321
5307
5369
4181
2458
2067
9402
6551
9974
8917
8248
4645
7611
352
8701
5031
6354
3329
4040
5180
8701
774
3928
4001
1856
1204
8248
1146
718
2788
6996
7965
1938
7464
3201
3341
4856
8654
2474
1971
4377
3637
5717
8868
6230
464
4429
8384
4977
8500
9384
7699
9043
527
6849
8801
9524
8658
5297
2875
1955
6770
5400
2064
986
992
4045
3665
3925
2116
4838
2183
3211
7804
1426
6728
4123
8980
106
8288
6399
3156
6963
6493
9531
5106
4414
3405
4704
4462
7766
4017
8417
8413
4530
8045
4234
9069
9715
7588
6267
1044
8552
4380
8482
368
2606
8467
9904
6425
648
5570
8841
518
5010
1213
3309
5453
6141
1894
8693
4611
6501
7132
5774
7511
366
9602
6485
7376
3716
1029
3716
8564
1187
46
6386
9305
4653
2146
6798
4850
1553
4542
5255
7200
5840
1362
9931
8222
3971
9527
285
1866
9655
9870
6699
2874
327
8925
977
9858
5751
9204
6591
5798
7400
3473
8520
3338
3883
3585
6388
8379
2342
6395
5900
9283
3345
5268
503
469
7044
8671
7147
6572
9351
6501
5202
9426
615
5669
1323
1333
2370
9437
4849
7961
2732
6616
910506
563524
592386
815551
322685
744387
245992
47397
877345
280780
332032
934804
193492
483255
289684
999879
288134
391931
95980
863946
598488
926729
245123
802424
207934
788475
197569
754209
703141
945826
590813
252503
857370
929185
497499
810029
39519
149788
729217
270582
434343
203252
657363
93347
702332
194190
323385
223397
510438
423154
682794
482309
696752
124315
273489
638140
439984
134163
599577
788260
789262
590452
595351
102363
920504
485509
938314
173058
285859
665403
981553
787925
208793
652449
407073
103211
251976
40031
691571
901240
123720
330057
569486
917578
895963
734511
802692
746091
768522
753488
329747
294354
920424
619060
889954
551485
265654
736487
123534
273701
174030
238713
607155
779241
461319
400247
855718
101645
395374
279540
106349
361506
236323
845911
143370
883127
871518
207257
49589
845401
577574
514044
832787
165103
77449
427526
650560
646915
607441
456580
113886
550518
547073
513157
681808
289887
871354
491243
140362
254574
638229
231133
702595
849418
421665
824675
955923
226915
949128
207599
291669
206810
365684
690371
484295
55508
13531
734066
695448
721266
447363
587130
651769
297093
840147
612624
631455
205740
391952
278939
767583
567227
316969
470779
318739
438098
2473
146459
818599
412601
103437
395778
212429
555120
496652
781956
943263
161149
122235
724877
483388
666906
96769
253285
297923
538358
616181
501213
666616
878989
430860
118481
689920
441974
818568
55118
281063
115905
369439
538802
84371
820792
962465
780015
803784
457572
515384
380606
854494
957130
2617
814873
769149
566399
139231
100484
288357
970043
386013
354931
248406
277539
264123
681243
640278
692966
855522
611636
116126
527010
117192
478412
979198
925757
626615
469563
245368
224776
74998
280056
81192
35209
773880
37959
581737
458126
739454
981395
114944
146314
842021
957025
513288
366853
215870
667075
146694
130832
900438
791314
156443
332205
549324
120751
21852
996422
731231
228308
720214
843916
957063
48842
230645
758329
615093
954118
955878
53357
126476
811396
2235
187778
920099
133009
873524
730078
686370
820246
959846
593060
959906
191638
263869
313811
439800
402969
88347
549507
254894
340954
938573
811527
612092
637737
669676
619659
282169
325468
946445
97050
444959
444960
962502
756583
666418
395183
275510
283775
228622
785058
25382
647615
487676
561093
479479
709788
543419
8980
886521
335849
656176
331556
959928
289046
320461
66491
762709
479155
591740
283814
968139
158192
408536
740664
243404
902762
592165
137960
225016
870760
985167
411129
554490
184585
999954
412859
844859
865124
226860
195167
42762
721817
592077
941666
867940
898896
239
547518
195288
442898
593405
321851
626464
363925
627471
675221
931307
159427
254974
380678
427404
379488
670397
270709
157710
774651
349875
488577
485327
100846
320096
447072
333052
335890
678767
424252
374264
541491
857265
926643
698695
73254
683160
789860
380332
675552
252536
422466
796261
668980
545130
311476
403106
758725
602936
441480
337120
756286
229229
334410
261059
730414
763643
521938
518012
536681
149112
702772
790397
897590
793356
160974
346754
95496
89295
314860
23611
681166
274109
615776
359354
427586
462909
985153
799333
229032
680463
237505
72948
504308
537798
960137
631865
798067
464972
150418
983659
927977
770970
960075
581454
489940
853863
689070
999404
975882
961667
832619
477223
546332
571021
716003
887902
117280
464013
255988
661227
259048
405618
622164
487201
3624
358163
173879
311418
57657
319958
678573
864558
320503
976314
647147
435155
663927
738748
37759
717567
339663
52798
751682
2555
14473
156939
187241
144242
249379
407126
392403
751207
122142
272014
489493
722338
360973
19300
883722
404812
220724
450313
744213
8407
387594
880637
26135
130594
65831
368452
778149
686747
300415
693087
748633
75875
478095
846599
113937
854168
755361
274823
438886
956073
300797
686508
526169
158382
562395
891266
619926
214201
910306
114763
138721
173221
545311
206788
212135
722036
746687
937291
868808
716900
276778
53076
678682
712790
707656
640494
963066
350530
522763
561383
816366
985765
607161
690897
897516
244520
902626
990946
30842
73889
688365
154716
391035
727626
682463
873602
831838
681787
81080
464652
442271
481193
445325
814913
646080
889080
201837
199154
11619
974989
749597
17708
56768
852599
406344
971350
109830
386054
629141
937545
400870
955006
492796
141345
937293
42923
608460
832585
665679
63416
232477
530942
142492
488432
821554
7701
593251
884185
131259
187615
701703
868741
648802
169638
961707
328682
849380
753409
596945
99190
793156
928248
622967
883860
220550
19418
76728
288809
929262
232820
843327
69593
702398
326839
451519
776958
129380
383242
19835
321822
769151
607496
170461
419097
83627
335514
10477
368793
265753
296254
95207
156242
433184
947613
832258
387473
665709
916904
994682
742163
323155
953620
309304
354147
775161
843321
105244
485317
81965
813916
684851
520620
284327
752013
190733
628788
493056
155612
339484
157151
543662
847498
125657
340221
465660
721033
622254
951277
922104
671881
773087
328374
519831
682546
386366
524076
742617
632580
424586
669863
290693
652603
698307
965820
918641
252266
447707
870687
75390
846267
179421
760568
891898
721570
54660
220030
693337
634403
471676
528286
308366
139657
823251
828562
782183
544984
869952
763186
392439
178792
228223
628139
890374
26401
140570
293532
771960
733195
997386
664387
62479
706075
675458
471260
122431
989465
937973
870645
720652
673942
400131
55205
939652
236665
204328
877410
16959
634091
320785
141659
498136
588646
886535
161
680531
622530
855242
144407
580415
618103
984316
957982
727267
140948
186308
878286
760026
62774
524834
872999
679908
813735
331053
241267
239709
191004
91638
203477
279918
331948
407480
783779
911910
543288
44522
321178
477673
387777
700062
455376
274
533919
108952
564389
891971
827762
46145
516279
831209
877067
684987
712939
919995
81428
571784
56036
578940
558285
383876
633560
300620
325759
408518
909341
728691
232922
876687
877046
704197
376043
652852
640781
460166
989516
107454
871683
963437
246881
74797
741329
681270
652688
242847
954754
382005
728490
149470
840835
936935
737482
738795
895666
114677
767354
960434
265577
483584
147273
661531
966823
403085
370132
900610
832289
833066
977545
458181
467373
555083
883314
788057
283456
264568
49316
391116
925911
279487
995313
270351
437631
704108
316460
908242
966384
680336
711555
207546
358717
241585
978976
376494
894000
999303
317217
787144
197471
531589
514953
227333
538545
951567
697503
627863
297034
343078
828737
365579
971153
189979
20427
945498
951967
59368
647173
334983
807147
188702
12777
396568
778408
17359
611691
55397
427567
388929
674889
59318
553624
851281
104471
708401
290658
440984
97868
468392
137999
418779
316370
82870
562273
925863
123320
720901
876182
867182
143724
736565
55814
131711
924530
147394
925804
749558
257014
633011
908609
990400
26575
838425
943521
542879
457510
16551
129706
466678
707227
46449
608322
860446
926861
942612
769840
141760
708098
462626
682842
349785
192373
416104
52309
577685
20190
673999
10349
625612
313768
443470
450935
646514
767433
998909
908239
517106
217047
795606
683076
248876
172143
876293
320458
234105
289553
748956
168955
613516
356273
134445
754937
916464
18504
610007
212377
579671
82237
548163
100764
687551
586340
562489
539604
460715
956813
92075
344773
357499
310664
875749
963924
790221
122370
22497
70889
189640
955325
962064
951944
853596
399008
30785
550494
398854
99558
993224
349289
667605
484529
249668
40347
515759
639544
735080
924315
155368
818705
600828
596786
556330
111086
592654
924951
547520
176500
690671
222770
917650
931644
706723
244461
398148
808632
814068
656500
772339
653385
472382
775875
84296
938071
9497
800169
852666
5349
44665
885221
939976
563202
430850
760785
901800
150963
33537
821437
161246
273215
981124
99820
371604
932877
558995
625990
644345
222981
175858
645111
558765
543089
881075
37452
519228
412963
202958
55281
626069
711987
295408
604938
309913
426102
812770
549383
415597
354036
539520
5122
30730
280457
178080
369509
300673
923987
854924
161057
925447
86217
684942
787237
890195
672840
208021
356591
372585
744054
893482
715179
412563
721554
915014
64080
752493
972620
824607
832903
481021
708691
602181
496473
965924
865685
956937
799447
399912
556023
935207
981977
626953
432901
279917
978691
387092
737031
804144
179648
458251
129051
743090
648032
55714
361773
803079
310175
269401
533262
363591
620105
963073
593922
833208
686956
8570
682815
461964
465509
833732
51028
423109
427549
479183
513467
622627
118967
661440
402852
537392
419871
328047
464285
985755
586739
746597
358450
966847
598652
631282
238476
733024
330142
62746
313555
784815
954978
23084
721351
397048
856559
346654
611491
335918
369544
15064
852368
684493
116585
380098
816301
269799
709145
673457
893498
719664
472778
514493
478665
221988
491053
314223
271950
169443
633682
947867
78273
208096
984728
615397
982475
307487
758380
56157
11443
794467
192149
848158
80167
723041
677592
465238
428621
999335
225989
661088
338890
177740
153919
492516
864667
249585
261170
297881
212378
498540
808537
832389
999793
21049
164616
411748
243210
982148
267321
257710
319635
133268
942791
876638
486392
921561
86367
978768
851147
847348
11111
913072
519092
639527
268076
702719
993923
424535
264696
570106
723285
143262
221023
533211
610415
158409
700183
431297
757691
101215
117879
330530
725112
218168
201112
666288
219412
920769
102984
96637
186975
318155
511056
684348
854742
171217
294159
332474
43056
387628
972518
775474
214489
977896
477177
814125
124066
531884
145042
217099
301101
248902
559462
986882
360528
691759
221016
556131
355364
908825
82790
121198
561196
320573
565695
146304
776822
537092
669736
527220
684333
911189
729899
576685
232425
657513
706946
315677
483925
914122
802265
999016
198145
620035
314163
270201
941765
529666
42284
464749
873406
985145
886528
846066
224226
797971
7239
830576
298486
482602
1523
7384
10390
996835
820228
653391
11172
165215
970048
724747
166621
926701
803299
802153
640850
418446
652634
847324
510855
915972
912796
282554
863666
776089
615054
81811
42183
21413
737974
394249
562135
548953
880567
318895
694327
341130
794574
996967
126547
171698
235914
41460
691552
205275
740541
326859
677942
965866
75756
718292
845603
133806
609578
880798
770072
463734
120009
158247
402802
535039
465791
136547
18007
91215
872893
230540
74379
693456
617601
2610
341809
887654
393307
458699
665085
32075
985779
83534
407737
953412
363787
945676
835353
733528
609557
337575
364571
689710
423722
176708
253023
173044
777128
865356
616108
202224
861699
240643
711909
912031
521458
985207
233719
829037
736294
669063
504438
6175
81219
330739
68658
590975
902134
319260
107132
505887
199328
791586
920130
890413
456815
193002
711968
895140
816148
595221
556508
972971
151473
658151
981451
373087
959294
216450
292683
97411
773378
68494
806869
899338
546613
606302
578615
914994
483979
910186
243627
730567
821931
33143
778625
877783
195310
561172
109390
725732
699724
300595
391996
517153
958115
753875
697146
385406
325530
206481
899232
808024
337717
587418
6928
665780
408409
229584
781177
928814
670525
769380
393530
593534
470535
186945
742562
376402
57552
168069
702578
868787
453900
425615
55032
40702
25359
598921
453908
426987
118604
657593
199828
761329
453589
243203
456277
122830
611349
710538
895796
283623
631794
256368
546348
933764
949130
961564
606877
554966
424238
753353
596609
953726
890381
563355
919156
709581
410380
888694
626495
766576
742163
427469
885938
165972
539191
320042
378819
749843
712168
125448
41974
529336
266491
894734
627610
677418
540295
638511
554910
180249
312840
576910
676618
690147
122760
961346
804105
568496
270332
936053
703881
762619
762055
165725
97659
267109
180613
226737
352245
162943
625914
257229
463494
151621
948969
175637
349860
616349
121425
267450
27959
162480
390658
896599
267123
997946
618569
226533
394848
115538
388949
144068
259279
460629
600747
849956
404326
453140
580416
680979
868509
947319
40214
19814
354951
919124
403634
160562
143678
442484
790911
674176
916019
953165
516053
241861
307861
78050
373933
929238
393677
636715
872015
466106
834316
727071
967537
241031
783408
804368
962840
856517
27400
414479
412907
285775
671012
476539
643889
81538
792010
80759
32498
665317
28075
940487
154284
555697
852492
308455
394401
94763
126597
495842
585061
276559
710904
891651
832894
249830
586919
797848
225889
204696
668728
332698
362313
508097
813988
990119
458647
605025
597497
808074
796489
91628
532883
844292
199865
995240
51308
26747
225212
767410
987345
454658
368933
757739
714326
591912
483702
97867
851114
157062
421160
890961
721778
872821
305148
713873
72504
179490
225777
674723
857159
722504
260783
217116
129068
233604
184814
225761
7224
721619
176217
861842
136240
838222
941860
406448
652815
160042
820091
35767
305308
413366
303261
846587
364637
801956
812887
514727
691502
516611
607193
463140
904383
663812
154694
611670
874650
635987
959364
521443
434749
925887
665404
447242
509623
101865
909064
335082
390714
997038
173274
982521
938545
810123
600972
402346
588906
495919
718036
571962
461600
700150
65887
761347
753974
382558
245986
325558
671623
43607
759988
827260
218735
69017
305158
740561
433306
319541
876400
114499
450419
559585
954477
573437
72152
605524
230120
285375
819060
853348
203436
225764
117707
607658
657881
53582
897997
412277
953308
535783
743643
837309
667420
12335
199623
349595
513801
753084
441880
236349
218139
796472
416997
763036
728444
232872
818359
725861
777894
834675
710543
7866
944602
114460
888701
13713
906215
469772
616599
167028
315526
562163
471080
609126
171333
683114
92368
676500
162364
746684
415283
396198
471072
261279
468037
388084
601310
356511
765343
413046
379915
30898
497719
877598
289574
863145
670588
779748
470093
654860
511459
15985
254164
759279
134441
487790
177269
151775

