43
1
15 1
2
0 30
5 25
2
0 1
1 29
2
20 2
25 2
30
0 1
1 1
2 1
3 1
4 1
5 1
6 1
7 1
8 1
9 1
10 1
11 1
12 1
13 1
14 1
15 1
16 1
17 1
18 1
19 1
20 1
21 1
22 1
23 1
24 1
25 1
26 1
27 1
28 1
29 1
30
21 1
22 1
23 1
24 1
25 1
26 1
27 1
28 1
0 1
1 1
2 1
10 1
11 1
12 1
13 1
14 1
3 1
4 1
16 1
17 1
18 1
5 1
6 1
7 1
8 1
9 1
15 1
19 1
20 1
29 1
2
0 5
1 29
5
0 1
1 5
2 3
4 22
15 3
6
0 2
1 8
10 2
11 8
20 2
21 8
6
0 2
1 29
10 2
11 8
20 2
21 8
1
0 30
2
25 1
5 20
4
29 1
10 1
20 5
1 1
1
0 1
1
1 1
1
2 1
1
3 1
1
4 1
1
5 1
1
6 1
1
7 1
1
8 1
1
9 1
1
10 1
1
11 1
1
12 1
1
13 1
1
14 1
1
15 1
1
16 1
1
17 1
1
18 1
1
19 1
1
20 1
1
21 1
1
22 1
1
23 1
1
24 1
1
25 1
1
26 1
1
27 1
1
28 1
1
29 1
