31
725255012 558426684 395072962 825875990 849639014 90878438789589420
516931072 530287911 974736769 738040911 990572609 466506125299847047
388345139 133791956 356503179 225383020 261289062 319315062694319078
935955113 486384610 899164798 571414312 73174522 32003579756219793
6805937 528916941 120910717 782796089 951940402 588607176080714744
767442001 114771305 15116822 775240655 655792673 989217946217415244
61412633 415708440 440006752 319580900 959480861 380685594154818722
337937493 956198380 315729375 747641590 158389219 205877010748935874
306331787 799432307 804162393 759067914 712362640 903173403439521088
691237811 766628709 979826787 456672322 810470182 979468775464382695
630429670 586958594 189880848 832535069 129125005 293766643245872266
321675094 567704103 481741772 692311347 926002221 808446673090697180
963431222 179094965 770986712 489723035 140494302 934576061046139701
149282928 809453105 103679729 289896861 802980647 424640774059970223
540135764 869329850 772697535 390719605 907675390 857307183322431905
650041346 522008098 163567759 845699000 567836351 637406214244521593
488802647 901669539 783465700 812395707 736559864 218331899417691181
400373590 596375213 384595162 210947891 694998435 120374644007936267
569814824 348352376 859336646 714315226 940778305 431366346015218214
510378965 709124087 406732768 54301312 196244314 999654589132804284
703685861 278293179 446224064 688927652 506427971 959268603141375135
544182277 764510886 635799546 468759978 69842954 888595391847849647
797235666 559278113 191574775 583738723 320643444 784383887253376039
338101818 597003105 20038736 657426204 6840321 966032487238279649
861568448 747594616 400559509 164624932 388865801 839483782190562560
992038418 839829955 785469664 716298532 750960302 113976083875665439
35683051 961432175 635513397 977364861 547144106 81558520198072773
474183490 164905556 979322007 198775128 462150677 398231916878996424
462573443 105436753 754139254 904402275 625178888 954651127163762952
94977480 833525445 613162930 679247064 986901239 517287841136275353
197669592 252569578 468468382 538213323 94228051 614309806352159934
