42
517271027 840045294 247457481 962621456 756564212 900435957420492378
887604513 199756254 411290859 430635313 702315133 883850440807991535
857963144 286010956 458646333 617403819 366834048 106233392125890194
287047069 706269882 561824088 322366344 535703570 697096699899229650
950715158 910926020 15722362 763496135 858158587 496050318484290302
782611872 52628693 732438474 293387865 740891727 214915044178126800
359074018 659026609 984172484 425065361 350398415 301959634010647132
526886249 430547563 184791881 756024092 509365943 534689236619315056
88503183 388539892 635037206 483869386 107610991 890897402229061350
260371261 821400096 137195388 815982621 110262797 19969317708477011
375508230 143172707 666765798 977562296 800214972 608650574199506101
78228670 238103436 897848363 149928935 530404484 920140982385894427
498045445 383710614 22353825 684688702 878834056 60642575383256705
533946006 671972148 302858133 862624457 523799436 416831140906980809
49798375 597042873 538087504 703396299 432876091 335153177148206246
281516055 322425715 471459130 233807878 114499837 22194110785227542
357968940 852304909 385218848 17649495 712427829 556143866469731081
482459175 387209095 328673986 580779601 499127455 181516740430694230
89173734 116275509 37057012 657732475 741159206 576777928091336308
226322755 719827076 139492896 85706993 845745912 952946453987833361
579186059 932914144 458109979 320429419 441202936 716484899743692815
757027599 320840820 331224319 945680721 31343226 652445056349531483
295559023 225797924 796423556 548894991 402130060 528919968730995455
15177846 839509336 316399456 504989347 341125324 428468553628968809
817573065 653969877 359704743 60490756 661577983 942806314293712575
134127620 927845239 209756706 70460605 1693222 483841013465593411
182824387 979654880 354965531 82140705 498335228 946836022134872204
971586040 449478443 769767030 902897393 478910856 362280670012394213
771484469 346776265 37173317 92765472 335590189 543028397602337647
365732319 996289853 233717983 797245811 297393127 208732931941599551
863314393 392387281 517324879 737808046 367672125 607829249524802202
767420022 561643524 417325954 497182724 959401189 123621058214798801
919024680 499010730 374002973 387880081 239007296 668175181971220515
131544324 339214637 755219266 591386014 200458064 556551169333278101
205804105 212752852 143248136 738817676 774158407 691850142745320327
420739511 527734292 326192467 17675114 832945669 570317479144208924
887909693 102439437 618284893 741474861 391589601 59679248836201135
709067091 605707496 336364458 150034933 940006320 29312897507825901
936296705 313190678 159696575 210550840 901870194 643587027710390110
45324900 487513814 674725435 825001370 336809184 482370479967178859
380059623 459505415 212964067 10207969 389063669 522817084433793673
692782805 435761559 551997232 827162565 82796498 457475075715612770
