80
440596 715306959 863731930 675204619 303880310 815134541542166058
453791433 964618327 63019934 346130493 872054659 395728056791767555
15993848 435584551 918998351 138620217 686981779 535215348421911663
203425339 731938420 382131059 679011926 429283354 386984449472782285
642529583 894515134 30250741 797579592 316445842 498381688361572901
543269933 515911247 803464794 640388224 896750546 838963929709323165
232976604 536284165 26373268 706739870 888134228 85650276830303692
193666280 196757027 804404511 794845358 113849705 201268312384830615
79901986 902752615 55586823 894487118 36069575 823251130066061797
622117750 413835609 85245958 494016763 319254450 464859883486728787
828570948 289406532 447923877 994627818 471333320 862230171729553282
147154309 470439922 816298988 281690933 486270174 509126970953343538
851439977 741532355 818607702 987878345 271487494 504318600858726418
16846662 525808940 22202419 702804810 535028094 56139733383975571
614195082 438207419 276477202 101035526 546443597 638348355997720906
974094670 921004718 765341839 518145194 928556964 918741564813646316
711920411 21020839 976608579 819949167 446155987 328376973606128768
275429683 101544832 499464760 789505228 79310430 21895684000634170
249537963 790173102 241803774 662364975 617865082 684696081710504011
765426381 33288031 101557742 829014140 430694667 86257796755416162
268890265 790854603 707925303 493388376 507393383 750102217725826886
273270515 628461570 914934963 739291468 490400597 662237142525829834
119948662 154016061 805023357 75927564 438918265 349209133355828006
988328832 125180037 548236199 849845827 274622304 635079952607495301
402503172 34857116 132252559 201032988 115191151 341699587419053415
287454374 128282659 471148802 433402976 661040558 558860851560110368
715685937 619061809 48656718 609269421 974492011 726144334617646846
762618544 170584239 872991514 436402364 876029762 827741928869977894
987214218 431719329 301895667 531695061 35714450 956936164354288208
692095209 600587211 80653977 787659963 653159259 207289968978917831
233272689 513063433 387510393 991042029 600780042 171391309677878943
512881035 453438045 272167676 479935867 311031027 824257005719127927
169624729 246442025 938151099 777888505 809446592 98180069094367867
328555334 249682614 654200400 346272860 230646301 285566080496538478
949405311 523870636 276174860 964250245 9071137 901052159142014178
138697009 325952264 56059951 655598256 991773304 850875254464706428
113850905 880715764 786585389 14484271 496374227 303221736891372681
96548036 728221390 691322118 700376183 378858615 66200251294243207
579848638 201861107 511026276 463868743 206534117 220572135745965976
570553557 733179327 902166826 341283356 292506845 833648729982154597
557265142 373527281 896491605 829987076 317805133 371160826870253139
752140485 200067779 921059330 68982167 739697814 714308912898393054
786246520 903163545 462900569 488969644 284079308 332505522514745314
368665205 433110920 127699503 160759606 727963621 458139308367261221
630769248 750130756 802928903 687327772 575753453 193115740511322939
752164798 599074951 595484686 373140974 803242169 309055430182619450
976876799 797822964 496390352 92246168 138909631 165399285446034547
521017413 113790549 910012512 804841665 806546482 917563959667435632
931700396 805684464 153238069 270366231 507051388 559442881068819247
247759106 585113618 827127644 796459058 346351349 985245419980945387
194234553 160829978 679407959 224252817 791211839 143410112190258957
802276353 496280301 723309567 329030605 813104052 568927453404373675
435945733 244901518 817253143 204415788 558270983 769636981959251627
195408911 575096672 331880853 137103548 186956424 107108805247766733
421950899 807390319 252542720 80358786 325055630 98547726961285003
771063772 57609879 550373731 342663240 571954902 529483471120038237
341327749 106057475 570703499 843984549 304293491 287814397732370742
197365805 606663587 351480371 144496314 143034216 49058307585834178
529836599 68983657 337993351 248047049 363220941 659510469455498163
238037846 516538942 987264414 486863536 139561130 932165641540985240
331833957 969728094 839705383 161853122 682837813 845052010289246348
771387404 853763318 468101481 861103602 675136595 984853310262536063
678914048 957534295 670875280 646514874 99380920 562051387444116466
565961051 163961230 791566819 505913557 296262768 720026832520637006
19946721 942157396 632189710 351552324 819434865 508668674414701118
97022126 888612246 153011555 599986017 945814257 266309411398997995
863890024 575680700 694911036 409153561 894280631 990668824634482882
134977886 793256518 676714462 345190982 514848152 890947972302575847
879683439 679064188 376148351 987415254 996461340 10757516097356344
358812014 637045759 578408260 110035003 260711219 333879449411724619
572934675 270523614 665029238 627102533 342017901 951142354443213970
161797423 205454334 669030722 479155540 231722077 41768083141122338
363239986 962123411 918070911 98644321 547346420 674861865258955720
942379215 213476662 998412148 309915047 880271249 145228006291104968
150484142 824599668 125564942 280670343 889452111 51249229315386612
910823370 379478098 742905813 932104908 544121539 6306689160114089
228626052 611739880 655554958 741362734 389268996 299529609089393354
970129667 23776727 445931350 139881490 424091451 171914135167711840
504360652 552585490 71641749 366445971 646432290 973726847717286472
267958102 605001968 924901963 412377141 811766181 494575595047627786
