93
849731895 380744373 377247412 274617585 28799400 166054184211290032
243592600 938521894 526343646 736188766 61222551 17108123078245153
573191101 715440782 767267656 912201785 958387932 859321544556038430
974829633 429487913 631722529 187780559 128197233 703417668824974932
359372748 350994541 949851168 207555964 32721214 960736412528740326
579731069 500352547 915752612 495540448 279314116 282291586862149056
7331621 446981595 918098752 441113617 566011711 918803447709535399
916663711 407579635 111582683 183355559 239683616 270160365957252998
427774946 34477348 47474983 283771159 537326436 788862334153448756
9229504 374380291 502031585 251913869 245256164 557653785609371963
22430928 158073591 772724550 386134880 974588224 27644779680153040
861591440 433482718 893310319 47621012 958098892 559039514841238655
215403560 859678580 687939236 553893963 513532749 591488468852818109
870750814 249248218 904033151 119041932 287767605 100661465707065174
85920476 499389871 251966940 742325313 216906926 482606618285527051
458823187 988469011 729467417 863029000 665718640 701994967422096806
192422015 254677789 46699455 590667408 497649353 594008042633571683
897112943 908796702 687110619 494117805 573954339 185032975787147685
129189993 248863753 922349559 596996141 796844737 77487571032474139
138885304 310791867 599302258 241489902 603663727 60681320498159436
580363028 568745326 380619309 912298996 773725818 371696668732186034
537750000 14503413 724986343 570136537 869588132 859062039904600256
956482514 569035788 819820828 348935029 12360813 184118093314444185
652785462 498154680 834305352 31120069 520946959 811867758456545941
690967643 246701421 496418126 172977316 588971678 374473553577013172
411434055 815048355 373238323 534207600 603200443 994112000619171246
556418365 406127214 396055669 106222735 993303801 186338208582750706
320842676 545463901 314215112 266157784 702341443 437621846688859862
427346783 700917057 455096093 92152225 759447030 222363190665619337
606158068 840120959 875970383 675924576 544413172 359572278588020380
390088394 243581124 783776433 39267666 35140775 314392705517387482
602593879 199387783 729536666 799727096 488842995 346982170368702800
573358748 179302022 48610258 693765862 372874379 222657269145430784
433308954 365196209 550866175 717890124 383049017 363157496008395371
420627442 355316337 601931444 396199077 365997542 157568163993347639
548864452 38795513 526703153 392656175 695251021 254124286373063974
352342989 428717286 20583832 749014186 43797362 154471658877836013
14545943 92202755 171701696 390699006 47830116 398168254707017097
619272187 569637985 874141176 60165851 853598283 62010000874671614
209900042 8774216 77447707 355714684 433575145 946610782639062484
266313558 354461298 536292471 639919264 854999433 360144625373985139
2732004 96361766 474286254 404214613 56036161 699567438167241186
345054521 157831834 278821514 234302091 792550295 659096535494727305
993921946 777529242 82649211 643063543 97592584 905540252205631586
468885761 685026025 638573554 671554649 522339084 586461120264573297
100950563 533296547 642645842 597533158 435182042 465051683376912602
794557164 311173591 181868689 432788636 59798050 449106558342399564
819128126 496536336 617927086 371513964 288305542 274203683981893707
574523793 710186075 500987358 21993968 508256925 450275211647445152
438785249 672479570 174803709 575543734 196623475 571409473156304948
910305884 296746924 29075608 834533099 249431108 971262909749768350
586918780 191449352 411645563 704467929 529079977 207101981905020957
442384480 124678386 465148816 570774643 989054585 606007296769378477
815934745 393435727 164441815 145142353 115483351 776192896508017177
49365063 817087938 942631392 333779314 917115222 45805663668031859
281133774 930501620 405350588 960357047 821348259 172987042666244630
403940475 289021285 301835596 52992916 94890723 733088997798907264
776442837 472055691 555721676 79770403 40819905 722099349700652892
459593692 699609615 85383009 541874967 501162072 265795472098650057
373371672 955636919 121758380 799828626 321375192 634779067441077858
514217623 108190738 299461847 442607623 908050588 413462339749449055
33032719 800152165 749939247 37149016 959091500 474972350294894958
231765407 611197280 684635003 104882097 374198509 4033768968930164
975961840 954449548 785362259 652014402 710717679 150165146650049477
202413125 841935559 538836927 86679664 121327213 276138858536910147
806269453 835626191 632831192 940040121 774839898 558424729007386696
535887812 311066700 570543979 189195058 573434922 192646682153987035
235504426 441961010 477896596 151217304 974616218 859534179777925136
426913102 486083288 690840556 114589002 419755492 441412035519294067
138876026 870981306 968413195 910748577 896180569 92624120249468095
938261726 860381201 778894265 71740566 483467840 189437207047860408
20339210 433938576 454968939 906860515 358954924 638303592409529646
686327991 634175225 627339583 221221703 16165782 128497080432759500
76123260 517526131 549649942 448686018 48948056 356699961936256103
50604623 138489381 691611240 364589304 503554470 982152444708144232
945464363 240118573 796929062 980114841 741490417 883223652522345395
431922365 775781362 792749582 564640582 7204609 858490342244371571
143384629 133227617 351090728 511216632 831868627 88433231205517552
754634526 254725884 824575301 372833515 436103606 583541816184846131
438118149 745473063 765976702 514490482 303802687 819796395380696953
607416022 702283841 685799063 25144411 832015201 650471838262522249
709553421 292615746 138179053 720244734 958633939 420150505366071660
61036980 729514024 639031086 140935492 919206637 595071715285141703
447248021 908637139 467545514 866746042 494039024 108900861952632690
983892452 636376542 77213991 193699148 995899077 198676330488697261
995145814 30169331 120518758 802766992 406188514 758286295436801755
455616747 286753259 696548258 588509820 605513107 177949926905916234
715566183 479692648 411814233 476002736 931349498 864419417335159464
486991501 60243734 382921105 955497103 412202195 718807487243075688
913936194 289889686 287765935 361664320 358796562 354315286115552321
348432226 696277521 659814625 267325024 468120046 545026413108067167
992953994 185895574 241570667 348539324 660400246 378454025350278864
858727200 294087615 206478409 685446854 945660097 492458668355644326
