69
793649920 889958635 802232096 339363553 99871465 296657544720998439
746618870 176992891 619117377 748378554 857391590 711046587198084564
788286990 714036439 369146178 716379978 530351112 994535981209060352
728863805 264037980 623680869 197770315 768860506 125509060173302758
603316933 61265876 237311978 864394606 95153229 44033993016633452
223107113 388019951 879167475 642700716 351171635 70171764014367409
837490524 339290815 24268241 133137550 224353520 46552894858040854
126862704 524124059 523999401 806325716 791996486 427638828503959868
993344986 457405201 78391414 600346783 44676258 485414463467400667
894398315 812366289 881408951 49365295 914400889 823104063232462357
584410665 734488608 997031813 549735836 755076087 762564545308921750
752259622 617419782 188526196 414411119 962414258 201510050978488190
138904160 666208667 726795737 157026736 806733462 872325797121656495
508989424 92030126 549693677 414516986 172644476 888701603414414280
330485394 971070376 456285863 851130283 814045625 221625007674771278
515720939 557401179 438632366 730855458 562241018 349415777961748729
879154200 687319419 680636474 435317294 324368250 772961283200045821
526517552 994342808 174301280 369084083 101329066 935299136079449188
887763759 410210888 875201349 897981425 869057466 988050147453706947
134619105 574653155 875256590 468267342 766345442 903299496898541801
314425251 938358568 991019514 337816322 837229002 450964801039289126
14633129 810018625 847352675 905072028 987959140 861647212616344741
755208789 798543101 966693547 305978685 397661855 415187503521562126
372541305 102336866 315741606 59999110 34278609 148711188687619700
187590971 352887359 78074846 251060762 817300648 44017674502383144
881390201 908972041 336866891 664935725 370034597 348640487539639143
732182782 157478256 236582122 569848881 554709016 968436163722760320
36852159 572207726 155922754 801055172 685127479 58738619175091351
219975515 310316164 19643120 480332607 32655694 275530994136286267
736126188 668795168 554168103 902592138 841144717 759360287213489936
338982600 793799143 913515142 66162219 794149765 611930922907147425
934314054 737324761 927108543 726937915 9807259 743659867050285292
583040301 895326571 82416139 503337839 915960224 962435583691788513
410355356 998318112 920946017 951967393 580790266 997788706038686278
295086919 436292551 696170875 165607537 860345302 431300383610535178
928614920 775780965 134334845 116683974 891567663 969594514935742704
709394207 948659000 456518621 75540939 489509454 522206205815561565
375302558 786036626 618108634 354587354 543000395 75709031832467497
255318674 552923411 525989763 544879708 897072735 572838699194027488
799001377 397202900 398140852 155308777 304783475 434947360697272736
906337649 241127386 190696942 182648925 76160304 577910035989764259
377447852 337397294 742721095 67939150 174759822 381322809911662427
309616354 280055099 565541198 326113212 900802556 293242063561143376
133776287 411361790 370114241 108089147 521181325 885997790340040140
960856858 378556552 666024496 314752478 158838610 613568505460244847
466100695 696472305 42624806 654092058 131161593 570777806870288089
977972254 228661775 864997958 405601706 782207273 552163933172617104
269487746 754904561 909556661 260104071 205603457 809642550251429947
185347661 28847080 147121123 717276906 953440155 742836617451891062
606971984 996439430 18271823 75764772 27543065 222584106166282482
672729205 426749192 982014831 111647479 446150045 948231190961875625
375699147 406218773 426614429 651282706 356753064 333084271045739788
952141379 882409738 142148962 218197222 481956668 238589993331779523
586244317 877679412 162842390 477693016 471902693 144971739945152547
211378838 693254460 734158252 746945145 166714449 870117566829705631
425555735 742712551 554943257 561220847 130096544 344303907370632945
481844281 849596145 576496414 712565149 3254636 232419866919523129
853176128 886272214 806354369 92614122 889118598 119126579274504430
781190537 867580431 167333609 927453911 631318466 452077606784306811
500985506 629987188 774700189 493625822 331677179 912519397830846926
470990234 311413873 563353643 405206753 489654387 131796039634064281
653620828 936403990 711193600 35590416 650146501 855889915981914732
379483688 788830286 37730352 603960491 90920853 997511644467950910
57050171 415252169 232377862 727740483 708408009 314988068075623223
110940017 929925526 236208688 679636398 30850776 63642442129057516
432870023 575811226 905107126 725989334 726343337 411644010854373973
899334466 248191014 967813501 380016413 883369780 544741432988814889
960296302 955833274 928151083 788783611 958904276 655783475800003165
307445108 672037282 195641947 627386081 154861551 796560820447828439
