24
817829251 760395544 280789054 115192602 563225656 797595505645958853
846240611 609978221 838574609 455080044 416837631 42750749557296154
708435079 622367271 298307561 40701748 829028386 438270150090082354
685823640 500601965 623663900 503498070 879934138 940347898096654633
257523514 158160510 962696705 639488642 945019283 540385312630062664
877806160 694012146 214782147 621581791 519867054 131215802933575490
376934657 584301305 101090942 392843106 314153240 399510963492759355
257616153 432960453 14702591 521293599 493692796 818039464661576395
900001979 719851447 272308676 724778189 270445998 772229887420280249
713299499 726859872 355359069 698683961 552101990 615453229451475641
333064115 56127383 40779324 455001433 861372853 714030585762529355
702663068 895697193 292781231 267575907 527884319 308232799867998581
855817793 475115000 759329596 368542442 616502493 37454084655823060
195859582 149153124 604160507 971289101 18930930 68072224203141975
218425569 15654062 164040504 64928024 369710241 915491904663938564
45571103 5211503 654785383 171940248 92864815 293436564453129616
616100061 845836441 353728086 292766903 63330377 802571613239990081
114067433 201263568 732980810 389167129 956200790 884801493540092666
176283788 753994035 649333963 983210815 230230414 767438487123635383
930488298 209163840 176799217 641800427 476469313 140978195202631653
654598503 599108147 257409668 233432268 567127892 448523908634287707
739985169 266909490 1018881 921182626 189848541 638839715543337828
265494210 367723636 947866097 260610819 326650937 635254025575797264
276329174 56135811 849815160 984479258 27508756 646818234220861051
