66
815664227 458859013 50207088 769447569 399931374 427700608911009008
470159001 151155003 863661358 612504603 893409084 594307107681860194
329490756 237170419 468070813 213266212 767028889 557363852509286376
785354949 531131506 577371891 28627557 958440343 964242868110482887
597382450 737557081 847383553 387300080 600935760 727142414367142109
441094828 861794016 430379543 507900235 910306072 2319030148384413
357955291 764998911 21551135 233577722 394626073 882124808958991062
158971199 406495834 946308482 597316788 129004983 972303761323863048
279082060 333355895 811386365 257003241 609704014 974645273472623034
639139222 523263328 349352650 318507079 344344381 776946011375394507
412010000 550636928 642549320 222759159 330729075 846650089610183553
262448437 387636637 671912940 638575197 28090694 879438203072728327
843042293 269138510 570230380 184908265 85893767 737073775963555466
863320996 577521290 290014854 957325401 748326247 277012750996795239
722579599 285419948 701424513 328427601 190142143 121899811111614211
854553622 514009299 90943890 134528355 109815269 722178830972224214
903389270 979984478 914635268 179641911 91626058 257559715597180910
229925314 512608905 67994281 579257325 167085705 243852332739981177
766164226 585450509 812065526 189060234 263476822 447756288109250665
143948763 235742846 145692756 558211144 164024957 534946295913289101
301361330 825806270 719809479 540642603 312320400 693762695154116433
348955486 746557408 598891145 490213424 786779707 465904478823107818
596378291 472622387 482274770 176129901 353621952 272507521730486472
143990680 172393090 438354233 447927348 184214337 547584182227383560
138122040 626271225 461523855 70568688 146305306 256191085492570196
210526373 254442870 493766322 922704337 250534413 187499865194730064
132713219 528975897 571377289 94503627 794179578 191004198766053428
732052387 891104021 246574765 493505774 551632028 854246564521073509
416477494 427738465 622318858 168468834 391272027 227285645905210903
263061414 624824850 337166227 30122064 316294805 68313835437802180
10798019 72264763 229600125 961911518 871747686 562480869712570764
98931782 846688778 204857635 154160311 561797014 782224870383404906
564994998 604444219 224332774 740764645 270246611 964841854439992111
330015069 374393675 848001286 117901435 192167728 276076100345099758
113205671 178731636 295873155 616885998 534026308 618055551074589403
304912852 626850874 401695035 120750386 325550791 963204839499851590
393731269 308188768 688932097 722858086 16214980 360353953524774205
706544644 142092903 284550247 325562195 563011628 576411605872960545
839004718 249782510 807295349 59628580 758053736 309607081793045309
66251368 624863491 882600834 798229981 651402785 737283748067416200
787612877 675623511 191963437 978290297 543791080 503222133365031619
520759515 805095693 1753669 481214337 653376255 534838510340794243
582028586 665269769 358706752 807321334 148369007 412963289917853150
610744064 925484303 937361434 82484146 523923252 932153533992686578
585707975 700414444 290627311 749179314 407958346 723559645609164751
607208907 438634854 213739203 716419150 120241895 525851671733126533
300113939 351292207 734898608 30907207 410759092 506927339669263807
784639599 689062594 105704749 909198958 755917076 94519157809172734
507899793 913288823 509127998 120736751 234092895 736264178486865457
78656913 60559302 853027034 214647069 606724973 903344483747248318
304847730 680900356 509417498 720138701 271564672 69676016674965708
508117176 513078784 866513708 796841625 444211616 50809740658485910
687086058 907745764 532092703 706201 843324547 819513199563537490
663844941 235014620 641382555 733522961 897241001 809730307993930156
408352282 434532439 706730790 547315284 80726024 676238183237507077
568154129 1256599 895124105 357835107 271419860 38599198129284879
46616655 68956291 673263968 947713920 721404234 421910810935695949
288001095 765736064 181953086 584614235 881100093 46289188469533995
314704190 69088787 833365070 971775963 20451340 87955210315931296
428138887 110778476 945234220 655474106 677395646 874502828613948804
649953140 253389922 714241996 621381281 832885605 736368326134329521
95179463 95478321 942270917 903346588 874121759 225290008016165462
198652240 880988137 315834965 451886414 451215303 425961714064679030
330070770 419421548 971292493 83674076 253249575 963944360398362576
427512892 496693148 250765663 790263308 114294410 32321078440948940
215031598 981728341 967470795 695258066 464824366 272048399269720247
