42
666840136 581423896 545070869 342986752 768534648 418844075347449240
466225764 42164780 604853046 285898502 428910734 351312634160573732
140201844 690893594 510908625 703799744 355467062 198442656748816769
128351608 548676510 780798700 778293016 209635588 657881154532438092
125807245 739647724 782593903 727579064 85000731 364815920854538562
258867771 544515504 521697446 372431919 344632364 135300322812245576
217724659 50726015 952920141 137922297 797016061 684171330144217931
204831887 550907343 174142037 22238856 418605836 81609780557505364
34292887 641852709 546135880 848561426 687869352 836410082172935077
976888220 21910432 45785941 97190324 890351728 392458268748926023
929092740 925442749 635019049 619088423 383393920 320514567424976069
520973514 560526503 632507257 783138258 61697205 660640477646700387
51761565 252850780 577893487 84397315 661388254 793978551941906857
542452830 566112448 301654988 656328205 809359856 298093703564734274
587955773 59304159 24176848 131908233 784598665 738534738587750034
506493440 852353775 37002042 784503541 97800016 326010490256510163
48541541 20487179 461916070 667875671 222627069 336535367619119955
99278250 923050137 274203699 451422847 900141610 210184051962773679
270013701 196099832 69652163 727187734 161035522 442735391390445384
32079355 657619729 743110422 900719672 736834599 648494482057804680
689457352 787344804 595473733 786309594 745657811 429368351963307379
393281646 333013236 161379683 873345337 855246648 211426522164252143
562263765 387422978 63446989 508678761 570667227 380146761048584044
211782571 182580967 107068294 349278207 474497910 645998066425712547
729529440 626107014 183906805 523130772 283557477 641431019213141477
443613407 245470241 317238876 98291060 43674124 487395421580666993
92065637 295968116 154221415 582365156 936557120 463507564759145757
750012357 137764282 205026419 287727890 159286052 175582361834372426
70984486 828307609 882664562 349099777 933231311 288483611445604334
253747058 728944132 941094651 348455047 6806650 354552012785791906
1833030 794482513 148890954 341999337 617615627 912759961897136840
787714698 119564465 409931043 891918802 59969481 335226270264502601
895566307 361408306 80455444 810318616 768301593 381467508362867742
352209287 312720555 783790875 866190381 457931549 617902411402436071
266122088 352501119 329881962 592311903 745242873 138844127155965456
262127964 46704134 214294514 459706408 709706181 674594281638662016
656071622 362751023 924589353 394651931 348582862 281578381840978444
234895716 371639028 979542748 669861357 764546462 433131972418967686
459132836 492317350 363276485 687782364 116355248 597566754696457033
687375399 878429987 77701049 864626680 537136891 520839173332310312
764296641 655537168 88573186 584492006 752054486 279427108190831261
859090691 546761556 437864661 546596232 285784898 40162331382396201
