63
135928371 64376999 822544699 795608167 462344455 866107782181185013
933700558 178928474 521291506 507722627 60889518 476929151992298040
217036344 310261411 86621250 293997713 318724419 470476836264722330
959101671 114538040 640881166 213884946 223918351 394436740101362663
736971808 956337375 556061698 55174322 789203641 200731953331412983
667002997 704917003 155790909 351234246 347658209 802268295034024254
931543372 326346730 1064381 7320885 389067412 64763899896356659
90801403 706120926 652562925 493930959 3022916 174368035604324100
73671206 749168792 694677870 367382016 385971824 894718995073111279
243165619 799489648 957259950 526371307 21224395 693930667756682331
99741459 684008085 231838160 509445677 84917345 708628642181229835
771367054 975992022 88950387 441869787 354306572 70114457130423647
110280052 653089876 326953366 503782844 620680684 458883613260796204
432693433 853085767 728523345 908792902 1833813 963965065387441319
871352870 91486724 587089801 249483186 987507204 163952694913513949
402973228 824691753 538603465 715201360 740007670 346859018392567270
309558962 598306765 665422023 644955096 664163675 811747140089463581
354323868 953432873 911581514 567623615 384578221 199358865021396116
910860329 168160385 717080795 432374541 701281826 30558555451177995
663971468 438417439 981207183 570694129 573239697 384208904956103330
738782617 635390330 797793802 493881293 613407047 507917930915833
164502161 296005458 91091988 929180755 621152852 384072120134786941
415255445 249705287 314749198 938212550 741673041 258315431811765074
843091774 84382435 298345142 638827117 558703721 790806380542106597
137627022 335172597 80180303 284286686 786047753 495966815886137196
619590227 972302448 825674354 637307290 177509149 614295940917434273
239943425 202910731 483394698 959122562 940398157 776694894136817883
28731434 502377902 331032715 471762117 564275373 68442158816170947
759186623 689650354 290683971 460771258 278241860 45467391173567080
644226612 684471764 118221841 307666957 306210093 605609689034151263
495147882 329490026 341312033 665273998 649622204 647597992028892105
492137545 856132327 892734303 535904730 784956687 4119600277954430
864836919 37585849 797120052 649781455 338547306 500154546715575115
657063016 949481048 543070563 685669176 243487766 320013584624325801
98592057 882854395 513285961 738038099 791932990 386691340976653112
941308487 688163196 126948600 388043885 951585143 320650756984960813
747909292 418545474 987327798 590607840 999784955 590730442635524382
548827999 926658112 155419484 582282803 478933631 402731896992958697
147932595 93910411 513378495 680394745 570275212 138843982642056555
225249800 472615842 571552050 668405946 463018784 181700956507418238
505794551 55383351 835868738 472737859 324707325 99148850636250787
110257855 866567842 337395194 452760807 775854185 370710696047071070
552642671 63997365 972212790 861093144 514791172 782848874326242543
776905222 676323662 29720263 102832404 762502472 947234372602865930
725275378 233157882 917031627 568182426 460392220 219360031094466960
926206143 81704789 978515984 570144395 615356577 454782897232773753
380947326 608727207 446877209 250978433 933701584 936978874703615059
322474721 195450025 28955170 185802898 473361838 160965093918731244
772587136 471141739 469710939 734185834 422661531 333938868563013130
392635535 158848647 487555281 778254110 835366967 698976229071059103
483517713 420375974 9350455 932068654 543321504 489351074505340778
623978095 760256886 44799079 597048679 614943132 141430259341134673
209929441 561760501 226491842 319134721 899464858 233754357565398228
980890945 158835751 256461339 264741182 231798309 381311346384817469
661927190 528258565 5127760 740300035 554385446 369547154975101175
217244944 293808066 371460475 898406646 632009907 3934468695135370
362499238 5862230 178368084 226032019 118093113 783186746383761691
817624537 563226294 10793031 473842566 125871112 662900662349185233
964777503 723854961 579425443 518430339 125327980 776686700468915431
216840684 553409819 235002257 591607336 987752846 268225425979080919
887782391 124165101 207408175 546204221 244812495 84479215079934702
299199990 136071010 769739631 296007073 460240546 59234785875416307
189174419 578796019 532497535 461841805 720478244 678448362873832709
