96
155151660 713258747 412632014 600319072 179503297 695845557382980323
923888434 426723538 467435589 295829009 437978441 501139894100947135
891032807 419923678 40820506 633812733 955328894 778347461801221927
744163777 487740273 262222682 710378503 771920196 460339957226676332
240647854 541632924 919480109 437838688 690746886 559663025364500478
760252444 691993015 569481988 121924592 467913713 24476862571739770
222964382 868932120 577134521 757644100 164072857 98916295178471875
283753654 244994581 896277410 671136460 479219660 297405233764008391
976295215 856103240 419459875 46948120 695192386 473738742792538959
440188516 8989994 951969838 763203752 263445750 529950951736686614
202341668 254320989 521683175 956504950 898218010 926703128592715517
154263989 847211923 129331092 853150026 908475941 829447053663841960
866162955 628017289 962389768 739541394 428987084 581369619905530536
910163291 281982799 648051089 999715638 126315123 539133291479335843
317089352 790474904 109171215 130483190 588086683 890899656842752305
283690574 967136224 932952453 64142539 311775117 227617811075304208
700493226 539987030 355906813 631304153 554229335 122880424411644249
979677088 33525760 3695094 322918533 509201440 126670933427786729
21579879 207808574 841270762 516701025 902344608 858343732744585233
984465349 189141018 270773198 589258525 390644545 827692849228837379
666269324 788993625 300777833 844557135 194750980 173001739315960112
147556415 836275628 44686548 400950682 680728870 454778521687330031
548609476 11183142 734758974 244854619 94856421 471768366494986741
548450632 426856090 521110034 577059082 367390309 644317967182674725
602599392 88694314 26389590 986967888 598751418 952620247688214787
84955864 503807099 177247883 126912305 233725965 989589062505180208
56048134 677053442 497049171 571236061 142667884 773848379411879316
425829081 951918300 584614661 440457269 607885033 570819243615090692
775084651 727875006 266703820 243112626 38663384 184662686008254612
370665493 151460550 429316474 369014924 42169582 616613941831219046
967142176 466664715 156305760 869220674 710683674 249486933462479496
461213661 236255856 753598681 246100994 762061491 796459021817975309
524195853 420207419 824432962 536248309 636818212 405162119966694300
525230072 439110612 602928344 944945767 126492692 637435156667939116
476205432 607355651 200098355 367354726 2060196 323108150798395393
336412942 270236291 982380051 717378676 515180436 888811306260843176
224141047 194163448 338256413 498621532 435418363 712001628027288643
726198515 335693413 853855677 487951708 184879936 218638640651876444
202100561 102237410 629018652 580116460 838129215 252397846168502947
762089420 401877337 532890642 290548623 359043581 869001500776433410
959783243 175086617 425486683 174832545 900815489 424544959083857049
180223886 211787074 617698231 945379673 918589619 497148454830472558
211190442 98422615 942375523 651295049 92072161 388413324849124623
260228694 717527805 30762165 973837641 11953351 830873919469773525
484491541 944426140 46850414 213129834 807829092 79646486544825827
988437711 940334523 262357950 610971572 748622743 467301159470708554
278567972 154495119 831509164 540737313 130871397 631869937391321393
204999754 935432332 419409384 590580737 815190427 302411474672784922
854965221 93195609 275437086 326496870 504667394 828316286658282731
683552572 328093196 276558081 279329683 323178441 910193183999347014
236155632 951248304 281099225 453860759 345863843 267524691211759653
714450053 898304561 710770659 2051216 434963152 553022624643747498
79557978 230763647 209937079 230331625 266210471 952577656477812293
156899950 471351453 991788926 446891568 576138875 855256602175456722
904992035 97061857 617225157 740410319 546927487 599252329063484964
678564179 456623609 830323853 111138076 951056873 859248040933960313
882920270 399579021 939226848 414632979 140611321 598572522212745255
957702767 795989304 779531448 440289031 853409752 704199573641057651
537493787 595285902 730835296 384089567 285001530 976748536048273053
492918823 653994190 77686281 817887513 30912552 197344024625172194
92350988 734671499 32128167 582836178 759265173 269972790035334587
98171899 640194963 808328370 416654640 218395477 474113539239377720
652464227 121663181 890855781 487825708 83243481 733719638044111692
453000532 842290457 461429291 41139667 919236821 525034777744899073
501621536 765422033 812992353 198290037 758970021 32722576118567281
349170659 211317809 22262521 642877859 605556449 681424962784432599
876487808 623426971 55544967 155785191 168939600 774286440789105897
218102420 715999755 568757722 573334300 657375898 652867924350316521
337023234 769097864 500055700 407405750 616000377 590207338172229223
19573065 112204906 493990338 522036562 488290728 120266544051582425
87598110 377388454 750967250 167126834 288591611 195218728949194238
932848717 713577806 622321602 442707901 336147670 529558110136351642
583810981 225941897 152202182 49176400 140445578 326635416567349076
661536538 338843180 232583491 849530834 100107653 148966361724015166
605355056 538434156 440671355 493925662 68456057 38457607761172420
723248243 359161110 622620927 568733739 129704758 236309338900614363
22486128 629596378 878413709 105309838 713692774 647105297563601064
208323055 856620231 605458812 224430144 916667815 180524539564881163
364810838 460944933 891626742 799782336 562058617 285787875131582215
10587586 192308527 401136671 550138056 294308432 743233062137066432
476103847 826716567 529387495 68283090 206450751 775997380059873514
482411373 455089558 427522989 793076362 380091756 215047014463614424
715069769 674771306 487423281 802253195 993433401 442331525881747427
662486245 878130320 73320129 528804508 455193170 522051297089606802
774641123 596251498 435031954 70555267 401226298 341480813268865872
629162284 951540310 237754121 383622427 758691515 53184085768367593
520666389 35872717 466276381 103879194 818847113 826916046040847198
204522361 973769192 804364518 28417385 333693866 632021899711158087
493993292 589224216 699917999 160165019 880908276 802655224815578362
360086207 917397911 909581395 126162129 901985646 286483770028630785
393935182 688774 138296936 860020549 211704142 818450866571486926
722675913 236081066 505734651 524441335 259242059 198208603334069044
263970752 783999084 970391370 162472129 362407994 160485434696392136
246550666 705141773 484500789 629211173 625110966 984533902072194496
85701195 895235953 909766501 422287883 346602561 597318583307198558
723995094 24843155 797630035 104775645 383127557 750996303047822555
