80
671557084 261346715 736141901 658670258 644641729 624633518922656602
346736398 699696332 991713878 878060544 513016485 567586016896773874
277308970 849945584 459639273 495299017 45751204 411783951068797446
540619712 591137269 820845105 44033513 443173556 604838047421088100
121326931 226290171 808484131 445680392 88013032 79892331866952404
402940972 669941769 541421203 506452299 803920856 569766556006601269
689992657 396213919 183184288 352065825 456484992 447501951614930957
100844256 85745332 294622960 667780906 160883712 414604744699593761
431446847 269166089 66886013 296223845 219500251 303567882226467709
476475487 458960922 41480355 536777366 570644349 778697088225899816
99277680 968692973 613949804 288986468 375324056 613409441723783778
757455833 500729903 473836640 810277547 866962359 648465602655201964
858347968 861658444 447041337 648381294 174994291 288391364252724403
838500036 809062148 682559828 463990560 836862162 707085007210530390
951499057 81788433 290521131 271283752 556678630 712759395206170477
493684026 929722965 55868646 237724656 302239017 63581654327206178
480557021 914579901 803460609 800790737 11778936 981509359332376395
304205885 865353647 378285733 85886798 443347544 474003526587150408
206508397 303899170 538279538 730473262 250668912 370359206716751433
906138053 570321594 842723177 594103271 990779658 297229415995419
347873218 210220057 875630525 366139500 582226000 769180871792620128
749815852 160219638 495265156 445239029 5820206 696023637230143474
2203301 461316788 654990975 99215164 592273820 605171937402244586
290278631 665827004 872240014 615197394 675688205 387767168149433848
646876627 687408763 221102457 663024402 979193547 588080639768728876
441681640 629755627 635290473 132907190 368119473 901721419755926684
980455828 997179357 185992910 45980829 113602599 898293295753162334
272924725 275917648 98285003 423246138 815230851 997667367418787424
491898150 488239201 805700916 190243374 760700635 331255598772126006
20221694 279642406 752540893 911561693 956976093 41007987711625202
246422348 699324854 733038376 910310808 125197112 61545418141953883
441214485 95964590 862198354 914902737 379070404 609746382315364280
190395776 818598920 523153006 574554398 83862277 706565001530744435
87738398 693162036 755395860 707369329 618078721 996524993691079124
209736479 628780614 939314305 397243432 401647911 676049763108673255
881874095 442331265 102337427 248919591 199384763 16902390897853749
531759715 408540681 101101276 680738117 619386036 595898978918211169
252659397 440114755 966751235 229863754 946434168 392288379553481753
105431911 721841831 211723485 437200159 202686 387688496980079210
709416046 976850965 453439616 584248001 202023550 191622803721539357
653278052 234884187 138871396 981350572 16767024 917052772633121715
362450369 849773690 386121182 310199400 582904811 685647150859209418
167326782 312092870 484877496 582693265 943210582 165988034091021742
10977289 172924746 562328134 76739834 475433332 724397769616913106
916721843 59687031 299910305 563413865 580531517 801701089734438193
541715309 148668461 319435840 391039098 975539330 500577739494914329
663361005 828137566 731809726 318000183 435448905 926727055135348843
46606707 409240863 783102609 397302776 234700420 298968633881520913
394860082 927263466 935269662 259976853 204412423 173004200627809336
787635161 282471872 576527041 564152544 87135253 234343625023138995
853351051 77146613 910809139 206032896 754604495 897833994069449223
410260322 750974649 527942227 309273766 874960957 381473401036637564
33995792 993046559 466456085 29159439 484090121 458982346084717559
525122632 448141856 778282130 936094735 532709244 776354578973710976
714464260 987111249 936298505 254332524 46479429 873177230308089719
734525407 723987584 858286425 726174285 176099674 161267676123127375
961699165 834260454 653517429 487725095 659431792 951950540591129493
251446963 962968887 219526439 973630695 804534455 670347891786139999
736698271 669675027 690173754 883454767 266672021 693703504241295846
117040570 129463903 543135985 886810165 197672107 427722673305448203
895911181 171655934 270742717 649889672 563421252 620804150792538305
137597490 553205006 439282778 273668122 186784208 201742604667872369
853867036 771549421 282149274 569193011 853963474 463424232483159313
428632200 274770751 632400378 25375561 670643217 778051812147792333
156211542 307144766 750193177 279104212 314863672 24322126031544486
248808879 184343776 922926340 185950176 428154699 658685216929549398
298348124 891414291 516478924 404887061 726835363 803589268393303664
35432503 116774113 857984485 632828943 240121076 438243797536310063
443655093 33086581 117018571 839364379 879233528 821242051232564547
295814319 658636569 389857198 822405229 120221926 50155767903170975
296719827 985832065 987396502 65965212 120654807 170586787414125115
37600954 937559763 748920134 540177253 144120070 700221063822087200
695994921 797656364 836848775 469741796 277780072 283072481133343933
738032509 530662472 921627727 810772796 607727601 475398776916185287
729191811 880880920 485045798 595149895 498600087 36388118862205708
831097287 500743886 608955827 986114523 557140717 268185287386408054
778670019 951639974 293059521 423228708 355479335 580477614083144213
164676889 87167278 732007992 614073420 52584447 836016356663029506
501446079 908164646 91297322 113769980 33077875 914843321759219288
63690809 633747145 413830631 18038462 820880970 52635986749775112
