72
605993904 642816373 538671497 837883508 329683409 472481298811762001
788687104 614392931 180919596 665916113 961341400 214318713088171063
107071389 344444354 518263052 132005133 563481329 62033555738826224
494963357 173161976 345573120 873199975 177821629 598447891959845674
998568800 647171127 965778235 44454727 421771797 113293018257121346
157066359 54781904 816810623 380750874 881459588 162696728867349799
38203762 594498817 23771225 245687499 515305903 874749683591133530
431025854 218187814 486064326 831219807 881895328 175048154410739224
42104949 450445910 898576858 95920553 763413842 557341374087190536
663049559 329237190 447255896 354933957 502691919 212778400346594762
61242390 516158720 41659571 297807603 505893930 309190623809133531
327087720 52878040 377657312 196716910 741147411 783641405840274450
612946872 288562099 670847451 469869927 83806061 708844807287342495
611567638 759950165 343006429 371193995 825088070 809552012486249531
787148662 350061699 705827514 652240275 559985832 147152278180435351
911529958 101648153 108920717 194504050 798627904 564597399941541553
840219300 400063867 484668067 553664652 608133575 33283342461063064
196716247 601998379 204072842 977972487 83798303 952762791894398576
596751951 113769580 108290162 801615096 590847083 487056943682701124
434471195 961492906 822679744 607274921 93624051 8750417126410196
902303654 921917596 974230990 348767992 940496320 133002235579184562
985274743 154280005 846511339 34146166 736087964 427772504297005402
808150470 872734727 77649452 71577104 941821594 920629975231530923
884793665 787802197 803683826 241687447 992078081 900131922515243458
632305427 601102729 996407884 908109323 739869965 399237246002567183
95446369 413272252 683921968 153989265 198665880 635042824456622950
984713612 210186107 82772143 927975947 592289046 961554767067257885
697405140 709268418 325108754 823967810 869738389 775018636678526096
143099902 629435416 928550870 83478254 916681764 291254436154703106
977473312 577265776 169480477 968526197 845437686 854163036436741091
174161995 773935526 617162430 891763014 206548138 814903984674346999
406061036 382413651 448410223 866767061 910729987 562806552088751273
501299146 146397480 456020448 580090697 815890306 265056254199025008
11487294 762417629 441805037 252298982 940039265 881039833647592194
775459665 257268302 491742934 175507419 105524113 809615564961205847
216369061 512099081 839964121 21939153 708377663 262123646974774219
855427558 453487541 452632730 8481669 999005517 803671674251183859
18494596 640749257 725213072 720047464 454677790 371703943669257671
63549989 134718335 68729270 41577455 705552224 941567179240382870
95245918 520534313 326306824 459772220 789842018 591780841026071687
615559965 644342460 604038504 478579330 867368071 159168169123755294
644868671 711996322 76329623 932985747 810186980 713846892242598735
227587871 187766541 544810625 569099369 959264047 799392787857598718
244109256 787526375 688473556 645680526 265339081 207922290103703677
511974115 109231383 610775213 203574497 44118204 479122946325976434
923878741 789467544 122837137 145602977 997472492 349561605776072833
585010707 415561169 558131011 81488055 410386999 437992863276695371
580910440 541166731 744145909 447399854 840127188 319512015123772795
373336029 564437363 943996122 294112536 135192820 771795720782540839
382607798 85301845 203747895 5102692 122683373 577256783517709301
14559467 619577737 967931688 76311738 242742844 218949694653078183
518289886 368286781 521413792 159351425 513252910 750823830691919480
454527533 108841571 216907578 377329449 594953680 516784254335793135
875397619 804693130 81604807 760636352 519285690 693647896565578650
995174762 234175827 502139946 103759785 904573319 777195217277232664
497611796 602415434 848485991 670409066 601026166 759532609982221324
829825075 987073694 334110551 283408452 389964678 885630269148501991
797024617 138365439 441578314 778711456 248266266 354175523407445067
584418727 592469106 330887103 704466815 859780869 31745568537490259
779365679 956869474 459805837 576603874 85210805 150275219381311248
242941134 754019518 309343215 336711511 137917743 703784840158543346
496383935 120320985 879673679 188523875 129099168 317501298561368117
379928250 549549399 900820033 168719202 252240607 139395682878445221
266737348 238036898 77986279 974909078 964640954 143335009490819917
621261591 660610883 77251677 663204483 790064644 988803827863059638
347641632 912565115 908231985 663138428 250404118 148372191396566337
707396153 342639843 264316929 745873775 705424865 582374142452168386
976318132 949718910 209800663 817370608 708631507 85199869963644391
495455775 93213484 748454330 919485074 68375487 361995923506490888
727276767 407558949 746582300 521041115 672155083 127094438861979367
615171773 533581901 394649520 586097647 944902749 218656397007532697
463373801 625514353 603938838 784245386 583970079 354002712414549062
