19
372279485 826010192 288583989 631784074 607743834 694286517880979692
857116627 253173210 761523613 490548703 534739986 268314918350366582
472201367 623848837 499629937 69597852 839965720 579142443062578376
207083973 240888523 364765335 133887207 771122208 447870189033509662
315104912 88345165 106808962 454527340 678389676 319509558352419743
398655432 641672490 449312427 294062304 111613234 157023700076193884
152190785 915189689 133350572 949451841 39688616 860871854435472546
20608735 591494168 251267610 413633195 314806396 477328401434263280
910403331 618279100 37794725 347749434 339176693 318785131790230603
824558427 973099416 753123339 818705756 536396984 329660715694326348
620800307 862135433 825994382 862474174 851323209 698723631107834897
382505159 683824569 901935745 50024180 818425141 282066733559815610
599086071 81648668 196071634 27097260 563413253 648605063668491735
123185385 184321140 835458844 591092008 732031661 666532345145433657
206881479 708734539 896947994 123284380 7630918 583006061476947068
816568500 486492762 369320074 658754844 685900739 731783628532735053
30433209 268559653 745279805 2363821 741407609 146925066869952842
270598323 287789322 720398265 743244851 972323014 596083241891976497
239449370 735978876 699714083 913008882 648221122 933593077912949820
