32
680908348 258743203 859984864 372518699 713288758 943624614412124185
823039946 730355433 812111378 566495583 500180268 205825169645772330
438390602 422598724 128365796 635972169 83715310 549002888375900969
762049524 637537402 390342104 574916828 124467541 327478642380223751
465757015 21309236 933927128 973079381 566122384 82701272874709743
189392632 909721374 136750338 396280406 537964733 871371156671673355
231703611 712427359 17961384 13797245 833771403 724136311969945528
694094943 28583244 941346307 855781270 180608962 473356693133362992
925859310 503649560 112279310 764353706 433349493 36194497913046664
636110695 244444394 821210747 538702024 887934571 128027857405984445
898268787 465296997 364750154 977482424 221320601 284582551561622655
510392761 489267754 590805693 40390866 512849236 891287140191304410
783135494 896263694 701796298 599324471 511780720 373283666281490088
999525221 15921173 799753214 436717016 325633072 812432223524549421
820911465 453538448 585554519 605709385 646114917 403409974072960218
10305746 921378902 936370346 616245913 205986414 978752910653633792
123492353 352718452 246692025 851139448 330230659 314445300914572327
630683861 448338835 641965369 204605856 316859020 220822764085672272
895668834 323984063 801768378 457992363 363593982 49255852139512776
339113293 700533961 946948653 585185003 405069219 632891184920126376
579325691 415937807 217082747 68493439 977715934 911242762651029265
895710583 475367682 172363268 212976074 695095861 946020459812814431
622797326 680001685 48170481 128252092 33587947 167308627788098911
325968553 61351065 450203766 653701242 484989697 946980207741707799
8371708 169621986 957838725 152247584 910314504 153804987137797619
946726873 960999941 722736738 111911780 942285861 577441246323064429
915307946 636498487 180077154 196983497 602864905 616224250326548485
940460617 720620147 786685279 174632493 974047182 497641228334329007
277847282 584883821 934201014 683821640 882938335 92760845424688362
129239038 598234379 790105509 905310044 902927390 7679202780376179
416362910 887419091 58796661 109022808 8376607 845289731892041352
713174269 139983730 984605473 471445141 773898876 107360891625554260
