51
930863431 375998063 79256316 946074077 48321286 392824063250947922
912942250 672559955 105995376 369004639 963279705 995601453727502212
97779034 709889723 794837398 935731666 333793292 606921234482163152
849883151 523542824 387029357 586443930 897645324 536318358693810888
324198136 144301142 552191452 767716032 206639066 176222886728434235
415525186 135784382 66667783 493431303 481411759 790788668899586489
789005805 418423225 29960014 575002016 544366106 810854307981455928
454144895 46163217 272679372 527802823 789536017 149358216588961953
150864323 31888520 174320502 25958169 428759763 771165338703454211
111306753 12775716 459026121 497859775 813547725 979749589303879505
386974287 17850419 753625754 681929093 740652451 79648183377041792
211753864 143993087 17766497 372934731 960290497 501707077106467298
835285914 127251953 814484759 963755167 266725386 697647582680556863
825728411 360279873 966848272 719557353 110650590 867827074810154403
51238264 826285133 186924972 312893862 892012912 345911496775775498
551215015 827810145 398245405 917950533 329810807 891117601138852790
897883915 507782327 852414433 919149099 645634831 202548082663058080
357357621 658704188 3700674 402275768 173775476 906497183024827863
202351661 314804176 806609640 261543649 970346078 137216706686602351
708721802 193956437 867040791 651437061 952220767 34521661935925415
955427524 116530045 782892560 26696572 602707992 460017271008714774
506240205 877764106 541111169 749293631 492485476 387739218687454754
999975883 62996474 818262296 401653239 947667796 469484672971888235
371011001 7524584 810485226 95422867 929214414 78838094198279883
937683304 383588764 788694508 357078293 79429635 251922938348638745
885251009 85732400 808870877 813471520 347206924 943713480256525084
416998614 297400153 788386573 16809459 954650898 296187131332821014
961589952 556902774 850159181 585310475 267772274 548079036109457269
252158403 554287304 344330352 413254654 553630533 706299007448503006
384470651 581598346 561657399 176693836 833575486 221923057326095259
116259553 432231940 85030515 467622807 640228101 896639710877437679
484419388 508270514 431993600 530777706 592949285 367700200696139624
259217642 597288203 755207693 541092015 700121864 268810942765074856
191480476 913712094 448001380 719059235 562220139 819352574238326701
224894470 987607641 398642974 928197498 307793348 102601026240489841
739208412 885082374 772143500 945763483 705810466 968901438021457163
604643057 64422307 624404664 594299039 320380082 323464607585880079
482531737 376698658 500160560 566732251 190412023 678116824799645725
584496038 873559331 384490622 222052622 321185196 243123323313766429
623839579 762295503 678251972 516270647 413602898 157161686981469074
75211586 137982806 466101109 651533655 317124403 686638657028634435
385148544 522021564 987030766 670327765 569841841 517435178711189886
775298104 22948886 776337626 834299879 745761942 223845068681537965
87048128 587388327 393174154 292004089 579562093 682730015954526800
982299703 836248454 584014383 17900009 435039349 745415787178560533
973285877 114262826 47036229 451127448 206740106 168654375294089653
556349759 686012647 260580645 697963985 804901393 560804522113445616
829695122 402603217 402466900 614634832 553028070 740717588382301602
830476719 985882150 424057793 820449490 86388969 921432861916021896
645095174 797697323 40644112 846828235 284395880 653023086949092316
318418662 498502964 949473398 462921221 668535183 158228901889129544
