23
747519178 194249078 573883246 714290053 561433579 94117164947056047
41817208 480683525 46671871 628126121 779070105 728503733472767687
489358594 482523700 106094884 35565084 285487106 728822979900332813
483832840 404148933 401747943 592656715 860467754 819191057555135398
303958001 974638485 365123343 637527639 947967083 533979632593738732
207836977 844423468 812999259 655484480 988308076 438387929957074188
948383600 522982227 841359198 691961784 633759983 552434145926609227
118288283 132399617 125374454 175609655 611814871 988353829751240664
978124662 748679001 701718631 291372744 342978380 6942430646113145
995281380 765074393 144158629 355085968 586074711 943532683273568425
615716442 510218818 992045129 179545057 414069412 430650897519746327
999899778 202960653 306460179 763496533 909713989 477722088542945188
235839787 214315500 619744560 989408904 823969560 51383515920717053
517276316 926728991 209418358 471085674 774009829 423736249738142728
372776099 967478136 805875572 423868067 322727906 799189952611425054
404569416 657949612 671055784 331070827 672077205 957999084984226887
122559024 572829505 202604224 788640491 468174159 410952458201914207
820145532 639410694 757169498 694344279 5006083 905768947151139335
655342607 40590196 118641643 436863411 323903892 943292516701787777
368066183 796137308 23261860 455600431 697968000 18154738236473428
442254768 524513275 809945886 482325550 763426005 320937832761408291
456076567 362135774 409959776 356032369 960986927 984551258013592591
991441843 894595124 188981665 84724503 378938121 898442040670178491
