93
395381813 114427423 21619750 312341848 506765209 432852523569355104
168114187 872193648 86198681 136421377 280621921 498434514785316506
796022380 542329894 627204131 471776480 192858344 396149261611873797
339628616 740478427 231882332 574283477 341039773 470045984954147048
385120606 210171113 812290280 901808076 332029022 290330269981997372
310558581 751400024 900531000 260418503 279029169 684902571060881991
964933214 13190206 676584109 245504304 45865757 205562939111662868
322970029 483879819 871383361 277957903 642022433 630783603796105884
762328235 591312465 114494010 619003309 404210640 477534361909566732
697979277 754496837 862560226 371149786 734259629 686692286077571558
194669934 66108738 913614322 811451367 181740935 147839558988492929
84203753 800838845 973853294 369185247 611369756 894775032671558159
929478987 676912539 295208807 251374600 470823685 90688615604218733
31025439 899402150 140843984 22587720 574582193 19570601699942924
994222794 593124049 551326288 73320094 955860037 445484461914978225
234155856 244359903 841887512 268969433 914883367 57525005734255217
211966049 127695632 462575109 251673760 971256363 44386252865997105
906152935 74345651 131649956 986117008 936906707 690394520915991197
241828658 146920534 577604767 24044519 99353404 241685470298058489
448458427 131393174 16829125 439449465 106460676 568049507291495297
970682789 985398729 645501255 935490677 111818181 696272301516067728
121894366 10010490 158484019 870043808 527219235 742395171261486843
320801202 987595102 324151995 4038695 505976342 714268856898229411
811732663 777888293 868409624 655005867 673901492 655504658279359180
314264791 260233180 107033891 761008674 842835606 997172104136527728
68335729 629376794 762499986 630685934 334926474 906028013782141417
581980821 602887137 754966440 696929971 628186462 130782586915510098
15263920 21170540 109298249 904418000 238243484 710569097547234765
879832949 756736380 142965293 134785218 774545818 615407145861407806
41010230 988911026 371844978 115838342 137936183 114556538854568418
167264395 3617862 692103759 76694105 589376677 698064374654610025
422863940 981103639 610651778 696596880 719954276 447864748487498953
126474880 786939517 277006057 998702341 846715422 380360914479596459
851219004 95895732 420752538 246155111 143222613 215754889408326949
868954777 477703299 491431400 830070176 884767027 845291325803078869
44657852 147135083 434445975 112166595 287558853 62299182857795439
504022729 832185710 794327661 551607070 226509078 956055364420251683
265083538 995456747 178261117 317608788 535374656 841218707137806016
548149389 541869768 941639567 749894350 457479736 790559406982804274
395941010 316472274 218077080 692791103 674301566 569151076434119314
296382368 355945680 253794238 871294240 966072989 670986526825504896
212753569 902175940 884575995 367731330 111402334 563205220111003934
759505947 323522122 12494632 584885926 348843365 838920741743826895
654952409 150129050 383264264 888900827 895745864 943021064465347560
738096969 857372939 914685425 573474019 418333104 979175749348152734
206426215 654691323 81142069 116762455 501034563 634403783733145897
149703750 716864335 534379446 705297265 194961430 725551969278944780
5049958 8261509 431206026 431867675 85503221 284011293373598608
517606620 824447955 678992914 804311726 970200244 681637556301046463
742411908 605053097 20747653 78373727 201631805 561860607195444894
524833100 391452359 611221900 481369739 766217782 483610979609039778
894195130 524114846 436406878 910639225 618778696 45986389973696073
719389829 645140489 289837069 58968054 79448893 593050873389416511
608160000 786812455 499663088 674896400 28047307 733620943890187241
298205875 160464931 964360196 647833855 517350405 966048553871527260
263484669 136210796 206568403 254298260 890301180 961575326361354546
498431351 565910862 889584030 77028468 165234497 315891376099351465
846096916 60942553 2291232 598898854 803484812 962329881175870317
718853053 830777368 118701992 534368174 314319923 956020359531381518
402140471 879060289 630520588 963679850 36177242 931896414994648137
497594763 903595143 476970427 225675549 575442410 941703912301578378
593859238 299284000 376156864 687119474 105973210 376672671182814471
719805004 857008757 141888908 318027572 321748933 220686551453490156
429019673 477610120 242104990 607854314 72957711 166932588282636865
851024799 51023643 606471613 984681077 530190366 606498806025656867
861292064 877352708 960911010 930470987 917575840 488993160710776701
423175402 717038480 601312278 664922810 53985046 966211811900588407
115070252 686908086 777268590 321898021 139252963 564698098155131417
11597678 792867293 584199958 553491270 866063163 952212364356313557
319334077 458792519 733838646 717117604 113791643 909260663838640153
553103219 731681511 637301775 905442496 635236502 87730393982488489
353692443 662103797 729101136 767152436 920038732 589293126720388152
271759164 691927264 159393856 860267926 923422690 392857100910238111
17937212 696507005 746651003 44346023 937525096 790075351251865986
9873411 901922739 254393965 179242685 377921150 546490120939231164
142789816 349336489 33440186 3728813 692429581 98953081065177109
58655624 792962803 482529431 369108778 686364461 42883813373720214
372051571 891133749 366953379 888412158 883135574 889862009634423204
821190045 935480459 370688350 91070292 75440407 334465066857646652
184738256 439740617 281022682 875778734 636992777 252158553089562574
585969835 566241145 681190316 928431574 664788531 272677100114075157
476002559 113581687 436272499 455040083 758339819 250365737824630069
128338857 81037514 868854508 496527557 697024265 108576767474398045
633214915 684249051 175091228 588412893 27520711 956885679812902200
355561983 654241739 626766783 252360813 167843671 738579658990828237
351616948 213538676 220907602 188013850 724283665 642066468342779397
166607303 494658109 695536793 801360963 187117975 127612510817563836
790772451 729230115 973785309 705090015 431334067 927719263734375515
136971849 320329395 171508810 190433677 328763111 455139822523876001
50726006 56860354 233540148 731592519 977114881 961442776431057558
626994733 357372795 872171158 215680369 725996860 308584131102587675
374052065 322374959 3375480 350410822 168875523 734895473052441144
778692088 442607020 584528175 918158832 277373318 495407902845157533
