84
392224529 52820198 348429692 618546757 386900447 340789156188348103
925212010 101534664 884340018 255587051 924363601 759685142929787715
782281008 634292964 116386457 628730953 631945836 626028455761870153
455786052 481783226 976042492 444016291 776377687 793400762008513714
624811682 51319914 151738322 654570734 120498040 347276746712194442
160545841 943499328 558166583 876702386 21176834 513634828087288535
794303911 802181937 679794970 551170085 12475172 928400995669194345
432953849 1435155 823389071 47567831 932669182 838051136328776267
914427142 274115688 56022263 621802870 772528453 380874847350325876
239131427 961637154 947424680 641647100 217936302 153829278829752652
270667510 514312032 882413138 950011723 689945230 893339553614751550
777971835 566154439 976373342 349868159 12037416 564964754065914214
533989258 372946320 864101176 9681624 604123258 974019278198142778
491550666 365518903 489124750 384600888 996869414 788758452938722537
159524758 731569230 863509226 847165124 235587343 389952838898061731
61080296 114662559 94480137 839551926 27063128 83769908027346978
108184032 449055814 691161607 579201308 421480797 921845099167985347
533593262 426967574 374887859 192689818 572763755 78894581161042931
899869898 736039494 574219278 962855328 288351634 895510170934980705
513082482 789608983 259982025 790206206 596417456 706770584489431438
285161916 634858227 812786386 292442874 310971669 765195392099017108
349512187 765144469 761632436 228086904 925809914 944197321881970017
103832864 38298596 971866090 620964937 196620114 997276996568538437
235882167 19217229 645221191 72654069 684351272 660086480667635586
532674210 268567260 142435762 110148475 327542862 109441162376120791
280474771 220428656 693567137 164943086 864325996 782711076346647326
36336012 854345481 330124191 49913860 160376327 16462212667044525
499176531 576184229 937110696 532272129 658114992 87993339275146087
676979916 952330298 590204944 756669802 348864637 630452233400799707
462734157 654741081 596104561 520137007 80041047 71513842316221291
721200762 774257014 235385908 230688997 428592146 896136628033833395
7053037 283411986 638589929 709572731 321519239 588677645046296840
445711931 475623053 937301974 834097606 623084392 265123031858195491
111952692 81434470 587740787 267786956 225630890 516261501743967211
721272555 884342364 134698991 354319645 359435026 726041698116186310
386666363 493983726 650258979 352249571 328079870 228646205507359312
353448452 562518452 393890172 214392706 864285821 474433242135944022
350669470 149409898 662978435 173178517 399468208 81785993491219638
521942851 334974818 697228987 715144119 477457349 270543381030006828
865103766 882422469 985693582 163633950 324319186 467603924314307848
605060952 41624918 175092650 407852653 82675820 439032632227060316
128186192 923992722 903230934 916969089 653276285 102230183649188310
535064923 821108973 876540922 598236624 492050166 225162454338743483
102957230 142545359 425175262 302632328 339191189 727553767552628993
903868459 983307644 628192901 928812708 411777056 474119359740985459
523797696 598747134 716182491 416299945 430042184 549276964255423732
684502011 934446403 867474461 809142395 18882871 20902570592619081
125685086 632633256 163238643 692295579 124020651 299061882281634645
917045203 825970865 337021414 106562139 531815700 192783400398224166
169448840 931214843 763687022 538011634 587484164 642392849141544601
472330983 679847489 339468017 415499969 395028809 297418871350455442
186029939 602032882 481172235 727675833 918575342 560404782405314841
418002613 100907700 785510202 875813075 428443603 609140647457304876
570360515 906053422 772182151 429494014 620833903 285671134290336393
93193995 916960993 285515393 370002146 603040377 274584089291705681
305081933 710810513 380447109 561231205 630638867 689446924785874156
786335403 708474260 506022744 800737229 65203798 929352899526043328
74991617 179306724 794208488 648265423 719550058 291887664061860257
599235610 623387962 915012756 874802997 46439046 298896277820935235
989994166 557965448 829218806 936116941 790489815 113669281795241332
601852632 30924016 620107334 824679795 925799117 443929169474860481
797352623 570997764 259785024 732885639 700073186 472490048830190432
423035834 640726363 767977267 183679339 220507812 234455170783297994
471877840 848085585 727739190 843980969 437734978 730538135063450020
843696022 973627188 220934165 341245615 187106786 814645578055195513
769755865 132874395 685700836 226326816 127055468 70158316648978928
345861457 225014464 417764779 655295373 130392524 989631672923187941
241943784 328588553 139325727 84210657 734361996 929365404177525979
763274917 859678911 650770650 850969873 354290367 667747922186389399
167483709 801189073 251894057 831840503 679273623 807516717272002108
483846485 724531227 363098526 16485892 168346648 688604372725776017
349535522 252750866 736336629 491017178 806746769 939001911260230769
877321466 156232591 750769826 419483532 168304797 211220282859784183
725906634 980538287 203962819 569127755 208922157 429251322438312134
547523098 27585634 870249603 277577781 156676205 994139842767923437
519329378 459563542 951854220 83792049 371773541 890863581652150221
525141449 786052450 199715680 345377734 792528615 938226164061653554
916677485 920626506 901823935 578663020 132309700 177799073486508328
686994786 474980225 27917808 182185079 197613556 989038828988690628
27569350 103665533 633428891 522896856 528873595 186353222133075868
557845887 666830323 838526419 459071514 781685008 454796680474193539
282561640 960480738 754934346 96687882 135479069 915240532843216081
28627494 299497688 441235677 582720725 970436412 739952167977182346
291710708 120718280 469091630 761721437 380659486 61458653629002382
