26
829066487 83513460 127544487 540329688 358289358 563209369975646073
731893321 447687600 716262650 670897814 534612236 771991760723443976
544786504 927864542 188030894 39246170 83559450 781224719525890447
822544425 237595529 454359310 18805366 610781064 585882041307944943
947858491 4334970 229031713 906132545 58809416 467745201340952562
108603066 402197142 854880662 752605018 740393 32906941511606606
545617565 704620245 847387002 851794389 849213079 747305213314426939
98858790 652029992 488423150 331124835 533196820 15380187731751339
818765632 50391856 688298691 95843388 58562934 528452106370222299
317422103 382182954 381609193 836470685 681002932 75360039217128004
445984557 464197506 943331331 616323190 309942569 473801283595649497
662094375 852212395 174915419 457999551 272336045 417906256148177290
523754827 657276294 297063941 128944424 287286143 190874964590187777
491227868 938225822 844161995 705636521 733384291 250384939061602091
675029794 318248606 641901253 731292804 377538324 152386861142483595
78435582 270968191 155040193 322992073 662952389 616398818683233813
482104575 166889929 630741638 918390856 108184412 408109001046401060
675846914 631304454 924049763 553330487 401444473 688699447420353994
522890731 61271551 649066756 397369910 469110670 119274662691680185
439695799 25697521 110060171 885635138 177917607 711938561723209474
483772607 305165982 34956140 653905098 617069775 534028477921107446
841629410 911967838 664453569 394764632 439978179 979334835221602695
961900350 76596339 79258978 545654925 886606142 740946933901567683
56789649 134175632 757384026 871323884 74241242 301346415967993763
324779278 423711076 432798354 389176071 397071059 462445031936210205
995003283 372114684 351198325 105310489 688719987 113094519002642741
