38
877150605 802964029 885123194 106837883 849019107 99196045877739247
290157182 366642772 470422545 550243242 631558800 316613746964346861
738850655 337587935 477434947 413269582 299428626 575044969677262159
245642331 843313421 315858693 535145808 706305212 361314388456545597
816579507 702291684 1154515 402410577 887169014 88006003850540921
405147155 116732811 101791926 809262862 58801333 334997920733539491
316712784 986033085 434296468 388118881 592428975 489487931856841363
830263412 816818711 11384988 125937189 470318032 6093774118599128
856450189 671171288 301510954 612998691 880149627 48456252416674000
5164019 654036719 787381378 379850052 773356239 938774818965215830
496675910 801078342 858494923 669589577 186464259 17433510590477556
65990580 924427492 54435808 204116799 807024217 919623831129117803
802776497 736721946 419937190 148957448 796869264 569152754552848117
290208459 463960429 918672530 501018292 77189843 884405167594181827
337731791 166402598 141306008 930399623 202727466 476127397594468486
580241893 825306149 543022880 589814011 117089121 650445121404499726
764511666 61365416 973924096 157575283 285672349 883103078237801797
490719645 15009517 262439768 812865081 952705526 883232406606123173
584535951 608452901 879124758 927270973 530503391 895524851123556731
983558051 129179398 421535639 176776769 708185709 70118951083138191
398241791 617686357 404207827 671527346 316781998 860485251471858801
995385 685713154 71494508 929137939 796471760 579479598136411624
234013580 62659633 654860200 482290566 635505817 154584585208434646
926126550 804403529 540616249 904751561 176341080 110551454471535912
121756079 481028122 539853466 732787266 324143211 367921153609752496
108258208 145243265 34637649 437669626 74893907 784242144009241384
407829263 516706790 846194129 343057697 681995056 974580946318397149
47438531 931934540 989463846 656707608 773417967 419533999330190630
957240553 161601070 882613023 710093072 578828078 231927882533366637
24909326 64961785 567794842 832243707 252524813 165419428001653523
847392291 38671721 820941451 640246508 875845488 487061166904415478
306202042 663858066 231809403 89417291 76017861 49900056700184978
906811937 334316774 737492028 38769765 331386372 289508567888041454
647435679 697501089 811803861 16953631 541616424 928497761279554992
772875390 738236330 609587790 199183893 502920913 178022832653173231
967283760 84962479 849031296 538161137 33850679 61413970037506174
897324660 185959732 607051417 69032205 478344313 665914869556449229
302055356 856606588 73027465 891612290 931151104 556382596915221512
