96
73383754 479309020 203314927 67712802 527362952 637741776395205461
319423094 893227039 662061159 516796509 879612021 312344751089555374
654145424 605227544 275394063 136320097 329234851 100733724260811557
135516159 521029360 53028210 357154327 656476228 4612944032372968
897166779 775010146 596919460 464279337 689232992 239151433384597627
810519587 266503609 560769140 138249739 469410530 336831027088414615
651703888 546814454 688655857 992587458 518113637 302114456384066293
33549477 5457867 883752594 796251231 542425143 989381229732007524
720172169 43772277 368911236 600229650 571785494 524675383369764279
15571070 826715127 620011010 79315792 478763958 878783220908051943
971170908 11343623 410393428 745455694 729397101 325657096061317021
770279020 637131456 425379760 227051628 835000995 667022481828255714
709834751 287672091 468494732 892234117 966373647 951102257501113016
105226203 925701356 632728716 585820343 493568979 875428694960551458
351845269 897098307 376570717 297388643 749622798 330506334627648115
672234419 743354782 959509171 714728089 912417290 223183171345531162
289809875 223278620 953037733 706133416 769970002 897367304808323613
770303209 145992866 631484512 821431948 96592719 877873143286604252
815266800 511164246 733592851 188039270 856662160 397471077581735974
393584847 691157754 775890941 982288480 82260460 695024887776468972
174759734 167368054 763270656 471276935 152272835 31646325162210536
743298375 645292686 820352602 495380275 568273707 42462451712829945
905903594 761756851 468566955 419464498 47956910 17951926018157759
983391504 396270122 319028782 886663025 464909133 162928030168885634
19411370 584200446 53748075 571204488 346363101 411301068214680211
595586639 671848725 878914617 857198519 159830868 491621595450043299
581383077 962641818 669846705 425392029 116238671 343217135920539763
654582798 510097461 805302443 564340548 178626986 930948899443374657
915720914 933337762 491060753 512315832 853224860 764211064014948852
976053832 768209719 618641274 422750852 945099942 507663304061289810
482172230 200085001 615986715 74260497 240587357 44227435274381556
79002806 935315948 403928659 600760053 813055156 500745953505638988
926881351 644473830 403575153 236369754 504552045 410500963158186200
245677153 410046214 18149707 36211721 289979003 867051239634781796
968273105 206003335 929630359 400038382 147122969 926362339496446670
444000798 875911320 829931432 622571990 215187249 358900904826305204
997676554 154044523 350885787 326586246 735031409 772635116910979885
662435448 330273264 61744950 210626407 545073773 413000066675209602
87237543 762777346 17731303 822140014 248882581 291520089804533444
57668052 321488059 591436969 697644960 106302165 583335867269544939
596188358 777165195 420921555 277014535 320861883 347066763151433266
254606493 5625775 91115528 387366167 964777251 876674712532151926
425450712 96535349 811718848 113712859 991186740 684795435569037275
932582150 974927405 498251849 841951930 964758583 901831942293571466
73563688 143560154 920242209 591211206 442071827 766187906438257807
375505445 231292035 321187955 792179871 689349768 143530904476313432
619383178 188895798 573352755 630377757 523094105 154800591623344851
914840205 250673673 671240715 344289047 423450963 226242941550356015
376318388 823480210 380209394 408149437 810309762 145889464500572278
217628665 681059159 870812371 446689596 928949681 173874618123320682
107043550 837719339 755583329 487264232 986198357 859180217618710165
693039368 723032629 825649856 44052339 867979592 980235223153297156
218744260 41559505 176613088 318870189 404814474 748255981027479855
376429662 554011366 631478069 776514866 548176187 965325908345182150
955747447 525956538 327313375 729325485 723289158 603569502063865148
205297389 125439212 45204026 339378754 468719517 737211893474627553
272914747 865923977 742176439 539026215 560651820 69205625691579637
427510375 443785008 821908085 727476980 154714882 382724493104665204
487224344 224573076 325031075 374133510 792650929 399760370493830720
559146595 146118810 865040609 823918279 501988370 159127936827377965
19652174 839504673 253263095 468596684 347193240 563548946629458545
344837143 332878231 718684316 3558478 747295080 132332976671731763
342832693 123755569 198497569 805184671 52839963 655612803028472472
174486515 429573236 972341332 403773483 212221173 156481608618977290
332019865 606587575 124515383 910062918 532704398 405484366842845988
625984360 363156349 936494260 777991361 403623173 235682748944426249
801712288 327211255 691549989 530475718 145874982 518418811463582054
996668546 395523780 699848872 391397550 648373132 83497714488329583
39711544 774721115 563369819 67898463 75646429 478128545476581798
690763164 391011444 146929354 983780726 381723000 86821191573289664
240797094 545031837 737508666 292276630 875858279 482161619109744988
814702664 361200402 286144655 106844465 723297159 473434464791550571
810517289 173002458 328497794 198105572 571285874 182582565700042158
459628469 265088671 831392356 349331236 941773212 953062787598908325
15100255 564954165 592608200 379793324 730448220 53130965034463464
131180980 762275727 642923873 172923957 447971182 447806976130395540
395640304 407515133 619347352 283819010 517709462 353743810492361244
502346981 520130223 738423428 282482937 201648549 495271971679491574
208873513 937303210 828148492 139233184 587918946 90488716724306500
331095700 264373498 843032025 27508649 554435742 679686366366851168
462388613 321888792 998815033 80721107 789724154 402185860464145688
187745987 461534642 17653903 461606905 8881501 743122976043069109
893793231 345683582 559087342 696925894 70918838 519362897549734532
20570627 233042974 774130064 359726503 537445970 984075894743304444
343251712 937255034 253704275 815769123 161881835 552588663762130707
474053568 912475047 675061961 801729002 538439221 343222683166371204
759796766 995253981 321509429 484556661 870535910 976217086508981639
990123415 918272548 551128839 54672811 724246404 256413078275408309
534812628 551112773 655761454 458655390 909563748 350845162859379008
629531628 885912924 618305727 642814041 965303749 758477487581431545
6006994 456417720 711064459 844790075 444068876 986932629414000949
542220013 726527709 123425053 318235201 762314864 51435555845218244
469744310 949171851 290339428 946634834 592337031 537509735004823764
947682663 706093901 154840107 888012084 979247930 565309023375966756
628163152 846342782 245172380 669385250 530533173 108318644738104629
118026872 687140468 76649432 743044816 523252001 907420702272125417
