26
885786139 535525005 806881796 908250539 71717977 134228623823754581
340171669 506741637 462272040 753151139 630626582 678185981489948424
130806152 290379496 522303687 239979286 823607448 172934348456442356
607790849 618578718 103947368 716608759 473404313 322716289291431951
345274283 795823726 443964706 438776412 356514568 816851411248552638
831858130 780427665 53810539 827961818 496287545 973835692316569413
20098293 807729594 666383194 395767431 894392750 87075909748628611
898683408 231315431 367233834 854940714 878039889 164527227888368765
856973400 634182077 843468686 74819610 134705757 579029877551059848
240183097 630055212 509974678 806715545 761644411 769796521720555430
703721185 195712340 573346401 522026982 609145034 281223515274227938
285223812 955253658 158068593 784741566 344927184 353864322095823529
839671030 761831765 825093621 855688215 315922402 899387973808073619
816643165 106074681 466081265 457605982 854848977 439221050452374557
145236223 726379582 120970696 214298093 602079459 943515885805744072
500981098 626538466 431771597 534155982 717967154 786158090575171021
681240767 206379334 525418663 231363125 214120422 179682841820286073
863757952 612574598 173619672 999592323 208023183 619568437686379189
374138029 56292388 98865739 504023526 954210934 64977698435749089
319439496 588139675 591173730 234044030 648739503 517611984864940960
928582954 420159149 634708988 295656562 18810718 333043018078611237
293322477 597556221 132200960 339232903 168830747 692857018613392646
980897124 926767512 720590006 594358360 242582548 273397534713776818
732442812 5816782 963829243 449241387 317677916 570587106375891373
26647341 174863681 930190002 724249800 664411209 267039417558943172
376117715 987666481 787608003 293634043 330330968 701305428792748202
