31
850911533 87901846 529135387 873052314 159481063 997969017448409350
98443935 909612156 212877203 736588613 973208222 457218084788562346
952603596 491745698 739054864 634055855 306174702 691842989537134279
471816717 890614097 164401674 164926611 139243084 160134037822092824
860582346 457932921 93645528 607736803 548817449 747370519820158333
320824724 223206825 382928801 10146336 684268606 457768430865658865
207334487 881437074 308035322 282904691 323599140 635326554581489019
658302544 608243725 800413712 38058946 102271679 310236352929139071
780792495 331183590 830358543 637394122 182850484 530859965873735407
549677766 967674354 402058793 698289205 493198838 850661709587912990
623466045 189414714 501809176 150136490 587345647 305839472215958525
555106744 563044948 202267441 188374036 991612043 349429458750091287
995018404 517179693 950031584 576290618 710398968 257517201990836988
702515714 800035489 417343146 468441363 241849858 720144276776477212
475468178 876182157 276534590 266716500 177386024 117574499790054663
905019928 727715500 750849667 698433275 613249455 766089964434547657
975480820 494863945 266913537 945753276 153218923 605742024217056965
227285541 485547606 423460062 238880554 954002712 266828865416394051
868271632 803799666 631095036 861352875 369750319 226058141535680522
59556436 222326674 919053576 91879739 178562722 118149895273054444
583881730 932798784 775641955 124023409 899511947 180527164324085879
351757651 98716082 385041043 229246352 922287269 769003725209358939
495927845 611168611 753992444 930240308 610425406 270856727106254670
317172822 840908461 60995269 849569103 234099670 718338096775290790
398106764 601118674 871545895 372902891 539634281 198924813558340367
568972482 219354020 666384042 102394279 81020653 422536986550671670
944575368 2546986 684396103 129918220 805558993 380523052475908886
487118807 110519967 755865472 3937311 296183219 890129439702102411
729914658 287972771 357912978 931763580 918879089 688555128789126464
497529000 426741664 43770441 65057893 595798985 466371053420656990
982394006 911290338 500867123 203032596 911889123 807280886248599323
