67
697701667 175058680 482213101 600091609 116417243 448616962986407201
73172842 327045031 628851183 4470053 650909880 393130131145283633
58247911 511849955 576127202 258485830 585309067 645797435428762769
151675654 436931368 950027243 514294621 605716986 804286704458771531
723425054 806161853 623155652 450464714 156108754 480526406130705114
690971447 948227220 992942710 195320924 576613428 317873767132586332
647426747 345526353 134023151 753635043 923763213 178762395647855211
843931664 104345586 183236488 868357653 147002231 880611227265943023
302664570 559250332 335945472 405625698 522971920 719160566234498176
995987097 715028598 212326145 156652099 737525817 429127589665950888
846356711 683670739 878305081 257390808 747865852 613796220120155567
188008036 778059623 544869358 627199709 55485125 225469734027034291
586394647 688127597 595030657 788846506 315133376 884860127616896857
667136664 408986786 700045908 915990388 420412842 234822428620544338
149763366 216460537 57862334 104359709 508624820 659539366322467478
626499549 653578941 981404642 118368387 956704998 806587160937556195
909056121 926296360 830469531 182229111 504773594 909005718985917851
349802605 409815767 859231942 77398140 293851459 543459798474341554
270545278 562815785 265762287 83540166 234365260 908512392479953328
903949291 283049456 342487650 16813102 275560271 371274225439017687
644266513 358690969 519045410 664814677 420649719 862890917832808450
612739307 134685994 830966743 385178127 887361225 945765676660580469
929112230 246058962 852597094 941807196 482617719 409860918256093576
734202208 551944839 48618271 738231381 85708138 913270357856253842
185385346 11920833 980271758 697664844 324575018 774313592809494691
515158380 495864034 149433112 344288737 986755837 992345666430938859
78419799 233979079 289739851 686745517 786709595 701559671169303034
142845841 42229281 494432926 1593503 570340240 109135361728286643
848947387 335347405 499340207 131133293 820248963 351736552129259979
630287105 764866616 488081684 980958599 403688237 57986427089584104
177049363 809529774 426445947 731377485 408276876 761904528451612822
418221601 934557526 128570799 335486120 188642098 416919342558120750
755245652 53097971 96791990 328361154 359649339 235276558559821924
119013756 834349280 282976642 924654154 602301453 814616410603249326
753593810 427077362 676774606 779493013 866957387 361666613221336007
549255189 625122279 88042392 486277898 917279784 999834947128952677
45380202 863942021 933622027 706944719 203114343 779551882178942898
746608900 841542003 757723126 250198144 202609405 489484590173451484
298284573 56689964 249214954 724873852 745301167 254738066908224451
628432125 429656892 362919239 72162281 992790343 584431545683178170
383750910 371356305 925895415 288811924 350251622 504392137145239481
645670246 700038690 877311499 140773343 835311394 812457009871899053
80673711 407302904 77056811 974650060 73716341 169944730875103955
42866371 806955007 781713540 540393059 986255321 118570888825419538
996705367 178669442 487663224 378056395 754948270 521462325343121042
730928936 637413477 322337991 214176348 753652974 705977909004843267
561794126 370682216 349790510 409123218 558499198 207366669073625596
894637444 231603809 187027365 695509700 137701570 748215727039045538
609908495 627654924 666409271 254850302 472182185 7554139795570693
448858001 672381666 806396582 538060319 518816133 958887534650507505
794097982 151007896 751429913 120195881 394708286 25171666614421085
967764639 661838167 110870107 119205787 941977028 4598896015166309
666223025 233149572 231740611 402672573 790209862 21294402161566598
728480468 527153251 467362733 40333178 885713098 495832865096810319
155708548 927499780 161230596 909071022 148881491 630797236319528306
7094504 730731305 272197489 122813047 202251467 562231871472520690
67945886 435560530 181256072 796276428 202593910 58707872163239015
691362295 795434185 8725592 866459409 987650043 351447012371322831
683719393 17847442 679395423 617153478 720906637 864656820829776733
678992893 164079349 566793480 669303247 329481112 72166956915574154
534995866 387686517 138547424 756620310 636735608 181679826304930631
21722750 811969285 872044195 309663244 156903881 563059597572393031
426730136 327213454 768976730 481100131 642554057 191928445285145884
180903342 138053076 364578025 261246335 8628244 902864871760894702
77831013 78648342 770807285 87654072 390912847 350349735152883089
560678277 63073574 191721528 949821638 751748278 532503708380145808
537251159 476227564 789480242 254845763 272329855 565329883821088445
