56
909285 133609676 37168 21249 7336573 656311676956262284
592994 741279633 989905 278878 3647790 442088339919362051
341706 201841018 446590 897694 8994195 323713697687433231
287123 621851840 476565 102046 8037615 97127716033274978
908875 694988404 831581 336471 442419 783914998290060290
655689 452867030 140468 850684 9590242 638956360715992360
527823 998241071 95854 865423 9480128 562211417495774046
936530 91807519 598625 751660 6532708 798257392551252527
815172 893183874 268996 234205 1237164 18365033730890430
808613 693868394 28647 30847 8564770 459373263747544334
846760 730850075 387407 995627 1623524 851273920861971119
87950 344805731 724948 368238 5140557 248656758774214997
408246 722142505 855739 16744 2592531 220443842922989315
75937 723692943 484591 916221 8754553 917982318239562910
967598 367973596 152422 841945 9314835 555622675882840959
33686 326906501 153926 362590 9151625 913307632452568239
182281 659497193 949957 184234 9390252 918300720241471266
304820 572038120 981877 932784 232924 676644397855624734
196962 389021465 500671 296858 4812189 414220264077102171
90162 556959247 54404 798478 6258551 732415839698130229
815812 701104778 786285 686197 9666227 900132169819343429
743359 507082221 402461 259414 289568 285921131566317538
857367 4721430 919761 884711 2163462 997471462164143432
496485 614066667 261544 326267 2455725 229364768437464698
532247 886812891 467480 329503 4240826 660527389795415844
13322 187793152 34089 235793 1428619 892696906312588558
692330 546825585 267833 109005 8821914 59935902268289570
369266 956167977 951394 260516 1611804 961238208515353522
124201 778262937 590943 680620 3900579 430534368521958380
953222 480747875 84456 516863 8801226 741748437695270979
339444 909488828 283449 102484 6692404 556512167815840685
991555 884316633 341758 937724 9813128 439132468033122434
804032 163215741 509321 506039 8687880 619030951848576985
34447 746353374 716109 808049 5199496 913956093848078486
89900 68145940 971931 937719 3946108 546817429477621511
563938 143267582 314296 705515 1020628 66727756403072417
216380 147163743 768397 461805 2988711 716805478635010471
300660 878505136 898449 120148 4314887 440525775564024250
219149 865469517 449372 315946 4576822 909565025865854130
832335 334893576 585782 237695 4552380 34299548937272180
238541 641077768 56376 352227 341346 615159150794302764
16720 309743228 271578 242668 2731421 436467631710635482
865406 329760753 394567 210542 9662152 508745431434013363
559957 546227835 539771 265795 3225841 824222633810938898
830343 690255349 724973 403695 1120187 481561074645720083
600050 343931606 125208 331108 618256 431926398556985353
877138 187286049 44428 477603 9119450 583802555513000009
861439 648792399 663751 171680 9726372 426867757779855215
670461 265660463 463056 76202 8291366 554866459724458035
284351 854269689 213717 41529 1750818 895931260592514803
779908 391065173 475606 948684 9411717 142137329435177790
266368 483660497 795273 710528 7289756 35204898037198937
139306 567309805 519798 228234 5816730 549550858367739480
764952 350384861 732725 282796 8226114 622418109922116042
96576 354239015 532205 886314 6456563 947808689853759954
367799 468314316 110311 152653 2084108 660089119570458360
