51
711500899 225061743 232507004 913738458 723257432 990729071389520730
939497572 155100673 542710612 623216546 112718354 249749432127249497
457882542 467112320 492234228 638814062 145533756 99415515807784459
619328142 743548475 97592443 851207784 407765496 154370883726267366
480357535 673210307 576102548 271532431 568631131 775565662611590662
889785915 590074171 596450398 425124696 925522601 977158832385923743
516253442 843290088 166692872 972627591 468387210 406772556751179493
942322475 316462584 102478032 431127613 701903951 52726548860167744
975320534 696882836 938431259 474508392 340881623 142642653851922277
539488157 256907136 92540200 169310330 107505514 559026584163153400
668440949 592882961 792655032 23093741 947697326 71869983500331172
774218812 693770200 952899983 650321015 607929113 748442928356527119
308649404 382504762 80781672 871277981 426726779 402685004993286069
599344474 98481384 46884180 612600930 584226505 790433301757734744
774996839 252004162 257824716 312722040 871858967 18870799752897209
472244275 208487429 13670194 551326601 518222303 960872295381385003
214936632 516547009 84346393 59227066 215604076 712351549218160562
232923351 371010987 741395344 898469113 110999963 330539983935860236
191598839 791296034 101721202 410703408 152905380 440829652616520644
976491808 579362742 20061587 292556421 640719685 855386022767357226
892009094 676786917 338203257 972891468 220779160 881810974122073823
962203591 214673806 843155079 408541456 159888115 9197519849641693
259429256 206839469 155395185 848456889 363446663 232813215502792546
300183639 821358356 850021254 838361184 18252357 237165663319315182
104666240 593793671 331318763 879151330 928633772 451096470811281572
63764753 727786935 431908580 588770046 148887743 825899818279291321
702618763 257269045 958610191 642785944 375629232 685877024199145122
871154948 309966217 115077987 600509141 429615809 232947759938708040
915526457 36969752 898831649 335787353 170758339 641436025785615473
707611899 347521250 713632091 999883887 371526025 311944984273016424
371589906 515535649 4953307 255677019 713965548 365052490955615920
746154477 663265049 892441457 545629900 791197402 351970588305539523
859670813 338689068 415562047 662001097 366425898 473015358091741243
502578139 339537169 498643874 909693892 459393894 718804967066150391
855314775 470790459 631016553 188937704 544709798 423872020560135340
130262534 436446010 350350628 523243026 557574106 642900594054920057
858924167 684688779 545865736 279119712 543541905 411999965632557452
761580972 898779217 224582860 429446791 37089840 491441455085891147
540612889 394056732 985400934 765824225 353528176 799697466636554462
956077342 625786550 92064241 869362599 669751096 941370787461306955
316418823 160074276 215968212 546014573 493632967 170216614115673729
87630865 902527092 349466160 870266368 862084399 559666659889263545
960339265 753456619 607811422 742091746 62215315 462595341709895103
38538705 44377199 431033959 366736986 586165824 986899645947619311
670439528 919149102 859669459 71732635 183115924 265190559205882402
51511716 777392041 428784036 632233626 410217986 918093099110528056
42510375 256637424 550262026 388588465 546227554 285114632642908553
602951869 481534906 203779689 935601616 341375245 76103873935104230
411616334 631387717 75590378 897703331 563842715 280981802484610812
655705320 338048472 62740044 406899263 786264098 189001660987461087
77469863 914338496 538416984 705596483 416456493 354696729387559033
