81
219569670 993582745 437530044 812649394 207986392 826959586179962766
359502002 534242914 714018577 164423139 931766562 569136430909012734
267963502 820779920 393469676 580680043 728902765 623846593882492105
275545789 171259803 279744123 919507905 751556629 731550428463673694
247927611 634903732 566563493 183292807 179617705 815942170755219573
86167373 896510772 597242477 294070766 666762249 501511071123809266
10313991 192534494 14272235 362265086 875053782 776327279224190423
133412342 249933287 669029506 729823363 999994577 104360709510652740
173251802 726344328 429462521 604954754 375259697 923634637867517207
644047567 7072119 450976476 422987264 39024482 907570642044740488
124399047 49287893 43704278 49346052 193883272 758301355714930868
408976729 183384000 410961821 400651000 58741657 876787260023245101
636508898 770224657 723682726 140937362 605313823 187552327337562954
214506000 927808813 718408201 265850081 887114117 564007349746662477
341382576 803387264 188154801 547876973 836984775 848013554879907599
361729190 396006679 461896576 348379158 55104976 870510120122387980
207293125 737831004 652485659 958686010 160163437 824099705833237930
133624736 250776908 300886350 113113716 790435815 396499137386512525
42351983 878650069 83673669 95658474 357318812 788699773548930241
104366532 69393337 703533068 150680214 599423829 985436609086976960
205872414 653512860 768441250 996495044 936652421 240545198861318901
605507012 699510279 619207254 666630326 591593030 246892130220020394
719598784 615716162 728276900 125414086 548323660 323005538053862463
905108771 39816210 836296153 268210078 81187900 363977534426740493
33155089 487342130 341498683 174114952 207918981 901985891660337080
814096887 647706247 13022688 386632358 592611013 874706559566716909
732928476 18204343 461065466 709099251 962838787 294149931246927283
120164831 949317428 869292611 109593990 594093355 594500567181473943
424716111 963325518 231693627 938191504 978570624 534188807789012246
268737227 822660524 943708294 702530393 809040760 910493004486784003
92771833 129246271 300458611 909277201 151632549 344626257425767776
375628982 545531665 360909384 661958938 853422893 15979128166473639
604439214 273547863 905569574 896828794 932802390 954874430260154307
473576174 393121287 825841564 108167678 187280081 624910674243282898
846821626 527712849 787924254 252754345 581906819 726338085408560687
632223574 458786385 338227723 729461927 30551627 799538150504797546
918482158 976555973 787799551 195155915 923446418 201484542128767007
989717938 179091688 742835935 590555364 342437444 204866384208702820
649980003 16367813 15307120 972615697 344141412 522936356579628218
167268234 448944127 154255267 31950737 4008333 995025068578715629
421161116 264471748 741317870 23525104 544120689 893961806837040769
937850931 490846763 247312573 924381622 627085227 180419316606739727
354752302 475961315 191277055 602187272 607967895 395138538122425125
647487520 221762250 210593146 919753149 678378472 26443921558246809
390377135 968367958 674600808 721265619 550558278 396094185894369649
784364550 942155043 836237390 975907259 83164232 112174123157519905
324900241 827086817 202524588 235790031 493417916 107684512413494750
696305806 351828534 573440238 903370808 25165002 749956419137265438
829477765 97419080 419231172 634095240 987741322 630452026378665320
644963397 264990733 862190952 353551818 466501297 273314112210315592
956292611 566856969 176300204 692772791 427445295 546772839346833504
871804716 517464610 671979447 403998081 233942806 23497305555967832
636555605 520222920 676507450 620806150 454374702 192343318086546542
616100559 888629521 663123461 416508607 777633701 259723666120560986
755179662 10235088 58545625 588315856 409813699 857310061893759989
653565974 482613420 416081572 227207847 510982052 977300351889155627
735754890 336838043 535293790 604968399 909980180 386972612855357459
794617472 712424161 122271082 319985234 845079095 733109971298430895
299021335 309318877 63964992 593859186 942981096 374219710490795103
998875859 787200188 403892487 808060001 8339975 724918272311690395
87146864 566149692 465971188 786798423 42710341 944880988933771663
434405918 815577601 416405358 613825019 843306829 710043731383261442
993584350 610894178 119443452 722114225 8036081 494325148495166802
344309469 691042465 335995800 298910785 662167812 749631819024285928
540570630 187178845 40462773 801294557 159140585 588387869702748893
81861417 48964523 578554695 633074337 487477976 470130893639259238
499959438 549253162 293469157 894219301 76858254 875766031364604509
16367776 480826278 529734994 447223946 333959713 223973322742621177
327331393 81706902 710136722 153134545 160177448 618449285097613798
803634772 488312960 220007171 763550050 664268901 601279373871603472
716481562 904895227 818130175 50831005 638874742 94875612175968350
456174570 714250398 565341945 699461474 117249622 934238751216235446
230758420 901129957 282157601 752835236 403669963 750021262270723197
125284693 397671212 608401132 965098294 556177487 656306384816307212
298285309 10041612 969348475 152616274 662753042 965021591873172333
866947132 697108776 446410335 143451648 748493579 314580469839071039
997242006 555703346 821836363 345929638 514158003 801779676436254419
366735949 380906971 563693096 763544536 136191063 974582887853654428
638262586 27705953 340869727 105129546 121500443 715968451361030268
830371661 910366207 903981831 237779538 702392059 319421866996703225
420405403 602843416 232578531 603674352 902895224 909804143459606670
