14
239244207 505828054 134946206 91949423 702676876 172580080489330830
784034287 226904330 29514045 416184716 669155758 451652836634903073
55372358 873974037 319573178 371099935 137640675 183640227903173289
186714831 473797180 177829709 383844559 771250308 803568025683987950
507756743 868236692 416862018 8502706 124953751 199901877437396149
1715117 200193040 689260326 688692791 247336738 414927363755888529
901535521 345579874 267726405 648036016 294688568 3629119808628305
227359262 800223461 729183748 973709580 607231869 578932117728964099
679359977 820012068 511224727 248261654 407869296 851705664032297394
529842006 550066644 861758105 430787126 853910822 392372047852367592
374593661 37983514 597505320 954226334 651287014 390943140401772738
725965615 205883198 184122369 760488809 886064420 505010487397079920
129653426 78012566 538996165 162572282 644116444 899137925185395805
887841328 952208598 998300985 470510386 272820342 787674920033919982
