17
218897870 259189317 757340199 986681523 999801082 73257863308338946
877987095 244689098 534425933 37329700 101733245 632415831156375213
901051068 492201974 67578907 765839076 888387181 864786087128637053
606739694 687953365 873439833 127607159 251475224 155245358176759028
697536342 569173774 776516279 664926437 309939512 259390181328149555
509164659 786133347 928499023 988578704 384503704 362478616550628606
82875911 401782876 475458985 953445510 834616155 421143174277759205
183698908 754798247 884197372 893660271 794706037 380218581086671591
846032255 527388731 18402198 348086294 831036377 412231816386463751
288499213 386153825 105019077 544987456 580628694 474390020071824102
814270622 235314946 803582489 374058305 338122617 685835075166415901
790461965 23136209 787090901 481920181 755221106 656784058548464927
160252099 382727805 406274174 391812397 641515847 116036046627252357
402220197 787223860 452289310 805102440 668871634 709235371952272905
95329713 249840169 742904827 173432763 937023245 171729886761537492
597670047 750279114 121265696 148267452 839487552 525392997729960874
157777271 194366305 702744944 154336015 745278885 876219824512972990
