32
991667559 902842389 646506011 643372783 930132109 709563657412286449
51062335 509542585 863455358 254672356 814107150 349976984640619455
357256186 663068656 512909575 637673203 359011276 414346853740287908
680466934 536994631 648902066 254056688 77289698 920632908460901821
308631475 732630087 448371205 166064977 538121431 397843370685280597
566399384 897455602 908887856 88772407 835021366 45334784824291312
878037618 172158168 492180174 149710526 946664392 627194531972661879
550117259 686673537 610986515 509428603 798663737 284512458055721138
193766478 727145510 462668395 608623591 30885352 103004073605881236
106921334 202831238 291160262 687647652 246039990 579687142583222765
16898628 721468314 668753218 254407531 382369768 460268735746108383
309418211 123402964 480549271 879316934 283253850 396598160600348138
322883412 555105251 909965296 579207205 766295800 34725804829303015
275758265 731813099 342743066 208020498 857513797 853632587978983497
923586071 330076316 502986191 939844154 134988365 273358797728700773
361360342 175228593 51839658 44988966 171948882 518192462053404804
324521391 940751700 574321778 575620370 119399550 202839937780376505
938530406 976273123 38270514 319112158 286257529 644613618029206324
113729799 259125137 279605821 280180989 402197464 914135652178255439
206451278 871623978 207851705 63147393 379051472 101419241717021917
733504102 309188899 755055459 198362235 255503695 157369083988276784
944238620 595587712 774558314 689078982 363104408 287703575975518439
376789988 436581405 913654079 226442813 453718904 92813408627657065
625538247 779784670 167739693 428920909 685665863 258301039223579758
227803606 64834140 174876717 84055726 935757774 115460421017297310
902097837 820565588 561923664 995507686 310441627 692462296063390273
893706057 146789402 996056558 80008867 632516965 31497485705906519
88454108 984323942 775205871 664840488 64758179 687349959874416418
83274561 653008601 631914954 879165045 715191182 646450175262029136
595675022 159504903 26059855 963159908 845878514 256006524785468629
650486493 860608189 257388841 878654702 591234190 48717132715891826
397669448 994875848 902378096 452357118 757379142 599923231023477511
