442 47803 64
2627 8136 1
65 74 55
27 343 97
46 27927 65
2 85 18
5285 438337 46
74 298584 29
474 6780 34
157700 346328 19
3084 23519 19
3229 8812 16
157521 178795 80
2778 2940 66
6820 94978 42
565370 724238 74
90 112 7
4582 4724 50
9 30 71
729 16047 7
47655 400410 59
10438 34227 89
1134 74558 45
17 74029 85
88472 931403 12
12222 75116 22
3638 50676 66
41808 51646 43
2 42 98
884 255681 56
57 914 17
21 52 81
45 57 100
14 24 2
5142 6170 97
5825 582382 54
26347 62606 71
38 455 31
9378 865475 73
459 2763 97
383 802606 77
48672 49902 33
4091 89515 28
51 9304 59
460 555 16
73 79 18
15 46 56
64 74 1
29 99 75
1266 5014 60
54 26095 22
75 88 43
1942 4944 29
97 39916 91
40 65 44
554 6852 84
4842 77928 33
2570 3751 74
158 3566 6
1799 860444 37
10579 441770 60
7200 8393 27
91 3741 61
351 547 89
60 886906 49
336 517 68
173 243 94
2 908 71
2070 75269 4
686 6707 89
39 192 8
16 86 22
18764 27724 59
1320 75328 43
3619 56466 20
236 409 48
118 275 48
2 261670 13
676 1194 26
11373 22274 100
83 165698 39
2 3 47
1003 9764 86
2172 2604 80
28 42 76
1491 6531 79
181 921 45
3818 9454 65
171 625 42
60819 187659 61
224950 775912 52
45 59 86
339 706 99
911 4304 16
5508 9877 83
648 664011 24
179 8906 4
642 351053 13
348 4708 18
52371 76090 83
72 660174 6
287 393676 85
69 64866 13
753 25125 75
365 1943 33
13 3879 47
9 17 52
19 175048 42
112 217 2
1 69 2
363 975 33
17521 861206 95
52 88 36
1020 9820 94
22561 91119 87
12 558 83
976 65644 45
6788 8948 85
2 4 72
4 10 15
100 7444 62
9 581878 20
1 72 88
36182 452109 22
169 188 34
2 12 13
34 62 78
4 90564 5
55 627346 26
710 714 57
3026 8914 53
3063 9007 28
87558 712238 65
5 28533 94
2 6 79
757 851 51
66 91 43
527 96673 33
23826 73195 50
47895 92702 35
39 413 78
2 18 17
674 3933 70
6795 9972 84
3214 24695 80
44 928 31
97 2088 47
7 29 2
13 72 81
642 85659 50
31 338 76
8449 83745 100
14516 17780 26
91 319 84
4 7 45
25 70 77
162 571881 48
89 145 73
21876 22941 31
18735 790913 22
130 336 17
4569 5130 1
84 5235 51
27 37169 91
1 5 61
14 101 76
7126 869907 75
6601 98424 67
35 171 46
4069 7141 53
645 2451 99
752 344393 29
46 271 9
9 12 45
3722 27481 85
21 94 63
11 81 99
334 418 82
181 7221 65
263 2241 94
39 40 16
14 58 56
2 49 33
5891 217026 6
80 342985 77
38 438124 66
21 957 23
198 341068 48
60 531 25
97178 198598 34
1 14 26
53 9718 64
318 469 78
27 6225 52
23 66 82
2000 96045 6
626 35983 5
32 50 75
22 54958 28
635 29458 31
33 81 8
341 554 32
23 349 62
17 34 8
7 11 37
241 336 81
4 11 69
241 1957 5
71 77 19
123 617 43
588 632 100
34 99 27
25 30 45
28 426 66
71 790255 39
83 451776 31
2847 3933 74
624 397204 63
20 28 85
17956 69630 67
16 1000 10
6864 15156 50
4 8 44
5354 6045 59
15673 39634 44
97256 147823 40
936 950 81
3154 3974 85
4 79 61
19 20 2
724 249652 11
4 144 23
1012 543346 62
13 26157 22
58 4533 9
39150 51134 64
4518 5442 55
62 25670 80
7463 48083 73
19 22 1
97904 439799 55
435 4584 100
95651 178868 54
851 3166 30
31 775 81
38 41 70
450 488 41
37 99 45
9147 729098 46
67197 829934 88
6394 716693 71
48 372555 77
21 26 94
225 8713 58
21 37 27
21970 59307 47
15498 30706 24
4440 8801 67
174801 703040 50
32 39 31
37 54 59
32 625915 76
3 19 73
124238 870751 83
831 993 15
99 22289 11
725 3092 75
61 95 8
6 139 59
13 19 56
663 1092 31
733 83355 82
16 37 83
4649 8151 51
27754 958663 49
3415 22945 91
77 335 65
5962 967000 56
351 465 48
957 2964 13
2 45 3
2807 7526 9
22 28 75
21 28 69
7 22 18
61 829326 100
12 53 15
798 999 80
25 31 49
71 232 91
5594 867059 94
56 67 50
99 663 60
862 12069 10
302 624 5
71 296 82
5972 85000 97
2 7254 93
45273 978338 58
195 9730 79
81 4598 75
725 847 27
331 974 19
40 92548 76
147 181 20
886 925 85
3710 99493 6
256 731 59
2412 11112 23
77 79 95
5148 74782 79
60 714101 16
2 7 59
87 786018 50
55 294 48
606 1751 81
215 235 29
8 14 72
67 98 1
67 28431 42
547 992 24
46 4152 34
1 5 80
85 119 79
4582 20685 18
287747 691944 83
219 284 98
121950 157698 37
585 872 70
32 95 29
3 9 27
76436 99973 33
22 54 75
25 74 2
60 7640 5
49 13367 76
177 43599 64
315 696 16
13 51 68
2268 5712 62
78 223 24
9 5527 32
54 440 80
199 3710 14
1 45 45
67 463 63
62 207748 26
602220 965405 81
20 3213 8
481 555 8
11 210 70
55 589 77
2976 9470 38
366 716 83
6375 9283 62
72426 81294 10
3 7 87
924 481763 43
1029 3374 14
5050 9364 55
408 29915 42
3550 88365 16
83 176 95
536 1000 50
7578 9775 80
21350 90626 69
220 838 77
229 12194 51
6430 402262 91
12075 87832 7
43 18797 69
4658 70210 19
25 67612 19
344 4843 73
41 49 71
648 752 55
23 7739 6
95 42355 10
45 872 69
30 56 95
843 164807 18
102 792 92
84657 98611 94
3089 292424 16
8944 184436 66
11 31 24
535 801 95
144 327 93
5 77 74
21 3637 40
660835 691758 35
759 2228 78
94 1783 87
53 809 85
101 902704 29
900 412864 58
5107 954290 20
535 659211 58
2 18 90
604 242508 18
44 87 10
545364 590809 79
1415 1654 29
32174 34990 3
60705 760307 21
6289 9749 10
562 926 62
103 627 79
55 757 85
34 82 41
149 70207 66
774 242686 85
62967 70454 23
37 96 62
5791 729529 37
52 66976 89
505 176748 7
128 358 4
1 245 20
19 54 61
18 624 95
32 39 68
419 942 48
31550 65050 24
758 2747 57
8 46 55
3089 9812 12
15 73 61
6356 929941 51
135 407661 83
8 25 12
13 453528 83
77 91 48
27087 64518 98
434 158095 82
3 119 73
712 7822 66
472 758 33
35596 458230 73
257 538 66
172 203 95
54 64 64
1054 9561 30
708 339734 4
46 4107 23
12 83 69
39 543 74
84 63689 45
18 35 27
27 66 93
663 943 55
52 74 64
20 54 57
5022 8139 16
50 7656 12
93 8951 100
33488 59126 7
145278 508878 60
131 288 61
38271 579490 93
85 983 4
17915 79310 45
489 820 52
694 771 33
6 559 8
5306 35457 99
742 76635 90
36073 55406 70
89 109 55
5582 7254 26
269 430 41
23 44 60
15 35 16
61417 95234 17
606 857 1
9586 177608 72
13274 60783 78
581 843 21
9601 757605 85
1875 3902 52
45659 567140 60
96 6280 81
14 48 90
4695 37697 18
123 8017 89
622 4735 55
61 83 62
529 47884 54
717 779884 33
9 10 74
39 63 77
6696 24609 10
21 8804 84
67 561 48
25 26 45
866 1008 9
5 61 93
2022 9221 22
67 642 11
43811 269733 37
643 748 98
27 75 14
65226 99649 30
2797 340293 100
781 891 90
9401 172564 45
549 630 77
557 85136 9
47 847 56
26 761 96
348 913 66
12 99 40
7984 568899 96
9049 69512 65
31631 36263 45
45483 54861 96
1 3 43
17 57 70
274 436 36
35 47 32
3 59 89
18 71 82
14 22 20
2933 6581 61
73014 719156 77
6433 9003 71
24 57 11
72 468 97
2710 96632 67
97 87697 96
264 956 61
28423 47621 36
14 10006 30
41 73239 2
1980 632166 41
933 968 52
834 4122 98
69 44486 28
94029 99148 46
10 38 70
85 773 59
432 883 66
3 57 82
7 10 86
12 1794 17
629 95587 38
52 88 86
813 219023 25
3 79496 3
339 386 83
465 723 47
55 97 11
72 51088 44
21298 45755 27
10743 317908 87
19290 58129 40
6284 496385 23
6 15 96
483 49979 38
698 30762 53
19 23 55
1577 8126 72
354 853 84
5375 558686 56
55 76 16
5321 7712 57
31 51 55
11 3735 86
12 803 59
1012 8133 1
351 815983 47
7 98 33
713 3798 54
33 81 25
98522 102696 49
531 556 35
33 51 11
24 707 44
5 38 42
1359 41043 22
1906 2989 57
88 956 69
237 8929 92
633 8824 76
247 65393 39
25123 61311 17
196 802 49
41 751 12
57735 60361 23
18 1734 61
32248 37967 87
304 978 40
35 635725 93
203 264 13
771 81759 39
94 530 13
93 792314 71
39 44 11
42 57 74
1618 1675 40
81210 96039 36
777 1241 86
62 18926 74
2361 9776 81
178 4562 31
748 22352 22
50 5521 87
4516 9953 2
19 82 67
5 5561 17
535 977 54
7487 8528 82
94 20700 47
23 76126 62
8 10 60
726 2140 64
2025 6247 30
29101 64490 78
2020 3846 79
223 440 35
8 32 17
3900 6868 57
30 92 13
3 44 41
708 6120 30
847 883 22
661 958 89
4104 913038 57
7169 52448 12
16 65 81
244 283 8
3 27 49
210 932 69
174 348 46
739 838 76
41196 672133 95
5236 36129 68
85 4691 67
73 284 67
395 432 7
43 48 24
5105 7068 100
74742 827555 72
8 91 13
34 8609 70
2234 3388 63
65827 915744 9
2802 9245 74
97 863238 88
65057 757038 54
89 9924 95
4 799729 24
44 146 6
244 644 87
223 264 75
362 720135 35
81 651 20
250 490 55
446 562 98
47 67 3
61 378 71
10 6791 31
904 86667 36
2 42 22
95 274710 8
5 13 6
295 670 93
21 953 47
28 34 63
93 154 21
24 37 40
2374 3820 59
495 637 77
16 80 95
35 66977 69
753 861 71
5 10 65
95 47852 84
542 2008 1
10676 16308 1
3 298 91
736 3016 72
87 95 45
8365 9049 31
1045 889588 80
165 506 34
437 694 10
114496 878197 57
2947 4184 29
7456 93404 31
9 41 55
899 883786 46
54127 82915 15
266 781 66
5815 7142 94
224957 252426 71
33368 66151 48
9668 279466 66
360 851 92
16 76 45
95 78687 13
319 57362 93
3 53 97
12260 25335 47
3 30 56
992 9983 22
109 787 55
5492 9941 23
54 496 57
85 90 37
8259 31933 21
75 672785 1
99 4613 78
2505 2529 39
1088 5011 91
370 951 38
7 455 52
5 12 2
77 102 26
25 2849 38
62 52230 91
72 8421 89
889 732809 31
1835 2771 71
34 735322 37
8022 844404 2
538 856 18
13861 798782 63
3480 3580 72
90189 257185 43
200 238 58
74 131 92
145 805 26
91 541 40
387 523 27
53086 525142 11
857 159664 17
2671 4189 18
3044 26211 41
65 93 44
817 37126 95
5 55 26
32 843133 55
47 302 3
70 303 25
7464 60145 48
740 96175 26
564 820 1
1529 2547 17
65 86 82
60 3392 91
237 953487 76
60 81 53
35 14824 58
19 47 12
137 549 37
90 7254 22
7 78 21
5128 9734 43
26 32 88
7 30 99
209 733 12
4090 59162 77
51019 244042 79
6138 7998 2
292 7669 95
1942 55527 82
19 25 36
1932 8797 80
39 46 7
37 429 25
1 3 37
10 406998 4
47 91 56
56 84 96
1454 2349 45
6 12 69
679 8646 47
57 453343 59
25853 543355 15
737 848024 95
22911 90102 16
85484 93234 4
3632 22213 46
889 898 21
5479 877044 55
33 54 58
4927 60312 89
472031 858076 39
4414 652778 80
19 7282 22
28 366 50
76 73967 66
238 572 94
3804 6417 73
7110 79363 61
747 159935 84
557 51819 3
207 286 75
237 391 21
23 78105 79
48 90 41
3134 8356 14
123 356 29
1 2 70
29 34 54
539 769 27
9625 361612 76
5696 13320 87
2236 3889 19
874 3825 99
2632 8100 92
20 58 14
93 4891 19
798 458225 45
169 539 64
6989 7671 46
18877 49490 88
788 6937 86
131 620 7
269785 679621 7
558 2788 94
6920 62108 40
593 264851 15
28 35 10
11 50 72
22 746 4
77941 298023 70
1456 81445 80
9 13 60
9819 42234 12
97 1105 40
11 44 74
32 44 74
-1
